# size duration
2.150000000000000000e+01 1.821961956526898962e+00
4.500000000000000000e+00 3.116003434551206652e-02
6.500000000000000000e+00 5.114045966567992707e-02
2.050000000000000000e+01 2.215125339895588130e+00
2.500000000000000000e+00 1.050446630019186145e-02
3.500000000000000000e+00 1.476787901231624289e-02
6.000000000000000000e+00 4.892273364037391659e-02
2.400000000000000000e+01 4.165470145436396265e-01
1.450000000000000000e+01 4.781706526091289433e-01
4.500000000000000000e+00 2.178176260485908955e-02
8.000000000000000000e+00 9.378438734139304955e-02
3.300000000000000000e+01 1.624939326135015571e+00
3.500000000000000000e+00 1.992351145150728087e-02
1.150000000000000000e+01 1.112092968200415477e-01
4.500000000000000000e+00 2.103293022517016553e-02
4.000000000000000000e+00 2.021136512341792368e-02
2.000000000000000000e+00 8.831832213531676246e-03
3.000000000000000000e+00 1.590104963229865831e-02
2.250000000000000000e+01 5.852125722427010679e-01
1.450000000000000000e+01 1.658956335217103284e-01
1.050000000000000000e+02 4.137838611035748571e+00
2.500000000000000000e+00 1.093425791088614707e-02
2.000000000000000000e+00 8.393069949459985857e-03
9.500000000000000000e+00 1.340103075079681627e-01
1.500000000000000000e+00 5.731998731808851666e-03
2.500000000000000000e+00 1.014274450881946787e-02
7.000000000000000000e+00 4.970348914549832520e-02
4.000000000000000000e+00 2.514476637084411825e-02
1.000000000000000000e+00 3.694838107832776330e-03
1.050000000000000000e+01 1.412927814857343756e-01
2.500000000000000000e+00 9.518120084759718047e-03
2.100000000000000000e+01 4.428718189918128822e-01
7.000000000000000000e+00 6.147149543046226405e-02
7.500000000000000000e+00 3.172366201101817218e-02
2.000000000000000000e+00 7.570699622258647565e-03
3.000000000000000000e+00 1.391482029244628382e-02
4.500000000000000000e+00 2.294008238648981290e-02
4.000000000000000000e+00 2.050818079428085028e-02
1.000000000000000000e+00 3.562283141050670565e-03
7.000000000000000000e+00 6.116816110681067009e-02
1.800000000000000000e+01 1.929021280300959873e-01
1.300000000000000000e+01 2.973572120715708422e-01
2.500000000000000000e+00 1.112686776519611342e-02
5.000000000000000000e-01 1.812792451638456370e-03
1.550000000000000000e+01 2.228403975154038541e-01
1.200000000000000000e+01 1.915165114317003425e-01
3.000000000000000000e+00 1.433673210207664361e-02
8.000000000000000000e+00 5.160922469687179159e-02
3.000000000000000000e+01 3.345531814531854664e-01
1.600000000000000000e+01 5.068428921418479671e-01
6.000000000000000000e+00 4.714208297187783003e-02
4.000000000000000000e+00 2.063369222007338522e-02
8.000000000000000000e+00 6.048710323372397113e-02
2.600000000000000000e+01 8.868592218227764334e-01
1.450000000000000000e+01 3.259223742322028272e-01
6.500000000000000000e+00 2.942106599940030875e-02
2.500000000000000000e+01 4.368907343539024879e+00
1.000000000000000000e+01 6.502922868721894289e-02
2.100000000000000000e+01 2.247049148760038584e-01
2.550000000000000000e+01 4.626634165095784290e+00
1.000000000000000000e+01 1.923600070029602982e-01
7.000000000000000000e+00 4.622637642348248477e-02
5.000000000000000000e+00 3.944676579252037740e-02
5.000000000000000000e+00 3.235536043995312916e-02
5.500000000000000000e+00 2.745043499161647915e-02
5.000000000000000000e-01 1.776915141381785190e-03
3.000000000000000000e+00 1.412243252297984419e-02
8.000000000000000000e+00 7.239507159235025746e-02
1.400000000000000000e+01 1.161982601453326325e-01
6.000000000000000000e+00 4.331411949489472057e-02
2.000000000000000000e+00 7.987676734515947174e-03
1.800000000000000000e+01 2.260389433080203236e-01
5.500000000000000000e+00 2.815570408468492936e-02
2.000000000000000000e+00 8.218316381222834366e-03
1.000000000000000000e+00 3.654705515293787954e-03
1.500000000000000000e+00 5.549453329570797067e-03
1.900000000000000000e+01 4.686680670639631341e-01
2.500000000000000000e+00 9.988365332383786210e-03
1.100000000000000000e+01 1.046754003497860630e-01
3.850000000000000000e+01 9.695773922233283937e-01
8.500000000000000000e+00 9.600457486450197919e-02
7.000000000000000000e+00 4.465115806864683456e-02
1.100000000000000000e+01 1.320918003786384354e-01
9.000000000000000000e+00 5.986827766282898367e-02
4.000000000000000000e+00 2.007462750681998642e-02
2.000000000000000000e+00 7.804830481123792296e-03
7.000000000000000000e+00 4.143093517702811646e-02
1.000000000000000000e+00 3.659943349124450407e-03
4.000000000000000000e+00 1.711682935393032956e-02
5.500000000000000000e+00 3.235721127634527683e-02
6.500000000000000000e+00 3.829877391046032642e-02
9.500000000000000000e+00 6.916853714083570637e-02
8.500000000000000000e+00 9.363821129304961133e-02
2.500000000000000000e+00 8.947772385212271473e-03
4.000000000000000000e+00 1.845013979019638484e-02
7.000000000000000000e+00 8.069079030802850383e-02
4.500000000000000000e+00 2.053993761182537625e-02
9.500000000000000000e+00 7.916983521254294942e-02
5.500000000000000000e+00 4.569090406335973853e-02
9.500000000000000000e+00 5.365611661053870662e-02
6.450000000000000000e+01 4.394154169568015078e+00
1.500000000000000000e+00 5.891815142763379143e-03
3.000000000000000000e+00 1.320117914501484080e-02
6.000000000000000000e+00 3.308445759565525890e-02
7.500000000000000000e+00 6.331156755033440220e-02
5.500000000000000000e+00 3.741408139019242185e-02
2.500000000000000000e+00 1.066346679421226185e-02
4.000000000000000000e+00 2.397669258104695444e-02
5.000000000000000000e+00 2.521702278399828856e-02
7.300000000000000000e+01 4.663802934303094005e+00
5.500000000000000000e+00 4.069059378023398565e-02
9.000000000000000000e+00 8.087114171263642959e-02
2.500000000000000000e+00 1.073595897846724156e-02
6.000000000000000000e+00 3.061626169005604581e-02
2.000000000000000000e+00 7.943583503077000785e-03
2.500000000000000000e+00 1.029633097996951463e-02
2.000000000000000000e+00 7.580950979582556926e-03
1.250000000000000000e+01 1.799387597258577109e-01
4.000000000000000000e+00 1.592907928819631280e-02
2.500000000000000000e+00 1.002738287543714080e-02
2.500000000000000000e+00 1.086683194163251542e-02
4.000000000000000000e+00 2.046468778070442696e-02
1.150000000000000000e+01 9.971134064666209440e-02
8.000000000000000000e+00 7.404542113501522138e-02
5.000000000000000000e+00 2.989474717780282731e-02
7.000000000000000000e+00 8.207285313477363786e-02
8.000000000000000000e+00 8.812969638832157671e-02
8.500000000000000000e+00 4.981982113825234038e-02
2.000000000000000000e+00 7.898305032911778767e-03
1.500000000000000000e+00 5.544909800838215830e-03
2.500000000000000000e+00 1.064407312817117202e-02
5.000000000000000000e+00 2.851419373963359760e-02
1.000000000000000000e+00 3.666741545362839361e-03
2.200000000000000000e+01 4.006294751445984126e+00
1.000000000000000000e+00 3.736705122799000023e-03
4.000000000000000000e+00 1.910093106604504598e-02
7.500000000000000000e+00 6.955012038046248790e-02
5.000000000000000000e+00 1.909992251257053297e-02
4.500000000000000000e+00 2.799316957654962579e-02
5.500000000000000000e+00 3.322603623943853890e-02
8.000000000000000000e+00 8.433538055180678228e-02
1.000000000000000000e+01 1.073031295923994044e-01
3.500000000000000000e+00 1.550129454804771711e-02
3.000000000000000000e+00 1.232427900712140811e-02
2.000000000000000000e+00 7.863413802524199525e-03
1.100000000000000000e+01 9.236149204323496065e-02
1.050000000000000000e+01 1.743483253095234886e-01
4.950000000000000000e+01 1.654530181264468602e+00
4.000000000000000000e+00 2.107929216280446383e-02
2.000000000000000000e+00 8.006499930338417670e-03
5.500000000000000000e+00 5.040001301588370453e-02
5.000000000000000000e+01 2.969803516828639189e+00
5.000000000000000000e-01 1.805422319018479271e-03
6.000000000000000000e+00 3.679734956018454461e-02
1.500000000000000000e+00 5.537992218280773926e-03
4.000000000000000000e+00 2.191329835689592720e-02
3.000000000000000000e+00 1.227890574800993839e-02
1.050000000000000000e+01 9.181675013933032758e-02
2.500000000000000000e+00 9.987987799054076632e-03
2.500000000000000000e+00 1.080955809472139428e-02
4.000000000000000000e+00 1.768784013342483696e-02
1.500000000000000000e+00 5.472748545447325697e-03
2.000000000000000000e+00 7.564955497576741905e-03
5.000000000000000000e+00 3.326371498291469386e-02
6.000000000000000000e+00 4.581521841813751550e-02
2.000000000000000000e+00 8.658611949644345884e-03
2.050000000000000000e+01 4.130171482319999754e-01
7.000000000000000000e+00 5.796139771786901207e-02
2.200000000000000000e+01 2.194562431369075917e-01
1.150000000000000000e+01 8.272064309210702682e-02
3.000000000000000000e+00 1.284210012519304556e-02
1.650000000000000000e+01 2.943362154155326760e-01
4.450000000000000000e+01 3.806939891875255721e+00
2.000000000000000000e+00 8.120693343003360098e-03
5.000000000000000000e+00 2.420977379762370707e-02
2.500000000000000000e+00 1.250320709974417355e-02
4.000000000000000000e+00 2.072917809422847313e-02
1.500000000000000000e+00 5.693717920395968690e-03
3.500000000000000000e+00 1.631768914113562730e-02
5.000000000000000000e-01 1.797792820696031413e-03
3.500000000000000000e+00 1.578536718222656177e-02
4.000000000000000000e+00 1.733982193405037009e-02
2.500000000000000000e+00 1.053202077237802570e-02
3.500000000000000000e+00 2.023117661777451559e-02
6.000000000000000000e+00 3.878103124581722128e-02
3.500000000000000000e+00 1.576931657979541157e-02
1.350000000000000000e+01 1.310820835362926928e-01
3.000000000000000000e+00 1.172923197535880036e-02
2.000000000000000000e+00 7.550717555318442464e-03
3.500000000000000000e+00 1.948991934030352979e-02
2.000000000000000000e+01 1.566376933425863704e-01
6.000000000000000000e+00 3.301465547224990971e-02
7.000000000000000000e+00 5.864099781769871456e-02
2.500000000000000000e+00 1.199198469376705489e-02
1.650000000000000000e+01 1.834195369469315828e-01
7.000000000000000000e+00 5.659731727051875438e-02
8.000000000000000000e+00 9.334838015278279499e-02
7.500000000000000000e+00 7.839856723211369172e-02
2.750000000000000000e+01 7.246311923990913506e-01
2.800000000000000000e+01 1.445327951750094098e+00
4.000000000000000000e+00 2.040596865342125810e-02
4.000000000000000000e+00 2.452331127910767350e-02
2.500000000000000000e+00 9.776202284818680255e-03
6.500000000000000000e+00 5.962338235994923963e-02
4.500000000000000000e+00 2.359399291887287475e-02
3.000000000000000000e+00 1.279730521315070035e-02
4.500000000000000000e+00 1.823071053811764486e-02
3.900000000000000000e+01 2.205954307323190200e+00
1.150000000000000000e+01 1.532140253077218794e-01
6.000000000000000000e+00 3.265641777758232500e-02
4.000000000000000000e+00 1.727646752370604055e-02
2.500000000000000000e+00 1.046126235661382076e-02
4.000000000000000000e+00 2.335401748577914383e-02
8.500000000000000000e+00 6.484543856747237989e-02
5.500000000000000000e+00 3.406597156713608854e-02
2.000000000000000000e+00 7.234541195686894355e-03
6.500000000000000000e+00 4.648041476776154646e-02
4.000000000000000000e+00 1.979491234420804879e-02
1.000000000000000000e+00 3.616969330673125427e-03
6.500000000000000000e+00 4.513479858909863474e-02
5.500000000000000000e+00 3.448874306613736174e-02
4.000000000000000000e+00 1.876695547545748077e-02
5.500000000000000000e+00 3.703698188659965140e-02
9.500000000000000000e+00 6.768641565277166983e-02
2.050000000000000000e+01 2.787098794106621646e-01
5.500000000000000000e+00 3.455428703725638151e-02
5.000000000000000000e+00 2.665894789740375082e-02
1.000000000000000000e+01 1.054273019413392021e-01
7.500000000000000000e+01 3.098502410481181357e+00
5.500000000000000000e+00 3.838881238661184803e-02
2.500000000000000000e+00 1.016205446575818572e-02
2.150000000000000000e+01 4.716639529258941921e-01
