# size duration
6.000000000000000000e+00 3.399209539544837178e+00
2.000000000000000000e+00 3.602932322916085894e-03
2.000000000000000000e+00 2.508589349327339235e-02
4.000000000000000000e+00 2.072248964943268490e-02
4.000000000000000000e+00 4.180633140235223699e-02
2.000000000000000000e+00 3.665942713963143973e-03
2.000000000000000000e+00 1.586812508210866390e-02
2.000000000000000000e+00 5.861195665367580077e-03
2.000000000000000000e+00 4.464568508222521714e-03
4.000000000000000000e+00 1.147699015942915679e-02
2.000000000000000000e+00 3.443514611558562422e-03
4.000000000000000000e+00 2.443023182582382269e-02
2.000000000000000000e+00 2.424575425205377499e-02
2.000000000000000000e+00 1.691556189641563179e-03
2.000000000000000000e+00 5.633621805980482122e-04
8.000000000000000000e+00 1.307387878888390809e-01
2.000000000000000000e+00 6.121138135709802697e-03
2.000000000000000000e+00 1.996889993396422369e-03
2.000000000000000000e+00 6.138288070396846763e-03
4.000000000000000000e+00 3.715401098556769810e-02
6.000000000000000000e+00 5.851293378478006346e-02
4.000000000000000000e+00 5.832697896660343773e-02
4.000000000000000000e+00 2.260678109227365340e-02
2.000000000000000000e+00 6.329581261698358219e-03
4.000000000000000000e+00 2.839533155849105484e-02
4.000000000000000000e+00 5.597762359212943295e-03
2.000000000000000000e+00 9.523461586675718848e-03
4.000000000000000000e+00 1.650996093571732715e-02
4.000000000000000000e+00 3.192853360807212937e-03
2.000000000000000000e+00 2.190748693573496553e-04
2.000000000000000000e+00 1.526037969108351433e-02
6.000000000000000000e+00 3.828204970798321227e-02
4.000000000000000000e+00 2.409146565687958486e-02
4.000000000000000000e+00 1.445762491409219308e-02
2.000000000000000000e+00 1.216003844321988936e-02
4.000000000000000000e+00 9.133457334864747423e-02
4.000000000000000000e+00 2.721956063355612798e-02
4.000000000000000000e+00 2.956474469396219718e-02
4.000000000000000000e+00 4.923417371638105777e-02
2.000000000000000000e+00 2.570717056842752868e-03
4.000000000000000000e+00 1.847634211623905287e-02
4.000000000000000000e+00 2.148275624555040508e-02
2.000000000000000000e+00 5.959522480641687991e-03
4.000000000000000000e+00 2.526458879210213837e-02
4.000000000000000000e+00 1.868745576480002057e-02
8.000000000000000000e+00 8.182595259297542611e-02
2.000000000000000000e+00 2.294998618900745413e-02
2.000000000000000000e+00 1.766963768677332070e-02
4.000000000000000000e+00 2.481646655449587513e-02
4.000000000000000000e+00 2.606334685253219874e-02
6.000000000000000000e+00 3.360315394458623928e-02
2.000000000000000000e+00 1.499108239015889410e-02
2.000000000000000000e+00 1.797787103241077489e-03
4.000000000000000000e+00 2.388012901092295692e-02
8.000000000000000000e+00 9.756724043448716799e-02
6.000000000000000000e+00 6.748726959122564040e-02
2.000000000000000000e+00 1.612334629900402660e-02
2.000000000000000000e+01 4.407092394719860806e+00
8.000000000000000000e+00 1.107801112046207237e-01
2.000000000000000000e+00 1.047085372528577807e-02
8.000000000000000000e+00 5.538419252149928695e-02
2.000000000000000000e+00 1.054148655149056424e-02
2.000000000000000000e+00 3.301072045521635800e-02
4.000000000000000000e+00 6.728275265057170884e-02
1.800000000000000000e+01 9.303694973122723866e+00
2.000000000000000000e+00 9.740691282377422766e-03
6.000000000000000000e+00 3.556638830598988221e-01
2.000000000000000000e+00 1.750349862452260652e-02
2.000000000000000000e+00 3.401937849863756469e-03
1.600000000000000000e+01 1.240532991606899671e+00
2.000000000000000000e+00 1.843155765041748495e-02
6.000000000000000000e+00 4.541947596209139348e-02
4.000000000000000000e+00 5.596256940095445387e-02
4.000000000000000000e+00 3.541653350095730346e-02
4.000000000000000000e+00 4.916850394790905909e-02
2.000000000000000000e+00 2.628798066315862769e-02
4.000000000000000000e+00 2.835019231490409908e-02
2.000000000000000000e+00 3.857741262250247161e-03
2.000000000000000000e+00 7.566154314266437808e-03
2.000000000000000000e+00 1.204383451736479316e-02
2.000000000000000000e+00 1.234395516562791784e-02
2.000000000000000000e+00 4.320851358222022043e-03
2.000000000000000000e+00 3.281850567482536007e-03
4.000000000000000000e+00 2.687201455095511449e-02
4.000000000000000000e+00 6.160192298367972441e-02
2.000000000000000000e+00 1.075265944035308507e-02
4.000000000000000000e+00 1.124922059558208787e-02
1.000000000000000000e+01 8.686815506646050622e-02
8.000000000000000000e+00 2.456295785464619463e-01
4.000000000000000000e+00 9.396443916751451297e-02
2.000000000000000000e+00 7.350113485322662399e-03
1.000000000000000000e+01 7.366272554105601778e-01
4.000000000000000000e+00 7.150478619231037669e-02
6.000000000000000000e+00 6.014838896008711799e-02
1.400000000000000000e+01 2.841163134526311307e+00
8.000000000000000000e+00 1.309595673212429201e-01
6.000000000000000000e+00 1.020830097649962909e-01
4.000000000000000000e+00 1.019368633602699692e-01
6.000000000000000000e+00 2.164646920256398932e-01
6.000000000000000000e+00 1.202530913680073255e-01
6.000000000000000000e+00 7.722882749714354844e-02
4.000000000000000000e+00 1.934989466054348739e-02
6.000000000000000000e+00 6.760926376096376700e-02
2.000000000000000000e+00 6.725593169905952351e-03
1.600000000000000000e+01 2.397572237841535170e+00
4.000000000000000000e+00 2.902575168325127741e-02
4.000000000000000000e+00 1.557045656774702636e-02
1.600000000000000000e+01 1.327807189620445527e+00
4.000000000000000000e+00 8.332917718448795696e-03
4.000000000000000000e+00 4.465761350254471296e-02
6.000000000000000000e+00 6.913043379032646207e-02
6.000000000000000000e+00 1.057585682938453342e-01
4.000000000000000000e+00 9.839565424021579076e-02
2.000000000000000000e+00 1.401469079163164544e-02
8.000000000000000000e+00 5.904434105162177371e-01
4.000000000000000000e+00 3.349765872753840412e-02
6.000000000000000000e+00 1.439242941722771452e-01
4.000000000000000000e+00 1.715642845511289316e-02
4.000000000000000000e+00 1.732016975890560140e-02
4.000000000000000000e+00 3.293436820744122251e-02
8.000000000000000000e+00 3.873886965395934023e-01
1.200000000000000000e+01 4.950671810829665453e-01
8.000000000000000000e+00 6.928767604178081019e-01
8.000000000000000000e+00 6.440063128874284892e-02
2.000000000000000000e+00 5.634704783228805525e-03
2.000000000000000000e+00 2.021010583918236847e-03
4.000000000000000000e+00 1.612816362248525870e-02
4.000000000000000000e+00 1.086981116732022024e-02
4.000000000000000000e+00 1.867451293076216601e-02
4.000000000000000000e+00 2.931131334171910297e-02
4.000000000000000000e+00 1.007287603436850532e-01
2.000000000000000000e+00 3.991846322604075681e-05
6.000000000000000000e+00 3.698754183072594515e-02
4.000000000000000000e+00 2.422983593376892841e-02
4.000000000000000000e+00 2.455310803593713231e-02
6.000000000000000000e+00 1.761938033807028958e-01
4.000000000000000000e+00 2.374235554544412707e-02
6.000000000000000000e+00 1.202176896128395178e-01
2.000000000000000000e+00 1.031654551896288297e-02
6.000000000000000000e+00 3.565152642657620774e-02
4.000000000000000000e+00 2.446497885331355704e-02
4.000000000000000000e+00 6.280121420357120954e-02
4.000000000000000000e+00 2.548924826578868874e-03
6.000000000000000000e+00 4.084841589640664239e-02
6.000000000000000000e+00 1.188883662295334709e-01
4.000000000000000000e+00 7.371025865674463162e-02
6.000000000000000000e+00 7.367890452058833972e-02
6.000000000000000000e+00 1.387108280464315335e-01
2.000000000000000000e+00 1.047662461310006066e-02
1.400000000000000000e+01 6.392323265810873067e-01
4.000000000000000000e+00 3.360568100874727904e-02
6.000000000000000000e+00 1.046082230276268454e-01
8.000000000000000000e+00 9.222135841156520186e-02
2.000000000000000000e+00 2.946721173040067754e-03
2.000000000000000000e+00 1.366630559163972691e-03
6.000000000000000000e+00 2.758890311570105780e-02
6.000000000000000000e+00 4.607997317093648348e-02
8.000000000000000000e+00 1.132917146278691334e-01
4.000000000000000000e+00 4.853450700987682609e-02
6.000000000000000000e+00 1.179771745639079938e-01
1.600000000000000000e+01 7.252458081747029439e+00
6.000000000000000000e+00 1.652835754927459710e-01
6.000000000000000000e+00 5.120616939920075161e-02
6.000000000000000000e+00 6.435473509201083964e-02
4.000000000000000000e+00 2.759092777493044046e-02
8.000000000000000000e+00 1.325181585109564963e-01
6.000000000000000000e+00 1.064811138881271990e-01
4.000000000000000000e+00 2.692450147124048065e-02
6.000000000000000000e+00 4.762291632239223915e-02
2.000000000000000000e+00 5.846536035368110618e-03
6.000000000000000000e+00 6.671219589885124535e-02
4.000000000000000000e+00 1.364767911678992363e-01
8.000000000000000000e+00 1.561464959982443723e-01
2.000000000000000000e+00 2.412261083897515590e-02
4.000000000000000000e+00 9.708109150545451982e-02
2.000000000000000000e+00 8.010266351625716652e-04
2.000000000000000000e+00 1.583310823887651431e-02
4.000000000000000000e+00 8.314167318262977169e-02
6.000000000000000000e+00 1.644584653607332747e-01
6.000000000000000000e+00 1.675481537323428860e-01
4.000000000000000000e+00 6.398349835861072421e-02
1.200000000000000000e+01 6.895972554201355020e-01
2.000000000000000000e+00 8.312953379118859232e-03
4.000000000000000000e+00 3.825097839843749625e-02
2.000000000000000000e+00 2.359709458146275196e-02
1.600000000000000000e+01 5.980118628117551793e+00
2.000000000000000000e+00 1.360159646259795352e-04
6.000000000000000000e+00 7.563845254429812925e-02
4.000000000000000000e+00 4.000020387867753158e-02
4.000000000000000000e+00 5.031548415480369130e-02
4.000000000000000000e+00 7.835612887368359480e-02
4.000000000000000000e+00 4.365300004519712118e-02
6.000000000000000000e+00 1.049897885669905939e-01
2.000000000000000000e+00 8.056302484549249243e-04
2.000000000000000000e+00 4.104215661828858330e-02
6.000000000000000000e+00 8.759582497770690424e-02
2.000000000000000000e+00 9.528693865963777654e-03
2.000000000000000000e+00 3.421819168972950465e-02
2.000000000000000000e+00 5.574748434763687754e-03
6.000000000000000000e+00 6.922946192306334012e-02
4.000000000000000000e+00 1.598791730129089927e-02
2.000000000000000000e+00 1.374018962586553982e-02
4.000000000000000000e+00 1.119444988478162095e-01
4.000000000000000000e+00 2.050787134844056503e-02
4.000000000000000000e+00 3.131687253688775208e-02
2.000000000000000000e+00 1.700860589080521734e-02
4.000000000000000000e+00 8.218805951451235714e-02
8.000000000000000000e+00 8.191675201400872020e-02
6.000000000000000000e+00 8.860911117442671348e-02
6.000000000000000000e+00 1.664007939148157700e-01
1.200000000000000000e+01 3.011271687257759400e-01
4.000000000000000000e+00 5.236023006679846326e-02
4.000000000000000000e+00 8.269359645903406886e-02
4.000000000000000000e+00 1.478459535586917895e-02
2.000000000000000000e+00 1.744104157449188897e-02
2.000000000000000000e+00 1.453279782238547924e-02
1.000000000000000000e+01 1.184897775673654508e-01
4.000000000000000000e+00 2.307976307957337880e-02
2.000000000000000000e+00 3.808797711917666362e-03
4.000000000000000000e+00 1.100295652331362284e-02
1.000000000000000000e+01 6.269866407595303670e-02
4.000000000000000000e+00 3.870582237044839502e-03
8.000000000000000000e+00 8.159370247359154504e-02
2.000000000000000000e+00 3.235478978048611509e-02
4.000000000000000000e+00 1.435146671539766494e-02
2.000000000000000000e+00 2.165494607218043654e-04
6.000000000000000000e+00 7.682426615848103602e-02
4.000000000000000000e+00 7.527655830183643815e-02
1.200000000000000000e+01 9.369654911057327951e-01
2.000000000000000000e+00 7.820983437780704151e-04
8.000000000000000000e+00 1.282522615103258712e-01
2.000000000000000000e+00 1.828889995911575639e-03
4.000000000000000000e+00 1.028394671119057247e-01
4.000000000000000000e+00 9.055604465702726813e-02
4.000000000000000000e+00 8.516659011781335664e-02
6.000000000000000000e+00 1.093176258365380349e-01
4.000000000000000000e+00 2.500876208897562236e-02
4.000000000000000000e+00 3.810724948572996595e-02
4.000000000000000000e+00 1.723576175895891183e-02
4.000000000000000000e+00 3.791533787185930038e-02
2.000000000000000000e+00 2.536853852144638211e-03
4.000000000000000000e+00 5.669560033898157769e-02
1.000000000000000000e+01 3.951809243315107523e-02
4.000000000000000000e+00 2.041609612938888318e-02
1.000000000000000000e+01 2.042933346793063265e-02
6.000000000000000000e+00 6.737786012786983747e-02
2.000000000000000000e+00 3.025214209961823997e-03
2.000000000000000000e+00 3.485235829116639650e-03
1.000000000000000000e+01 2.883433225296056612e+00
6.000000000000000000e+00 1.008155261212657638e-01
1.000000000000000000e+01 1.591961456605022196e-01
4.000000000000000000e+00 1.079268350302167168e-01
2.000000000000000000e+00 1.012710838525521240e-02
4.000000000000000000e+00 1.144398382048583684e-02
4.000000000000000000e+00 8.027610445648303283e-02
6.000000000000000000e+00 8.824263280628441564e-02
6.000000000000000000e+00 1.609066142068060756e-01
1.000000000000000000e+01 1.860848198710147727e-01
8.000000000000000000e+00 1.202313528825866840e-01
2.000000000000000000e+00 4.608567639068361643e-03
2.000000000000000000e+00 1.568310265352934607e-02
4.000000000000000000e+00 3.435463809158845194e-02
1.400000000000000000e+01 3.002825651048623534e+00
1.200000000000000000e+01 3.235343551299052489e-01
8.000000000000000000e+00 1.589566065536340833e-01
6.000000000000000000e+00 1.778731866834393216e-02
4.000000000000000000e+00 9.653796033468164950e-03
6.000000000000000000e+00 8.389462174922046600e-02
4.000000000000000000e+00 4.136115396915740483e-02
4.000000000000000000e+00 2.201570713284550784e-02
2.000000000000000000e+00 7.624917163790545516e-03
1.000000000000000000e+01 2.186586579755025461e-01
6.000000000000000000e+00 4.701979836603031870e-02
6.000000000000000000e+00 2.266525367810046099e-02
2.000000000000000000e+00 1.929588763329714851e-03
4.000000000000000000e+00 4.767157274106703646e-02
4.000000000000000000e+00 1.297535914939897950e-01
6.000000000000000000e+00 7.423543872012938749e-02
4.000000000000000000e+00 1.069956224902313124e-02
2.000000000000000000e+00 1.567180733703654738e-03
2.000000000000000000e+00 9.421005943178961672e-03
6.000000000000000000e+00 3.668495853582598443e-02
4.000000000000000000e+00 3.596531195168894968e-02
4.000000000000000000e+00 4.747704650686745964e-02
4.000000000000000000e+00 7.042253194257641624e-02
2.000000000000000000e+00 1.710930883791172974e-02
4.000000000000000000e+00 8.154925880051067111e-03
4.000000000000000000e+00 3.189427974631930951e-02
6.000000000000000000e+00 2.130315491960033114e-02
4.000000000000000000e+00 4.625856631245950368e-02
2.000000000000000000e+00 1.211290613881033096e-03
4.000000000000000000e+00 2.450857713223308920e-02
6.000000000000000000e+00 1.160149784114810068e-01
8.000000000000000000e+00 5.151729505298474621e-02
1.600000000000000000e+01 4.571953411524753541e+00
4.000000000000000000e+00 1.065137798581716755e-01
2.000000000000000000e+00 1.498187098859693478e-02
2.000000000000000000e+00 2.992040490918013163e-02
4.000000000000000000e+00 4.823292143639723584e-02
1.000000000000000000e+01 7.944580784774601945e-02
4.000000000000000000e+00 4.625728865557054981e-02
1.000000000000000000e+01 1.235479715515099830e-01
2.000000000000000000e+00 2.385663943884841487e-03
6.000000000000000000e+00 1.182742314069824552e-01
6.000000000000000000e+00 1.309897445938998928e-01
6.000000000000000000e+00 7.288549193939797277e-02
2.000000000000000000e+00 2.595356671969883955e-02
2.000000000000000000e+00 2.942005123454549675e-03
2.000000000000000000e+00 8.467003400647321598e-05
1.600000000000000000e+01 7.392704691412765872e-01
1.000000000000000000e+01 5.053771139414688918e-01
6.000000000000000000e+00 1.170728371902185483e-01
2.000000000000000000e+00 2.913382213079329652e-02
2.000000000000000000e+00 7.706926049525497646e-03
2.000000000000000000e+00 3.520268067224829878e-03
8.000000000000000000e+00 2.953967777300074982e-01
4.000000000000000000e+00 1.083855457031162040e-01
6.000000000000000000e+00 1.036567550863751741e-01
6.000000000000000000e+00 8.157298925071732043e-02
1.000000000000000000e+01 2.547304844195448226e-01
4.000000000000000000e+00 1.638561594678522582e-02
8.000000000000000000e+00 2.017978104778834769e-01
4.000000000000000000e+00 2.484977637692753483e-02
1.200000000000000000e+01 2.155376493872984689e-01
4.000000000000000000e+00 2.056069314875719201e-02
4.000000000000000000e+00 2.469434799217440357e-02
4.000000000000000000e+00 3.451568987166031555e-02
2.000000000000000000e+00 7.902443460928942898e-03
6.000000000000000000e+00 4.410816438927578353e-02
2.000000000000000000e+00 1.264459097933134935e-02
4.000000000000000000e+00 2.547613788140590252e-02
6.000000000000000000e+00 8.760848835616430463e-02
4.000000000000000000e+00 1.840440748370775204e-02
6.000000000000000000e+00 7.068358988121303810e-02
4.000000000000000000e+00 4.328005719993743838e-02
4.000000000000000000e+00 8.874939724682917586e-02
2.000000000000000000e+00 1.705612122751887227e-02
2.000000000000000000e+00 4.912796241534955755e-03
4.000000000000000000e+00 5.277518439195194588e-02
4.000000000000000000e+00 1.079565147032952588e-01
4.000000000000000000e+00 3.129501258645639439e-02
4.000000000000000000e+00 5.223312211314068421e-02
4.000000000000000000e+00 5.263737356435260750e-02
4.000000000000000000e+00 5.890194821592720231e-02
6.000000000000000000e+00 5.588915604712019203e-02
2.000000000000000000e+00 9.175425287510918793e-05
6.000000000000000000e+00 8.218212870700147832e-02
8.000000000000000000e+00 9.525206128474561496e-02
4.000000000000000000e+00 2.362707944709985242e-02
2.000000000000000000e+00 1.235743579291082028e-02
6.000000000000000000e+00 7.188518750442307592e-02
4.000000000000000000e+00 2.736677746998372740e-02
6.000000000000000000e+00 8.956714854968383932e-02
4.000000000000000000e+00 1.190508316860849902e-02
6.000000000000000000e+00 1.501326947586933969e-01
6.000000000000000000e+00 6.512605991189701626e-02
6.000000000000000000e+00 7.323908754190489034e-02
1.000000000000000000e+01 1.414409565619236808e+00
6.000000000000000000e+00 6.547016570649155653e-02
4.000000000000000000e+00 7.902117370993977374e-02
6.000000000000000000e+00 4.020768216514314375e-02
4.000000000000000000e+00 4.280363110374185709e-02
1.200000000000000000e+01 2.518005697795815401e-01
4.000000000000000000e+00 1.345044225070513022e-01
6.000000000000000000e+00 7.495610844709954534e-02
6.000000000000000000e+00 1.605035685140125956e-01
4.000000000000000000e+00 4.378487538262865186e-02
1.200000000000000000e+01 2.788450379193303519e-01
6.000000000000000000e+00 1.395865824972726266e-01
4.000000000000000000e+00 9.810112689848882184e-03
6.000000000000000000e+00 1.360900805143843151e-01
1.400000000000000000e+01 4.177681388857699574e+00
8.000000000000000000e+00 2.587085020488859577e-01
6.000000000000000000e+00 1.088860514260081569e-01
6.000000000000000000e+00 4.146811174966829050e-01
1.400000000000000000e+01 9.883220954007891912e-01
2.000000000000000000e+00 2.258983732246133691e-02
6.000000000000000000e+00 1.613800744026296918e-01
4.000000000000000000e+00 6.558968257207364871e-02
4.000000000000000000e+00 3.191861613649016327e-02
2.200000000000000000e+01 2.242158291619465338e+00
6.000000000000000000e+00 2.582050692254096447e-01
6.000000000000000000e+00 5.783614208347698238e-02
6.000000000000000000e+00 9.790116033866969047e-02
2.000000000000000000e+00 1.572309449875630705e-02
6.000000000000000000e+00 7.227256230957435079e-02
1.200000000000000000e+01 2.487931141647887756e-01
4.000000000000000000e+00 3.976668639057834298e-02
2.200000000000000000e+01 7.702454578790258743e-01
1.200000000000000000e+01 5.533056858001947909e-01
6.000000000000000000e+00 1.472120552382816250e-01
8.000000000000000000e+00 3.936777084012144101e-02
4.000000000000000000e+00 7.788673801989975942e-02
8.000000000000000000e+00 6.155455414950994353e-02
2.000000000000000000e+00 3.015049932594937587e-03
6.000000000000000000e+00 6.946261214118187866e-02
6.000000000000000000e+00 8.798822535778993981e-02
6.000000000000000000e+00 6.374938564360865811e-02
1.200000000000000000e+01 6.350292399966184220e-02
6.000000000000000000e+00 4.198488307101344574e-02
2.000000000000000000e+00 3.533886956023302162e-03
6.000000000000000000e+00 1.121697814765258983e-01
4.000000000000000000e+00 6.088256469018471506e-02
4.000000000000000000e+00 6.707657886574258654e-02
4.000000000000000000e+00 5.496047889301491907e-02
6.000000000000000000e+00 1.816865356850865254e-01
2.000000000000000000e+00 2.593557674937296831e-02
8.000000000000000000e+00 1.277261443541330976e-01
2.000000000000000000e+00 1.126305356089685183e-02
2.000000000000000000e+00 1.527830698105736573e-02
4.000000000000000000e+00 2.364627703114319246e-02
4.000000000000000000e+00 3.669312363944299271e-02
4.000000000000000000e+00 4.982034886861486100e-02
4.000000000000000000e+00 1.135277461239450059e-01
4.000000000000000000e+00 5.660862180390746623e-02
4.000000000000000000e+00 1.983396273299731227e-02
2.000000000000000000e+00 1.272095694316388581e-02
2.000000000000000000e+00 5.178561894686239953e-03
8.000000000000000000e+00 4.552419197558665864e-02
4.000000000000000000e+00 2.029048269281430450e-02
4.000000000000000000e+00 7.890615055683891654e-03
4.000000000000000000e+00 5.677123892029634078e-02
4.000000000000000000e+00 2.792853935481187655e-02
8.000000000000000000e+00 1.132744514966588234e-01
6.000000000000000000e+00 1.019880890809703455e-01
6.000000000000000000e+00 4.327870865500127451e-02
2.000000000000000000e+00 3.362111865903294472e-04
2.000000000000000000e+00 3.337853518639022354e-04
8.000000000000000000e+00 1.362650547948733859e-01
2.000000000000000000e+00 5.039117214063359995e-03
2.000000000000000000e+00 1.441167916191421483e-03
2.000000000000000000e+00 4.001047589571093965e-03
4.000000000000000000e+00 1.267971756579093778e-01
6.000000000000000000e+00 8.660711810078414175e-02
4.000000000000000000e+00 7.625818336459921909e-02
6.000000000000000000e+00 1.614312723327788746e-01
6.000000000000000000e+00 1.040223120132290902e-01
2.000000000000000000e+00 1.241453712964224465e-02
8.000000000000000000e+00 1.991067669244639404e-02
2.000000000000000000e+00 6.686153776527703485e-03
6.000000000000000000e+00 4.057215492908916588e-02
2.000000000000000000e+00 1.402345108716840372e-02
4.000000000000000000e+00 3.592672116071238264e-02
4.000000000000000000e+00 1.768225115992549945e-02
4.000000000000000000e+00 4.191498082439970574e-02
8.000000000000000000e+00 6.141311020397832721e-02
8.000000000000000000e+00 6.825621981624507839e-02
1.000000000000000000e+01 1.556846446558379782e-01
2.000000000000000000e+00 2.396057849159749509e-03
2.000000000000000000e+01 4.012800950733094396e+00
6.000000000000000000e+00 1.233855954908440467e-01
8.000000000000000000e+00 2.879344282171358849e-02
4.000000000000000000e+00 3.500578366616613479e-02
6.000000000000000000e+00 3.205899931715538997e-02
6.000000000000000000e+00 1.581425993545766406e-01
4.000000000000000000e+00 9.546738756146155858e-02
2.000000000000000000e+00 1.058105829105970841e-02
6.000000000000000000e+00 3.034916303431867135e-02
6.000000000000000000e+00 6.260030099624680489e-02
4.000000000000000000e+00 4.252442318564719770e-02
8.000000000000000000e+00 1.184704131830391916e-01
4.000000000000000000e+00 3.694421330225594602e-02
4.000000000000000000e+00 1.966094110290717012e-02
1.000000000000000000e+01 3.041546394132534914e-01
6.000000000000000000e+00 4.384370729413022971e-02
2.000000000000000000e+00 8.295447076337225667e-03
1.000000000000000000e+01 1.000126235065819102e-01
4.000000000000000000e+00 5.229941691326445152e-02
4.000000000000000000e+00 3.267431463217596033e-02
2.000000000000000000e+00 1.222646652960346358e-02
2.000000000000000000e+00 3.404453023491882391e-02
4.000000000000000000e+00 3.588660634604057265e-02
6.000000000000000000e+00 1.654784904957153913e-01
4.000000000000000000e+00 2.557445860310414432e-02
4.000000000000000000e+00 9.501299974717403174e-02
4.000000000000000000e+00 4.979849978098638275e-02
8.000000000000000000e+00 2.542663280707300189e-01
1.000000000000000000e+01 5.452567922229478725e-02
2.000000000000000000e+00 1.694174460125985604e-03
6.000000000000000000e+00 1.028204930147209595e-01
4.000000000000000000e+00 3.601662119958115582e-02
6.000000000000000000e+00 4.489061380488568176e-02
4.000000000000000000e+00 6.049221365555679242e-02
6.000000000000000000e+00 1.466588408436226842e-01
6.000000000000000000e+00 8.549798338383407525e-02
6.000000000000000000e+00 1.559708291098802491e-01
6.000000000000000000e+00 1.347904133547181971e-01
2.000000000000000000e+00 3.122044152030767350e-04
4.000000000000000000e+00 9.181706320862392801e-02
6.000000000000000000e+00 1.024546187692534360e-01
4.000000000000000000e+00 2.932749851954241649e-02
8.000000000000000000e+00 2.374638713888099772e-02
2.000000000000000000e+00 4.784152907864047677e-03
4.000000000000000000e+00 5.737651305595559137e-02
2.000000000000000000e+01 7.877027683753308196e-01
2.000000000000000000e+00 1.460405306488876676e-02
2.000000000000000000e+00 5.187800064035741343e-03
4.000000000000000000e+00 1.322226924320180075e-02
2.000000000000000000e+00 2.458427495744608393e-02
2.000000000000000000e+00 3.011949431614091566e-02
6.000000000000000000e+00 7.863118284745418407e-02
4.000000000000000000e+00 3.856115078597621704e-02
4.000000000000000000e+00 6.857985900059571094e-02
2.000000000000000000e+00 1.807037446608816822e-03
2.400000000000000000e+01 6.517330419308624556e+00
2.000000000000000000e+00 4.420488575251613206e-02
2.000000000000000000e+00 1.111581440927267295e-03
4.000000000000000000e+00 6.858175414230327505e-02
2.000000000000000000e+00 2.511898257725908579e-02
6.000000000000000000e+00 8.290877398976115309e-02
4.000000000000000000e+00 2.834084439004569411e-02
6.000000000000000000e+00 3.380337906066910314e-02
6.000000000000000000e+00 6.981204248867545203e-02
4.000000000000000000e+00 8.328450675662324443e-02
6.000000000000000000e+00 1.191634945131188061e-01
1.200000000000000000e+01 4.018311593664183334e-01
8.000000000000000000e+00 1.019513255111896832e-01
4.000000000000000000e+00 4.976133709372199121e-02
4.000000000000000000e+00 1.167907829014680487e-01
4.000000000000000000e+00 6.000063633232466387e-02
4.000000000000000000e+00 7.101896054150680371e-02
4.000000000000000000e+00 8.432298398773241388e-03
2.000000000000000000e+00 1.014475764990097062e-02
2.000000000000000000e+00 3.995816298941345934e-02
6.000000000000000000e+00 1.015355133873994120e-01
4.000000000000000000e+00 3.742939378359988467e-02
8.000000000000000000e+00 9.336604915444679520e-02
4.000000000000000000e+00 2.480935721389787574e-02
4.000000000000000000e+00 2.220723640447497260e-02
8.000000000000000000e+00 1.532141737590384523e-01
4.000000000000000000e+00 2.725629728157663578e-02
6.000000000000000000e+00 1.179338570855885671e-01
6.000000000000000000e+00 2.022960967621405537e-01
1.000000000000000000e+01 1.024585351556943635e-01
8.000000000000000000e+00 1.567940462254635570e-01
8.000000000000000000e+00 1.854275963504714575e-01
6.000000000000000000e+00 1.040951297902710238e-01
6.000000000000000000e+00 1.517241184242998919e-01
1.200000000000000000e+01 1.556023854645576243e-01
4.000000000000000000e+00 1.199499240826584767e-02
4.000000000000000000e+00 6.901285801444601020e-02
4.000000000000000000e+00 4.444585624753161213e-02
1.200000000000000000e+01 1.107984036149467499e-01
6.000000000000000000e+00 8.294489529096971125e-02
6.000000000000000000e+00 9.996947454821736301e-02
6.000000000000000000e+00 1.003318338589793690e-01
2.000000000000000000e+00 1.403676101613848815e-02
6.000000000000000000e+00 2.892806418943774105e-01
2.000000000000000000e+00 2.119617235774118313e-02
4.000000000000000000e+00 6.422062445560561272e-02
2.000000000000000000e+00 8.038078074521060046e-03
2.000000000000000000e+00 9.657316540817362238e-03
6.000000000000000000e+00 1.142070185215162681e-01
6.000000000000000000e+00 1.326973185782587272e-01
1.200000000000000000e+01 1.386547811154406062e-01
2.000000000000000000e+00 1.194698584095377214e-03
8.000000000000000000e+00 9.092287265070897462e-02
2.000000000000000000e+00 3.956438676599116633e-03
2.000000000000000000e+00 1.289314622760251439e-02
8.000000000000000000e+00 6.006187365905724107e-02
2.000000000000000000e+00 2.057764605845058270e-04
2.000000000000000000e+00 2.299500114657648808e-02
6.000000000000000000e+00 9.781054482946549555e-02
8.000000000000000000e+00 9.678496542703074468e-02
8.000000000000000000e+00 7.895238951557415064e-01
2.000000000000000000e+00 2.621099881903976581e-02
1.000000000000000000e+01 7.719510868571579643e-01
6.000000000000000000e+00 7.997334031409542021e-02
8.000000000000000000e+00 1.699042924754934347e-01
6.000000000000000000e+00 1.419718164270298288e-01
4.000000000000000000e+00 6.219108938738093784e-02
2.000000000000000000e+00 6.193380710848739312e-03
4.000000000000000000e+00 5.446815716933395279e-02
1.800000000000000000e+01 2.704639355962835001e+00
2.000000000000000000e+00 3.343360099328007706e-02
6.000000000000000000e+00 1.412811421568909154e-01
4.000000000000000000e+00 3.882475817619379654e-02
1.200000000000000000e+01 4.574365012490866356e-01
2.000000000000000000e+00 2.314238023748416140e-04
4.000000000000000000e+00 3.512610047857922524e-02
4.000000000000000000e+00 1.948561703210760498e-02
8.000000000000000000e+00 3.894420313445667858e-02
6.000000000000000000e+00 3.395127053192004141e-02
4.000000000000000000e+00 3.300727925242652461e-02
6.000000000000000000e+00 1.878061903846832692e-01
2.000000000000000000e+00 2.825785359041876887e-03
8.000000000000000000e+00 1.444148401193898756e-01
1.400000000000000000e+01 1.399600715164122100e-01
6.000000000000000000e+00 1.365164032513344061e-01
4.000000000000000000e+00 8.805505079300157689e-02
6.000000000000000000e+00 1.841580235485951178e-01
4.000000000000000000e+00 3.084594923408312539e-02
6.000000000000000000e+00 5.698520046239741177e-02
6.000000000000000000e+00 9.507846368329397890e-02
6.000000000000000000e+00 5.664873371842205074e-02
4.000000000000000000e+00 1.660200620405216654e-02
4.000000000000000000e+00 5.052489047103847497e-02
2.000000000000000000e+00 8.200329676365303300e-03
4.000000000000000000e+00 4.553895325251211545e-02
4.000000000000000000e+00 2.906415499930137258e-02
1.800000000000000000e+01 7.231779849064402299e+00
2.000000000000000000e+00 1.046171380970095655e-02
1.000000000000000000e+01 2.579711389178203085e-01
1.400000000000000000e+01 2.666863612509526860e-01
6.000000000000000000e+00 1.750680611485737614e-01
8.000000000000000000e+00 1.594826808869469481e-01
2.000000000000000000e+00 4.792565399482917599e-04
8.000000000000000000e+00 1.946049496657540345e-01
2.000000000000000000e+00 6.426646513956413287e-03
6.000000000000000000e+00 1.853163425443842272e-01
4.000000000000000000e+00 4.933016892649311202e-02
8.000000000000000000e+00 1.767906423253755577e-01
6.000000000000000000e+00 7.930129852527034728e-02
4.000000000000000000e+00 1.271602547769754565e-01
6.000000000000000000e+00 1.566300096752828441e-01
4.000000000000000000e+00 1.637178676354800189e-02
2.000000000000000000e+00 6.238787707353532497e-03
4.000000000000000000e+00 7.716990844581705922e-02
4.000000000000000000e+00 7.853293841161779199e-02
4.000000000000000000e+00 8.440101284832968176e-03
4.000000000000000000e+00 4.282241593985158801e-03
2.000000000000000000e+00 2.588786310894874987e-03
6.000000000000000000e+00 1.618559975557511965e-01
4.000000000000000000e+00 4.334727547234562550e-02
1.200000000000000000e+01 1.121414089554981786e-01
6.000000000000000000e+00 7.819832392244130403e-02
8.000000000000000000e+00 1.092784189869606681e-01
4.000000000000000000e+00 2.371965644621054636e-03
2.000000000000000000e+00 8.932451546477260251e-04
6.000000000000000000e+00 1.317709567537854731e-01
6.000000000000000000e+00 1.249957976015567684e-01
2.000000000000000000e+00 2.282899114660175144e-03
2.000000000000000000e+00 9.537568448683586553e-03
8.000000000000000000e+00 1.251484973788743460e-01
6.000000000000000000e+00 9.480508844956592185e-02
2.000000000000000000e+00 6.551462082806658316e-04
4.000000000000000000e+00 2.562891041026160721e-02
8.000000000000000000e+00 8.109594535534281334e-02
2.000000000000000000e+00 1.478348206334700876e-02
6.000000000000000000e+00 3.138774542268096823e-02
6.000000000000000000e+00 1.325032325956896351e-01
4.000000000000000000e+00 2.392790702003377845e-02
4.000000000000000000e+00 4.965824320657885593e-02
4.000000000000000000e+00 3.911168602990366949e-02
2.000000000000000000e+00 2.467009555689347877e-03
4.000000000000000000e+00 2.970142023426092237e-02
4.000000000000000000e+00 8.870968624775033007e-02
8.000000000000000000e+00 4.215331644117004117e-02
1.000000000000000000e+01 1.085932817797328198e-01
4.000000000000000000e+00 9.216101894235162462e-03
6.000000000000000000e+00 1.439433843815089986e-01
4.000000000000000000e+00 9.923231897801532142e-03
4.000000000000000000e+00 1.481538885349520385e-02
4.000000000000000000e+00 5.462836941972826210e-02
8.000000000000000000e+00 1.465482970440801225e-01
6.000000000000000000e+00 5.739434210427329930e-02
6.000000000000000000e+00 7.665444619234929036e-02
1.600000000000000000e+01 5.473936445475611201e-01
6.000000000000000000e+00 1.265511945814954409e-01
4.000000000000000000e+00 5.069626666800619574e-02
4.000000000000000000e+00 4.708229012725961837e-02
4.000000000000000000e+00 9.026611738370426963e-02
6.000000000000000000e+00 4.588341505385873376e-02
4.000000000000000000e+00 2.955857649757298589e-02
2.000000000000000000e+00 6.681746831895374328e-03
8.000000000000000000e+00 9.583631341756326805e-02
2.000000000000000000e+00 7.518695728395918820e-03
1.000000000000000000e+01 8.593667393365489460e-02
2.000000000000000000e+00 4.333995443123406233e-03
6.000000000000000000e+00 5.032828524993071539e-02
2.000000000000000000e+00 1.852891089502151090e-04
2.000000000000000000e+00 2.443211855107207953e-03
8.000000000000000000e+00 6.698903919161303122e-02
8.000000000000000000e+00 8.955758760490706294e-02
2.000000000000000000e+00 1.757882220713291588e-02
2.000000000000000000e+00 2.910941472001660202e-03
6.000000000000000000e+00 1.285947439155430416e-01
4.000000000000000000e+00 3.895224175917277876e-02
4.000000000000000000e+00 8.710331389801240221e-02
4.000000000000000000e+00 2.120058583855666257e-02
1.200000000000000000e+01 9.757887245526370990e-01
2.000000000000000000e+00 6.837606942686313971e-03
4.000000000000000000e+00 8.797043928818393255e-02
1.600000000000000000e+01 1.877186115431408453e+00
6.000000000000000000e+00 7.380731256346972913e-02
4.000000000000000000e+00 4.752453465357664442e-02
1.000000000000000000e+01 2.157392756543119461e-01
1.000000000000000000e+01 1.206819582671538882e-01
3.200000000000000000e+01 6.410723743160716026e+00
4.000000000000000000e+00 1.249818866130292250e-03
8.000000000000000000e+00 1.603500189899524919e-01
4.000000000000000000e+00 1.098514678409565626e-01
2.000000000000000000e+00 4.282363161716817856e-03
4.000000000000000000e+00 9.419410699919850138e-02
4.000000000000000000e+00 3.301010764567124944e-02
4.000000000000000000e+00 2.900775777255182319e-02
6.000000000000000000e+00 3.723152713844646300e-02
4.000000000000000000e+00 1.010433377183990178e-01
8.000000000000000000e+00 9.728980466136238903e-02
2.000000000000000000e+00 1.911471091926264521e-02
2.000000000000000000e+00 6.801200365920134772e-04
6.000000000000000000e+00 1.276616113706685596e-01
4.000000000000000000e+00 3.777750193691309377e-02
2.000000000000000000e+00 3.292770668033018211e-03
4.000000000000000000e+00 1.030705749561060536e-01
2.000000000000000000e+00 2.719478147870990625e-03
4.000000000000000000e+00 2.536914868882567120e-02
2.000000000000000000e+00 9.511682033433555006e-03
6.000000000000000000e+00 5.090417907757016636e-02
6.000000000000000000e+00 6.719463763672717249e-02
2.000000000000000000e+00 9.757283222660451116e-03
6.000000000000000000e+00 5.121513239524411176e-02
4.000000000000000000e+00 6.873757905079846964e-02
6.000000000000000000e+00 9.105076806102818665e-02
4.000000000000000000e+00 2.067106146436836767e-02
2.000000000000000000e+00 7.230374679152884454e-03
4.000000000000000000e+00 3.985925837627313228e-02
4.000000000000000000e+00 5.373465238427455049e-02
8.000000000000000000e+00 7.717207391581260012e-02
6.000000000000000000e+00 5.083672767213887056e-02
1.000000000000000000e+01 1.081372947460614853e-01
4.000000000000000000e+00 1.032121673567676368e-02
4.000000000000000000e+00 3.293938887295677631e-02
6.000000000000000000e+00 9.146851483855833465e-02
2.000000000000000000e+00 9.339518397170287756e-03
2.000000000000000000e+00 4.621262715313267933e-03
2.000000000000000000e+00 1.368940825946429740e-02
8.000000000000000000e+00 1.302052285220334227e-01
6.000000000000000000e+00 1.891687804285657748e-01
2.000000000000000000e+00 3.536253906553099569e-04
2.000000000000000000e+00 1.543298033677942271e-02
1.200000000000000000e+01 8.347511974288135406e-02
4.000000000000000000e+00 5.649011580221330320e-02
2.000000000000000000e+00 2.722249032727841467e-02
2.000000000000000000e+00 2.019254408686332880e-03
2.000000000000000000e+00 1.508138472098607963e-02
2.200000000000000000e+01 2.184482820175197126e+00
8.000000000000000000e+00 2.086410631199839827e-01
6.000000000000000000e+00 1.012273489454429409e-01
1.200000000000000000e+01 1.716018995776242839e-01
2.000000000000000000e+00 2.079848416845919701e-02
2.000000000000000000e+00 3.917712328111067066e-02
6.000000000000000000e+00 1.292296306973037545e-01
2.000000000000000000e+00 1.779660271294503104e-03
4.000000000000000000e+00 7.527193839502643868e-02
4.000000000000000000e+00 1.619099138370883040e-02
4.000000000000000000e+00 3.904040363630212340e-02
6.000000000000000000e+00 1.404396680178776613e-01
2.000000000000000000e+00 8.136655568067308053e-03
4.000000000000000000e+00 8.083444188557109555e-02
6.000000000000000000e+00 2.358662316647861523e-01
6.000000000000000000e+00 1.341233792591927099e-01
4.000000000000000000e+00 4.475006125179659122e-02
8.000000000000000000e+00 7.026607252031169537e-02
4.000000000000000000e+00 3.597876253670939661e-02
6.000000000000000000e+00 1.437887939064381726e-01
4.000000000000000000e+00 7.051475715744270900e-02
4.000000000000000000e+00 3.169034494920630607e-02
2.000000000000000000e+00 3.908338787083032173e-02
6.000000000000000000e+00 1.089459103281349428e-01
2.000000000000000000e+00 1.835382079038438974e-04
1.000000000000000000e+01 9.711757582263746968e-02
8.000000000000000000e+00 1.456248451458552751e-01
2.000000000000000000e+00 4.247271691921383763e-02
