# rg size
1.185529419016370056e+01 2.500000000000000000e+01
1.297749264263318736e+01 2.300000000000000000e+01
1.214444343864095188e+01 2.000000000000000000e+01
1.553154454401721729e+01 6.200000000000000000e+01
1.535719942241396296e+00 1.100000000000000000e+01
8.070233859027473144e+00 7.100000000000000000e+01
1.050895924855659480e+01 5.000000000000000000e+01
8.435471506933630792e+00 6.900000000000000000e+01
1.115118248823831770e+01 2.400000000000000000e+01
1.035974632692833275e+01 3.700000000000000000e+01
7.678783472045413561e+00 1.700000000000000000e+01
1.192155803032858330e+01 3.100000000000000000e+01
3.398723505818381785e+00 4.600000000000000000e+01
2.282253203555505205e+00 1.200000000000000000e+01
2.481868144311380142e+00 1.800000000000000000e+01
1.711355363741897229e+00 1.100000000000000000e+01
2.649301322583827112e+00 1.200000000000000000e+01
1.640920700553342826e+01 1.160000000000000000e+02
6.935674452412913027e+00 9.700000000000000000e+01
1.794111521302502288e+00 1.200000000000000000e+01
1.258539418954259403e+01 5.500000000000000000e+01
1.983072993077084734e+00 1.300000000000000000e+01
1.155190859192170194e+01 1.500000000000000000e+01
9.325164853534468890e+00 4.700000000000000000e+01
8.451751927439174139e+00 7.400000000000000000e+01
6.744492191241198142e+00 1.200000000000000000e+01
1.195190529226255371e+01 6.200000000000000000e+01
7.635683514285348750e+00 2.700000000000000000e+01
1.894490475170037991e+00 1.400000000000000000e+01
2.053557587715991062e+00 1.200000000000000000e+01
2.144250647134045451e+00 1.600000000000000000e+01
3.273597282880550186e+00 6.900000000000000000e+01
2.363685167348624105e+00 2.100000000000000000e+01
1.677033166855581214e+01 1.100000000000000000e+02
1.247257867040521973e+01 2.100000000000000000e+01
1.195976556563397608e+01 2.200000000000000000e+01
2.408696754425934117e+00 1.300000000000000000e+01
9.155844624624780437e+00 2.700000000000000000e+01
1.184200267782145843e+01 8.300000000000000000e+01
2.923088539656640172e+00 2.000000000000000000e+01
2.543184163833124067e+00 2.600000000000000000e+01
4.658511677041525800e+00 2.700000000000000000e+01
5.049102560043286836e+00 5.100000000000000000e+01
1.715812423083915350e+00 1.500000000000000000e+01
8.995662984485573332e+00 9.800000000000000000e+01
3.349178358316031723e+00 5.800000000000000000e+01
7.140886325465524820e+00 6.600000000000000000e+01
8.977398419332899948e+00 1.400000000000000000e+01
1.144287992647923247e+01 4.400000000000000000e+01
2.638658057935145074e+00 1.100000000000000000e+01
9.861432401413676274e+00 3.300000000000000000e+01
3.341252928970492864e+00 8.400000000000000000e+01
1.352995120905379345e+01 1.700000000000000000e+01
3.008720290806816244e+00 2.600000000000000000e+01
8.991793931593111466e+00 1.700000000000000000e+01
2.957894060159347305e+00 3.100000000000000000e+01
8.896409719057041698e+00 1.300000000000000000e+01
2.374890023318960264e+00 1.600000000000000000e+01
2.021577456673588014e+00 1.200000000000000000e+01
1.590904323679197496e+01 1.140000000000000000e+02
6.031035413767751763e+00 5.800000000000000000e+01
1.591706762549863896e+01 8.700000000000000000e+01
2.261646283389909140e+00 3.000000000000000000e+01
2.748747994882305701e+00 2.800000000000000000e+01
9.473388057747383684e+00 5.500000000000000000e+01
2.248595725120772215e+00 1.100000000000000000e+01
1.037897714885048650e+01 1.200000000000000000e+01
2.422571380021210530e+00 1.800000000000000000e+01
1.224936570226462251e+01 9.700000000000000000e+01
5.577139602834130017e+00 1.800000000000000000e+01
4.058399814026043551e+00 5.800000000000000000e+01
6.825930387651808040e+00 1.800000000000000000e+01
5.198625807745274940e+00 5.600000000000000000e+01
9.014300680237628427e+00 8.000000000000000000e+01
8.527814457367126622e+00 1.010000000000000000e+02
2.158493728745521256e+00 1.700000000000000000e+01
2.497510263667420904e+00 2.400000000000000000e+01
1.089872675420337167e+01 3.600000000000000000e+01
1.150884319403879275e+01 2.100000000000000000e+01
9.118445444764832430e+00 1.100000000000000000e+01
3.537501385756394168e+00 1.020000000000000000e+02
2.699167872536359702e+00 3.400000000000000000e+01
8.943037639953955065e+00 3.700000000000000000e+01
2.001861074700273857e+00 1.500000000000000000e+01
7.600665440853107135e+00 1.400000000000000000e+01
1.628835346333286971e+00 1.100000000000000000e+01
3.117056950434058393e+00 6.900000000000000000e+01
2.300150317654302778e+00 1.800000000000000000e+01
3.460441493683569902e+00 4.900000000000000000e+01
6.355746109511046349e+00 5.000000000000000000e+01
1.585033650908266623e+01 1.240000000000000000e+02
1.504692757018631788e+01 8.900000000000000000e+01
2.780672948713793780e+00 3.000000000000000000e+01
1.384740568937425920e+01 1.500000000000000000e+01
1.283782564167696272e+01 1.230000000000000000e+02
1.128419501703487882e+01 1.200000000000000000e+01
3.444120282807766387e+00 7.100000000000000000e+01
2.824844166783980981e+00 3.100000000000000000e+01
8.007173294868630720e+00 1.220000000000000000e+02
2.626168549995603563e+00 1.700000000000000000e+01
8.831800154254263902e+00 1.200000000000000000e+01
2.206959543235499588e+00 1.800000000000000000e+01
2.971038001467995571e+00 5.000000000000000000e+01
1.156257590403504665e+01 4.400000000000000000e+01
2.675502524505700919e+00 1.400000000000000000e+01
1.060785559083555540e+01 8.900000000000000000e+01
8.359663928666233090e+00 9.300000000000000000e+01
2.041757244673900296e+00 1.400000000000000000e+01
8.150180118043699906e+00 2.900000000000000000e+01
4.321768888328064051e+00 3.700000000000000000e+01
1.160168463716261833e+01 1.100000000000000000e+01
1.090276433760705110e+01 4.400000000000000000e+01
2.634738701874772993e+00 3.400000000000000000e+01
2.261170457551435309e+00 1.800000000000000000e+01
3.882861497094181047e+00 4.200000000000000000e+01
3.376191136869350018e+00 7.300000000000000000e+01
2.299424380818670954e+00 2.300000000000000000e+01
3.562655124548875563e+00 9.700000000000000000e+01
8.219020600994335624e+00 2.800000000000000000e+01
1.070512835722147749e+01 1.150000000000000000e+02
1.614088396354819110e+01 1.700000000000000000e+02
4.022521327448057349e+00 8.300000000000000000e+01
1.695293351234501955e+01 2.900000000000000000e+01
1.277787936059961815e+01 1.200000000000000000e+02
7.180882731691959009e+00 3.200000000000000000e+01
3.051263122188323962e+00 5.300000000000000000e+01
7.534372269461270477e+00 1.340000000000000000e+02
4.139557140917381695e+00 8.000000000000000000e+01
1.158078912535766491e+01 3.200000000000000000e+01
2.571486496154948842e+00 2.400000000000000000e+01
1.003481176432598332e+01 1.700000000000000000e+01
9.571475797152761089e+00 8.000000000000000000e+01
8.001638646333017135e+00 1.080000000000000000e+02
4.343465195059509121e+00 1.120000000000000000e+02
2.858442810875121420e+00 2.900000000000000000e+01
7.559580581689685275e+00 6.200000000000000000e+01
1.935666449870194761e+00 1.500000000000000000e+01
1.026374039001178318e+01 2.300000000000000000e+01
2.810290675854715481e+00 3.800000000000000000e+01
1.447276472603006781e+01 5.800000000000000000e+01
1.233134340095241654e+01 5.000000000000000000e+01
2.423989886936523508e+00 1.200000000000000000e+01
3.209121305161368287e+00 1.800000000000000000e+01
4.557864889852545787e+00 6.400000000000000000e+01
2.823110125611985488e+00 1.200000000000000000e+01
3.422719096920967985e+00 3.800000000000000000e+01
3.287188613208621657e+00 5.500000000000000000e+01
2.340870285824871555e+00 1.100000000000000000e+01
1.028970383861003768e+01 1.300000000000000000e+02
1.634080266472949106e+01 2.050000000000000000e+02
1.359266529868876283e+01 1.600000000000000000e+01
2.842591570735772066e+00 6.000000000000000000e+01
1.720390483164895201e+01 2.100000000000000000e+01
1.176443745464860058e+01 2.900000000000000000e+01
4.014903467121053282e+00 7.500000000000000000e+01
1.011855016855667344e+01 4.400000000000000000e+01
1.218243347906297558e+01 1.220000000000000000e+02
7.791321971331524487e+00 1.770000000000000000e+02
4.055752021513747252e+00 8.700000000000000000e+01
2.693584316480448493e+00 2.600000000000000000e+01
1.890778207383133624e+00 1.300000000000000000e+01
4.373809560189759971e+00 4.200000000000000000e+01
2.619080915081381189e+00 3.000000000000000000e+01
9.327579842332511362e+00 7.100000000000000000e+01
8.933290013228186055e+00 1.130000000000000000e+02
6.589517702445299996e+00 7.200000000000000000e+01
2.112132678237725880e+00 1.600000000000000000e+01
9.770718317828153587e+00 1.400000000000000000e+01
1.235259529159756653e+01 1.500000000000000000e+01
1.155738792615383836e+01 2.000000000000000000e+01
1.649638711332787366e+01 1.400000000000000000e+01
8.621448303555876436e+00 7.700000000000000000e+01
1.243334327269828599e+01 8.000000000000000000e+01
1.001338631320223982e+01 8.600000000000000000e+01
6.056259185579230042e+00 7.700000000000000000e+01
3.046500941825097897e+00 3.500000000000000000e+01
2.415344472279808752e+00 1.300000000000000000e+01
3.438511542639147489e+00 6.800000000000000000e+01
1.054240236592940505e+01 1.210000000000000000e+02
1.633049606601348458e+01 2.300000000000000000e+02
1.389700068755746187e+01 1.500000000000000000e+01
3.158531014207797138e+00 7.600000000000000000e+01
7.948767854635082841e+00 1.470000000000000000e+02
4.914291664742199472e+00 7.700000000000000000e+01
1.340112598997336768e+01 5.000000000000000000e+01
1.137334374581413243e+01 1.800000000000000000e+01
1.452965383529680388e+01 1.200000000000000000e+01
1.295724499639303673e+01 1.030000000000000000e+02
3.791672979132221233e+00 7.500000000000000000e+01
3.009561558477154453e+00 2.000000000000000000e+01
1.039362677895015707e+01 6.200000000000000000e+01
9.657364109954594156e+00 2.500000000000000000e+01
8.892237997889893109e+00 1.120000000000000000e+02
4.761093427852689963e+00 6.600000000000000000e+01
2.429601233414914407e+00 3.500000000000000000e+01
1.322147569840854509e+01 2.900000000000000000e+01
2.294901661512965152e+00 3.000000000000000000e+01
6.859617440023952462e+00 1.100000000000000000e+01
9.965970176075854781e+00 2.100000000000000000e+01
1.136292239616753896e+01 1.580000000000000000e+02
9.654138624479182695e+00 9.700000000000000000e+01
1.099602023294423248e+01 9.100000000000000000e+01
5.041609302999082054e+00 4.900000000000000000e+01
2.571217693430198459e+00 2.700000000000000000e+01
2.695858804412854415e+00 3.200000000000000000e+01
3.475354331442512379e+00 6.500000000000000000e+01
1.878086519549314604e+00 1.100000000000000000e+01
1.037127710482324261e+01 1.090000000000000000e+02
1.605128171005580384e+01 2.380000000000000000e+02
3.057309256447176438e+00 5.900000000000000000e+01
1.353717847049171397e+01 1.300000000000000000e+01
6.942704392250734102e+00 1.600000000000000000e+02
1.466925107166627740e+01 5.100000000000000000e+01
1.345732221463724443e+01 2.300000000000000000e+01
7.247069698128968618e+00 9.300000000000000000e+01
1.294618925437981538e+01 1.010000000000000000e+02
3.204094662711367558e+00 4.000000000000000000e+01
1.416379867014292060e+01 1.500000000000000000e+01
3.620574574096389942e+00 2.400000000000000000e+01
1.161167325412643159e+01 2.800000000000000000e+01
9.325326463822262824e+00 9.700000000000000000e+01
5.154792240506423262e+00 7.500000000000000000e+01
2.242048555586380498e+00 1.400000000000000000e+01
9.530092844223769788e+00 5.200000000000000000e+01
3.498739822897944052e+00 6.100000000000000000e+01
4.907639839532167869e+00 2.700000000000000000e+01
4.287243030607902128e+00 6.800000000000000000e+01
1.426755130049306075e+01 1.300000000000000000e+01
1.046785772924552305e+01 2.100000000000000000e+01
2.275978619021699068e+00 2.700000000000000000e+01
1.263492102687083296e+01 2.030000000000000000e+02
9.284889451548581363e+00 1.030000000000000000e+02
1.098916954425994064e+01 8.800000000000000000e+01
7.314227166707425454e+00 8.300000000000000000e+01
2.063103581824466293e+00 1.100000000000000000e+01
2.993199540955921112e+00 1.800000000000000000e+01
1.104446428710973649e+01 1.070000000000000000e+02
1.598987195815912443e+01 2.750000000000000000e+02
3.173828534753118991e+00 6.100000000000000000e+01
1.154296728895854329e+01 5.700000000000000000e+01
5.960874558272367452e+00 1.160000000000000000e+02
1.359554883789990853e+01 1.900000000000000000e+01
1.371998699572024094e+01 2.100000000000000000e+01
7.225584223093446390e+00 1.510000000000000000e+02
6.932659960843956526e+00 9.800000000000000000e+01
1.962700337300039566e+00 1.600000000000000000e+01
1.343652995489663482e+01 7.500000000000000000e+01
3.339931940800027199e+00 2.800000000000000000e+01
1.089069620317856213e+01 2.100000000000000000e+01
8.527532976089078787e+00 7.700000000000000000e+01
1.065623166311919334e+01 2.700000000000000000e+01
2.331692496374282442e+00 2.200000000000000000e+01
1.380251704997485795e+01 3.200000000000000000e+01
9.809808201886820456e+00 2.200000000000000000e+01
5.257520712927518325e+00 2.000000000000000000e+01
1.772963777336664659e+00 1.600000000000000000e+01
1.294032715893760965e+01 2.000000000000000000e+02
1.104386676495105490e+01 1.040000000000000000e+02
1.119295988038991929e+01 1.070000000000000000e+02
7.642741396332525028e+00 1.060000000000000000e+02
2.404193524438005714e+00 2.100000000000000000e+01
2.816423726786664528e+00 1.100000000000000000e+01
2.928512011635655998e+00 5.100000000000000000e+01
1.118328535067127483e+01 1.120000000000000000e+02
1.431469432953084819e+01 5.400000000000000000e+01
1.574185821532230456e+01 2.680000000000000000e+02
1.396218512688182756e+01 1.900000000000000000e+01
2.865344848109203202e+00 4.400000000000000000e+01
1.526079773951986240e+01 3.300000000000000000e+01
6.746591485076364414e+00 1.450000000000000000e+02
1.457368009759183458e+01 1.300000000000000000e+01
3.341625631075748615e+00 4.700000000000000000e+01
9.575547188605304072e+00 1.100000000000000000e+02
1.274260620536174571e+01 5.500000000000000000e+01
2.016173100667676632e+00 1.500000000000000000e+01
6.231585284815094994e+00 1.230000000000000000e+02
6.803253236530705905e+00 1.200000000000000000e+01
3.170595238694670748e+00 1.900000000000000000e+01
2.252662677844152306e+00 2.100000000000000000e+01
1.022918612486424017e+01 2.300000000000000000e+01
1.934656789646116648e+00 1.700000000000000000e+01
1.301599972789670900e+01 2.140000000000000000e+02
1.120470338569539948e+01 6.100000000000000000e+01
8.140762278967590859e+00 1.310000000000000000e+02
8.187506339662798283e+00 1.200000000000000000e+01
1.092169535080018150e+01 1.110000000000000000e+02
1.977947929257484416e+00 1.300000000000000000e+01
3.088849801427768771e+00 2.600000000000000000e+01
1.041460956745739352e+01 1.700000000000000000e+01
1.815974668557060800e+00 1.300000000000000000e+01
2.829356308022258126e+00 4.100000000000000000e+01
1.569025659189164656e+01 8.200000000000000000e+01
1.141898624634892734e+01 8.500000000000000000e+01
1.589201181405828045e+01 3.030000000000000000e+02
1.336480347665659885e+01 2.800000000000000000e+01
2.654505813541508275e+00 3.400000000000000000e+01
1.512524022685774661e+01 2.300000000000000000e+01
7.086063012958442542e+00 1.440000000000000000e+02
7.236621517201695220e+00 1.530000000000000000e+02
3.471707402233870532e+00 4.300000000000000000e+01
1.570838693982511280e+01 1.100000000000000000e+01
1.029971085864260694e+01 1.600000000000000000e+01
1.331226454391065239e+01 5.700000000000000000e+01
9.342583160172589274e+00 7.900000000000000000e+01
1.039455960286062997e+01 1.600000000000000000e+01
2.212717947638210614e+00 2.100000000000000000e+01
2.841874042661933775e+00 1.600000000000000000e+01
1.771105039558919847e+00 1.800000000000000000e+01
1.035310487596199813e+01 1.900000000000000000e+01
1.305572844884512129e+01 2.570000000000000000e+02
8.081739276250432980e+00 1.300000000000000000e+01
1.080421366885783563e+01 1.110000000000000000e+02
1.326304499591042685e+01 2.500000000000000000e+01
7.520259461769453146e+00 1.310000000000000000e+02
3.328393790445500322e+00 3.500000000000000000e+01
1.787600934584319790e+00 1.300000000000000000e+01
2.297926057831574109e+00 1.300000000000000000e+01
8.178737399465223490e+00 1.700000000000000000e+01
1.911184816040928602e+00 1.200000000000000000e+01
2.593193195674977858e+00 4.000000000000000000e+01
1.663540756655931219e+01 6.800000000000000000e+01
1.206043892854101962e+01 8.300000000000000000e+01
1.541023426499737603e+01 3.100000000000000000e+02
1.312747546027942391e+01 4.400000000000000000e+01
2.615193745305470330e+00 2.400000000000000000e+01
7.531080635801692402e+00 1.670000000000000000e+02
1.484537182836696445e+01 1.500000000000000000e+01
9.405076144461297361e+00 1.800000000000000000e+01
1.382376560824168976e+01 4.300000000000000000e+01
2.392835070167149691e+00 2.700000000000000000e+01
3.464516669286967332e+00 7.000000000000000000e+01
7.572718540012032484e+00 5.100000000000000000e+01
9.286192901075102313e+00 1.700000000000000000e+01
2.534886736234799542e+00 1.300000000000000000e+01
1.140445253253674629e+01 2.000000000000000000e+01
2.171010563772331370e+00 1.600000000000000000e+01
1.317315968166648510e+01 2.400000000000000000e+02
7.308148271770012805e+00 8.800000000000000000e+01
9.119277611102994285e+00 1.000000000000000000e+02
3.152853231422752867e+00 2.900000000000000000e+01
2.053365362955164919e+00 1.300000000000000000e+01
2.570191379727589265e+00 2.700000000000000000e+01
9.320503276393020897e+00 1.200000000000000000e+01
2.360590148362218699e+00 3.400000000000000000e+01
1.619142081637176034e+01 7.900000000000000000e+01
1.544978816933096866e+01 3.260000000000000000e+02
1.257558755825781205e+01 4.300000000000000000e+01
2.565148463819134861e+00 2.300000000000000000e+01
1.116052781888783940e+01 8.900000000000000000e+01
4.858478681504164953e+00 4.400000000000000000e+01
1.057645018939521542e+01 2.100000000000000000e+01
7.658102861267883199e+00 1.520000000000000000e+02
1.198744091010731694e+01 5.200000000000000000e+01
3.570269971769314488e+00 3.600000000000000000e+01
8.251251133655909342e+00 6.200000000000000000e+01
1.115225388221119829e+01 1.400000000000000000e+01
2.201668637302637954e+00 1.200000000000000000e+01
2.854316274829846733e+00 1.600000000000000000e+01
6.937838468438306094e+00 7.300000000000000000e+01
1.255985137905718396e+01 1.580000000000000000e+02
6.863174845754153708e+00 8.700000000000000000e+01
3.876143979544250939e+00 3.700000000000000000e+01
4.202616711408414751e+00 1.400000000000000000e+01
1.765093305573890214e+00 1.400000000000000000e+01
2.383656590222936078e+00 2.900000000000000000e+01
2.561488618619879531e+00 1.500000000000000000e+01
1.600228799551839387e+01 7.200000000000000000e+01
1.154114491325593583e+01 7.500000000000000000e+01
1.556894465960041529e+01 3.010000000000000000e+02
1.284040508230994249e+01 5.100000000000000000e+01
1.986767000182040999e+00 1.800000000000000000e+01
4.524420030975986329e+00 5.100000000000000000e+01
8.465540322272641305e+00 1.800000000000000000e+01
7.242037890944531320e+00 1.490000000000000000e+02
1.188642668226413157e+01 5.400000000000000000e+01
1.055099429212417839e+01 1.600000000000000000e+01
3.510714278033862712e+00 3.200000000000000000e+01
7.268916616708512635e+00 6.800000000000000000e+01
2.818624822172456135e+00 1.700000000000000000e+01
9.846421935146851823e+00 1.040000000000000000e+02
1.456616854173150521e+01 9.100000000000000000e+01
7.956387436494211762e+00 7.900000000000000000e+01
3.557790109064323136e+00 2.100000000000000000e+01
4.187265000533084702e+00 5.200000000000000000e+01
1.888173008053951829e+00 1.200000000000000000e+01
1.977289575782133824e+00 1.700000000000000000e+01
2.396564531611233839e+00 2.200000000000000000e+01
1.588745094579729233e+01 6.300000000000000000e+01
1.570329480447315618e+01 3.070000000000000000e+02
1.238144779086675307e+01 5.200000000000000000e+01
2.797679515488072255e+00 5.300000000000000000e+01
7.599638993961163713e+00 1.370000000000000000e+02
1.222646822640342812e+01 3.500000000000000000e+01
2.817405249115391808e+00 2.000000000000000000e+01
8.949342503451145348e+00 1.500000000000000000e+01
2.235451543830829557e+00 1.100000000000000000e+01
7.461794850174588767e+00 6.200000000000000000e+01
2.754704753947589069e+00 3.900000000000000000e+01
1.088596174644726489e+01 6.100000000000000000e+01
1.391044289334001860e+01 1.230000000000000000e+02
3.839627069032628626e+00 2.600000000000000000e+01
7.933929522151862201e+00 8.300000000000000000e+01
4.127210146661052015e+00 1.800000000000000000e+01
4.091661430556930767e+00 4.500000000000000000e+01
1.926800722359188311e+00 1.800000000000000000e+01
1.349047591717622296e+01 8.700000000000000000e+01
1.594540207071425719e+01 2.740000000000000000e+02
1.197205701043201387e+01 4.400000000000000000e+01
2.736377105028436674e+00 5.300000000000000000e+01
7.262692728841757983e+00 1.120000000000000000e+02
2.747432964546379530e+00 3.000000000000000000e+01
6.595383537534010188e+00 2.200000000000000000e+01
1.060532042562316768e+01 2.700000000000000000e+01
2.157445772011732821e+00 2.600000000000000000e+01
7.976078941992516214e+00 5.500000000000000000e+01
2.854201260629242398e+00 1.600000000000000000e+01
8.093982443132096805e+00 7.500000000000000000e+01
1.361830343995457504e+01 1.100000000000000000e+02
3.474617776226361254e+00 1.900000000000000000e+01
3.715663317358807394e+00 5.400000000000000000e+01
2.846049185455830521e+00 1.900000000000000000e+01
1.934456243378436247e+00 2.000000000000000000e+01
1.671269406033658811e+01 2.700000000000000000e+02
1.224514546422696526e+01 4.400000000000000000e+01
2.673969060158176259e+00 2.100000000000000000e+01
4.968430241461499364e+00 5.800000000000000000e+01
7.196238969031836241e+00 1.190000000000000000e+02
5.194991797041161874e+00 2.300000000000000000e+01
1.232174982522119144e+01 8.200000000000000000e+01
2.626308019231177404e+00 1.300000000000000000e+01
1.242984088736650250e+01 3.900000000000000000e+01
2.970513036958941644e+00 1.900000000000000000e+01
8.311599264131853460e+00 5.400000000000000000e+01
2.990569315461741429e+00 1.600000000000000000e+01
9.574447566413297750e+00 8.000000000000000000e+01
1.197077419239551688e+01 1.550000000000000000e+02
3.978488099717507165e+00 3.000000000000000000e+01
3.932666061523955925e+00 7.700000000000000000e+01
1.684351415261974338e+01 2.420000000000000000e+02
1.291233281463146376e+01 4.600000000000000000e+01
2.976660968160851350e+00 4.800000000000000000e+01
1.246158746765603631e+01 9.000000000000000000e+01
2.313061322088918015e+00 2.100000000000000000e+01
4.342283684427735047e+00 4.500000000000000000e+01
1.060444394898513565e+01 2.500000000000000000e+01
7.564134770746749226e+00 1.280000000000000000e+02
7.535283606278683877e+00 5.300000000000000000e+01
2.482638123710392719e+00 2.000000000000000000e+01
6.846933900442543575e+00 1.100000000000000000e+01
2.826567058600502058e+00 2.000000000000000000e+01
1.466725285063406936e+01 6.900000000000000000e+01
1.167660787032002823e+01 1.530000000000000000e+02
3.863880810471756799e+00 1.600000000000000000e+01
3.542874142469350396e+00 6.500000000000000000e+01
3.768524100683700695e+00 2.800000000000000000e+01
1.708926093057380768e+01 2.370000000000000000e+02
3.063166031853031601e+00 5.800000000000000000e+01
1.375867129722876925e+01 3.900000000000000000e+01
9.966953092464947872e+00 8.800000000000000000e+01
2.170086003062024815e+00 1.300000000000000000e+01
2.294680538620062382e+00 1.800000000000000000e+01
1.063166551398928661e+01 2.400000000000000000e+01
3.885924562733568788e+00 5.300000000000000000e+01
7.039965918511328802e+00 1.180000000000000000e+02
6.602870169449610138e+00 5.400000000000000000e+01
8.772016568236733036e+00 1.200000000000000000e+01
2.556009645443894307e+00 1.600000000000000000e+01
1.236609353779851261e+01 1.110000000000000000e+02
1.190889893946821765e+01 1.320000000000000000e+02
3.975536310023992215e+00 3.600000000000000000e+01
3.399388148225163775e+00 5.600000000000000000e+01
1.691391445143036876e+01 2.440000000000000000e+02
1.279628560743938337e+01 3.700000000000000000e+01
2.741191691655239904e+00 3.500000000000000000e+01
8.496033945330207615e+00 8.800000000000000000e+01
2.750700232803721335e+00 4.600000000000000000e+01
2.116460708288121051e+00 1.600000000000000000e+01
6.850671636202832815e+00 1.040000000000000000e+02
5.701962524230506979e+00 5.000000000000000000e+01
2.607045659109755498e+00 1.300000000000000000e+01
1.077096185115815530e+01 6.100000000000000000e+01
1.043309164978220416e+01 1.480000000000000000e+02
3.834697728888176727e+00 4.100000000000000000e+01
2.355764137968374694e+00 2.300000000000000000e+01
3.675198797367635439e+00 6.100000000000000000e+01
2.750291243401929098e+00 4.500000000000000000e+01
1.701329427690226836e+01 2.270000000000000000e+02
1.382975595442125716e+01 3.700000000000000000e+01
1.012555651832085779e+01 4.600000000000000000e+01
9.645062777846220570e+00 9.600000000000000000e+01
6.842066782555257021e+00 1.020000000000000000e+02
2.507377383766612233e+00 4.000000000000000000e+01
5.122981686566300930e+00 4.100000000000000000e+01
9.871674686811843458e+00 6.200000000000000000e+01
1.007615842356241664e+01 1.200000000000000000e+02
2.353055513547741562e+00 2.200000000000000000e+01
3.646405157715653989e+00 5.300000000000000000e+01
3.703942261539729941e+00 3.900000000000000000e+01
1.562767647261877890e+00 1.200000000000000000e+01
2.781490622875774310e+00 4.600000000000000000e+01
1.734656418989489879e+01 2.170000000000000000e+02
1.433465265724042936e+01 2.900000000000000000e+01
6.969762540630103587e+00 2.400000000000000000e+01
4.416049709820984326e+00 3.300000000000000000e+01
6.833268497963711496e+00 9.300000000000000000e+01
7.161203100090245854e+00 7.900000000000000000e+01
5.588033915125008022e+00 3.200000000000000000e+01
8.520891462564035734e+00 5.700000000000000000e+01
1.634462397314377569e+01 2.700000000000000000e+01
6.553658361391224929e+00 9.100000000000000000e+01
2.303105316201057295e+00 1.700000000000000000e+01
4.032050933740165100e+00 3.800000000000000000e+01
3.144412557863017099e+00 6.400000000000000000e+01
7.279367305380967323e+00 1.000000000000000000e+02
1.725733364825311611e+01 2.290000000000000000e+02
1.307795619352683936e+01 3.500000000000000000e+01
6.503136711921526647e+00 2.900000000000000000e+01
6.986566890982977895e+00 7.500000000000000000e+01
6.837255208160859077e+00 2.100000000000000000e+01
8.392009085097457799e+00 2.700000000000000000e+01
9.433060048853553425e+00 1.050000000000000000e+02
1.145175524771317832e+01 2.300000000000000000e+01
3.652694013649654181e+00 3.900000000000000000e+01
2.370631544549908654e+00 1.800000000000000000e+01
3.047870790846496369e+00 6.200000000000000000e+01
2.263838581610629230e+00 1.200000000000000000e+01
1.710222649657895388e+01 2.350000000000000000e+02
1.601537679824189908e+01 1.800000000000000000e+01
2.571422878768464759e+00 3.300000000000000000e+01
1.823650842201778532e+00 1.100000000000000000e+01
6.673345619573814780e+00 2.200000000000000000e+01
7.124654376504224729e+00 1.000000000000000000e+02
5.834451949775470325e+00 5.800000000000000000e+01
7.097669153920748819e+00 3.200000000000000000e+01
6.678396280754854253e+00 1.500000000000000000e+01
9.000975759432394696e+00 9.700000000000000000e+01
6.371641104878946749e+00 8.200000000000000000e+01
3.694979541774836562e+00 3.400000000000000000e+01
3.189020004075151515e+00 6.100000000000000000e+01
1.707158484858314296e+01 2.260000000000000000e+02
1.437994899447971697e+01 3.600000000000000000e+01
2.618703942589897693e+00 4.000000000000000000e+01
1.060242421939274138e+01 6.300000000000000000e+01
7.744132357300649971e+00 1.500000000000000000e+01
7.275999282076856645e+00 9.000000000000000000e+01
6.435133235271630170e+00 3.200000000000000000e+01
1.675913106305485201e+01 1.500000000000000000e+01
6.303725054847777010e+00 7.700000000000000000e+01
3.872361771742002023e+00 4.300000000000000000e+01
5.734140371752365795e+00 7.600000000000000000e+01
3.157181946479478807e+00 5.700000000000000000e+01
1.718424986995039916e+01 2.150000000000000000e+02
1.553423034192030094e+01 2.300000000000000000e+01
2.192313671537688968e+00 2.400000000000000000e+01
7.135828570162005668e+00 1.900000000000000000e+01
6.933413630419338780e+00 9.200000000000000000e+01
5.450107466954298374e+00 3.500000000000000000e+01
3.353194859499198710e+00 3.000000000000000000e+01
6.789248041247897270e+00 1.100000000000000000e+01
1.928424398425078623e+00 1.800000000000000000e+01
8.765767527209552767e+00 1.600000000000000000e+01
8.614955658399971128e+00 1.600000000000000000e+01
3.986559990182525937e+00 4.500000000000000000e+01
4.792847432520844109e+00 6.300000000000000000e+01
2.892684559889831419e+00 3.500000000000000000e+01
3.252896212341628956e+00 5.500000000000000000e+01
1.753332879447216186e+01 1.850000000000000000e+02
1.434580841543432861e+01 3.200000000000000000e+01
2.310942693956530292e+00 2.900000000000000000e+01
1.089805339946260787e+01 1.400000000000000000e+01
3.269051520333436045e+00 3.000000000000000000e+01
4.431816614265673415e+00 3.600000000000000000e+01
5.255444748253836451e+00 1.700000000000000000e+01
1.882708433023673411e+00 1.500000000000000000e+01
8.712117076488196332e+00 1.500000000000000000e+01
4.003671331473372064e+00 5.000000000000000000e+01
4.824294305701982921e+00 5.400000000000000000e+01
3.256804286349857414e+00 3.900000000000000000e+01
3.346917939019452337e+00 4.300000000000000000e+01
3.598507838337098974e+00 3.800000000000000000e+01
1.747790700640416262e+01 1.890000000000000000e+02
1.516417019840757696e+01 2.500000000000000000e+01
2.283547391629612289e+00 2.800000000000000000e+01
3.259509223423228352e+00 2.800000000000000000e+01
2.740067929030554073e+00 1.500000000000000000e+01
6.709453689790557895e+00 1.100000000000000000e+01
2.305594710181854801e+00 1.400000000000000000e+01
2.024053803435508225e+00 1.100000000000000000e+01
2.011788733528073969e+00 1.500000000000000000e+01
4.030119360185844712e+00 5.300000000000000000e+01
5.840065050438941086e+00 7.000000000000000000e+01
3.072834231872364263e+00 3.400000000000000000e+01
4.272056033147308973e+00 2.900000000000000000e+01
3.371140904445740993e+00 4.400000000000000000e+01
1.734147458809086828e+01 1.700000000000000000e+02
1.556919641212646432e+01 2.700000000000000000e+01
1.894419692479167638e+00 2.000000000000000000e+01
3.392037024485673236e+00 2.600000000000000000e+01
5.071830202187942227e+00 1.800000000000000000e+01
3.193906032165582332e+00 3.000000000000000000e+01
2.178710478666808559e+00 1.200000000000000000e+01
5.338922145405406106e+00 6.100000000000000000e+01
4.056803630004866434e+00 4.300000000000000000e+01
3.792449677034590128e+00 3.900000000000000000e+01
3.180126446276506869e+00 2.000000000000000000e+01
2.127872078747397921e+00 3.000000000000000000e+01
1.774007548550930125e+01 1.520000000000000000e+02
1.472716901976028225e+01 2.700000000000000000e+01
2.059339171154297432e+00 1.600000000000000000e+01
3.309791971238911223e+00 3.500000000000000000e+01
2.369165536931137073e+00 1.700000000000000000e+01
6.731088927812534983e+00 1.700000000000000000e+01
1.802294279030676849e+00 1.100000000000000000e+01
4.407625732764956616e+00 5.100000000000000000e+01
5.123945994238514601e+00 5.600000000000000000e+01
2.506460167850166787e+00 2.800000000000000000e+01
2.994697352732392570e+00 2.700000000000000000e+01
2.154816641188632254e+00 3.100000000000000000e+01
1.756426401334129039e+01 1.530000000000000000e+02
1.314425027555134129e+01 1.900000000000000000e+01
1.878940822035842340e+00 2.300000000000000000e+01
2.199500754915204137e+00 2.100000000000000000e+01
3.069785875929562646e+00 1.200000000000000000e+01
5.086768055770094499e+00 1.800000000000000000e+01
2.270960865824835473e+00 1.900000000000000000e+01
4.526624277025793397e+00 5.500000000000000000e+01
5.439143791823758178e+00 5.700000000000000000e+01
2.337334482787351675e+00 2.700000000000000000e+01
3.146467432532703778e+00 2.800000000000000000e+01
2.820858132005452656e+00 3.100000000000000000e+01
1.810746497013509071e+01 1.630000000000000000e+02
1.558470822317070237e+01 2.700000000000000000e+01
1.978182676224235381e+00 2.500000000000000000e+01
1.519268608470381920e+00 1.100000000000000000e+01
4.669319741377795374e+00 2.200000000000000000e+01
2.343414637195718075e+00 1.500000000000000000e+01
1.430986599039834317e+01 1.600000000000000000e+01
4.684067307047740769e+00 4.900000000000000000e+01
5.133229499602568247e+00 4.900000000000000000e+01
1.921312016073575935e+00 2.100000000000000000e+01
2.754655945703703868e+00 2.000000000000000000e+01
2.563671722053089574e+00 3.400000000000000000e+01
1.726157681649214837e+01 1.160000000000000000e+02
1.536570935154897732e+01 2.400000000000000000e+01
1.625994955342426440e+00 1.600000000000000000e+01
1.054178349509032664e+01 3.400000000000000000e+01
3.069990345599669546e+00 2.300000000000000000e+01
4.667070223473973378e+00 5.600000000000000000e+01
5.047203694466482204e+00 5.100000000000000000e+01
1.932949552389205738e+00 1.700000000000000000e+01
2.840805523943021438e+00 1.600000000000000000e+01
2.447433869302479081e+00 2.700000000000000000e+01
1.804191150671469046e+01 1.090000000000000000e+02
1.438396746836113671e+01 2.500000000000000000e+01
1.803761234793813006e+00 1.400000000000000000e+01
9.582498157327068000e+00 2.900000000000000000e+01
5.290718636769725869e+00 1.500000000000000000e+01
2.264884130735781653e+00 2.700000000000000000e+01
4.463954046801453579e+00 5.200000000000000000e+01
5.404469907057086964e+00 5.300000000000000000e+01
2.079497272811739794e+00 1.100000000000000000e+01
2.231071624563392586e+00 2.600000000000000000e+01
1.735668823980385511e+01 1.270000000000000000e+02
1.299865198924162257e+01 2.600000000000000000e+01
1.950547054347141929e+00 1.100000000000000000e+01
1.095665722817887655e+01 1.800000000000000000e+01
5.201186421749800282e+00 1.600000000000000000e+01
2.334981220048013117e+00 2.300000000000000000e+01
4.601573591335040625e+00 5.200000000000000000e+01
5.328293011812440305e+00 4.900000000000000000e+01
2.635356972899020711e+00 3.000000000000000000e+01
1.868556596504370759e+01 1.220000000000000000e+02
1.517731367587023605e+01 2.200000000000000000e+01
9.788897606632264825e+00 1.100000000000000000e+01
6.754995732644901274e+00 1.600000000000000000e+01
2.231832525967343273e+00 1.900000000000000000e+01
3.795807330663565793e+00 3.900000000000000000e+01
5.243705395046609929e+00 5.300000000000000000e+01
2.817936418521427289e+00 2.700000000000000000e+01
1.850992417245443988e+01 1.220000000000000000e+02
1.543706060265770752e+01 2.200000000000000000e+01
5.640822624925341700e+00 1.200000000000000000e+01
2.535936349425569780e+00 2.600000000000000000e+01
4.611640426897767320e+00 4.300000000000000000e+01
4.915420457544874111e+00 4.600000000000000000e+01
1.917140013068594495e+00 1.300000000000000000e+01
2.128005200818341880e+00 1.900000000000000000e+01
1.883313730550226595e+01 1.190000000000000000e+02
1.640109882235015348e+01 2.200000000000000000e+01
6.702944402247964284e+00 1.600000000000000000e+01
2.327844350562995324e+00 1.500000000000000000e+01
4.695903436721870605e+00 3.300000000000000000e+01
5.055976088899900134e+00 4.800000000000000000e+01
1.824681413182789314e+00 1.100000000000000000e+01
1.982690180173007910e+00 1.700000000000000000e+01
1.868112124711525368e+01 1.140000000000000000e+02
1.602778694270545046e+01 2.400000000000000000e+01
1.644128611558254516e+00 1.100000000000000000e+01
2.229455546202670391e+00 1.900000000000000000e+01
4.779028503473051082e+00 4.400000000000000000e+01
4.014804625959625284e+00 3.500000000000000000e+01
1.904219280309082718e+00 1.800000000000000000e+01
1.946345874753997762e+01 1.260000000000000000e+02
1.556692715155405082e+01 2.200000000000000000e+01
2.181359658645159350e+00 1.100000000000000000e+01
2.098449394968004533e+00 1.800000000000000000e+01
4.665494252340677939e+00 4.600000000000000000e+01
4.944042286541947107e+00 4.400000000000000000e+01
2.220962618262440014e+00 1.500000000000000000e+01
1.849375758909447498e+01 1.330000000000000000e+02
1.606789651730581170e+01 2.100000000000000000e+01
1.745596095901667422e+00 1.100000000000000000e+01
2.081839508359415447e+00 1.700000000000000000e+01
4.799245370517259524e+00 5.300000000000000000e+01
2.863557113895442097e+00 2.600000000000000000e+01
2.438975015996127205e+00 1.200000000000000000e+01
1.824180684600772651e+01 1.180000000000000000e+02
1.455104972845207456e+01 2.300000000000000000e+01
1.940847435280367961e+00 1.700000000000000000e+01
4.957698913609005942e+00 5.600000000000000000e+01
2.856628240723310785e+00 2.900000000000000000e+01
1.982663992517766971e+01 1.020000000000000000e+02
1.658039279693764456e+01 2.200000000000000000e+01
2.133309476583116648e+00 1.800000000000000000e+01
5.113813634195930824e+00 5.600000000000000000e+01
2.267166878403132468e+00 2.400000000000000000e+01
1.968593392249873020e+01 1.050000000000000000e+02
1.896725852442663651e+01 1.600000000000000000e+01
4.711709227152100610e+00 4.400000000000000000e+01
2.040918816044129613e+00 2.200000000000000000e+01
1.857537035451716179e+01 1.000000000000000000e+02
1.431646423621864805e+01 1.900000000000000000e+01
4.927848311761674260e+00 5.100000000000000000e+01
3.191405053658001201e+00 2.800000000000000000e+01
2.019949467340255111e+01 9.300000000000000000e+01
1.858246945499746872e+01 1.300000000000000000e+01
4.384921756385051772e+00 5.700000000000000000e+01
3.116509876590460859e+00 2.500000000000000000e+01
2.019216589438304510e+01 7.800000000000000000e+01
1.882910164145603460e+01 1.400000000000000000e+01
4.555655154039762955e+00 4.900000000000000000e+01
1.935093424558498310e+00 1.900000000000000000e+01
1.552673843028636647e+01 1.800000000000000000e+01
1.986758600587931767e+01 7.700000000000000000e+01
4.690438065623428798e+00 3.500000000000000000e+01
3.498599889339412794e+00 2.900000000000000000e+01
2.010201035688798754e+01 7.700000000000000000e+01
1.805313393602718364e+01 1.300000000000000000e+01
3.263103198882629119e+00 3.000000000000000000e+01
3.398015979363221195e+00 2.500000000000000000e+01
2.080791663621199206e+01 6.000000000000000000e+01
1.653090387403992523e+01 1.700000000000000000e+01
3.947781230443812017e+00 3.500000000000000000e+01
2.242082634374047423e+00 1.200000000000000000e+01
2.101200415987739945e+01 7.100000000000000000e+01
1.754350250365996544e+01 1.100000000000000000e+01
3.983612353580540777e+00 3.700000000000000000e+01
3.316770408705466799e+00 2.400000000000000000e+01
2.142107446522534175e+01 6.200000000000000000e+01
4.025246376758619071e+00 2.900000000000000000e+01
2.898726312450287335e+00 2.100000000000000000e+01
2.092862814702079532e+01 6.900000000000000000e+01
1.531750970599306783e+01 1.300000000000000000e+01
4.086819461862178926e+00 3.200000000000000000e+01
1.528904837632073743e+00 1.100000000000000000e+01
2.084813475515758441e+01 5.300000000000000000e+01
1.853278007746245493e+01 1.600000000000000000e+01
4.173237807311561909e+00 2.500000000000000000e+01
3.058295840372284857e+00 2.100000000000000000e+01
1.999355036181294309e+01 1.500000000000000000e+01
2.138245534775785828e+01 5.700000000000000000e+01
3.041885967766511545e+00 2.500000000000000000e+01
2.815470224043706171e+00 2.300000000000000000e+01
2.187197554878838801e+01 7.000000000000000000e+01
1.783210809708758049e+01 1.500000000000000000e+01
3.291711561507087769e+00 2.300000000000000000e+01
2.442184763668756808e+00 2.500000000000000000e+01
2.149320222121625790e+01 7.100000000000000000e+01
2.037350077096461831e+01 1.200000000000000000e+01
3.214602607723425098e+00 1.700000000000000000e+01
2.665330378364555219e+00 2.700000000000000000e+01
2.262829242271042673e+01 6.600000000000000000e+01
2.040958376910480254e+01 1.600000000000000000e+01
3.730960086402091314e+00 1.800000000000000000e+01
1.645512460082818817e+00 1.500000000000000000e+01
2.282177393789246267e+01 5.700000000000000000e+01
1.989631259390882079e+01 1.400000000000000000e+01
3.066937132960022350e+00 1.100000000000000000e+01
1.805666437137332325e+00 1.100000000000000000e+01
2.179803061695214339e+01 5.500000000000000000e+01
2.408770443422413976e+00 1.700000000000000000e+01
2.202625302065681723e+01 5.500000000000000000e+01
2.139683005635704305e+01 1.300000000000000000e+01
3.057127023953472023e+00 1.600000000000000000e+01
2.260778729600193770e+00 1.900000000000000000e+01
2.212445679625016126e+01 5.600000000000000000e+01
1.791536764939520054e+01 1.500000000000000000e+01
2.104696315454594124e+00 1.300000000000000000e+01
2.294400274160626552e+01 5.600000000000000000e+01
1.849724052644052463e+01 1.400000000000000000e+01
1.897904090902615248e+00 1.100000000000000000e+01
2.323543474719433277e+01 4.400000000000000000e+01
2.033091964161150500e+01 1.100000000000000000e+01
2.116689417562366504e+00 1.200000000000000000e+01
2.369430846816295855e+01 4.600000000000000000e+01
2.224031629061218851e+01 1.300000000000000000e+01
2.114836065341804794e+00 1.300000000000000000e+01
2.287579167446069661e+01 3.200000000000000000e+01
2.145227879424502326e+00 1.300000000000000000e+01
2.106330880520299331e+01 1.300000000000000000e+01
2.315300011665339852e+01 2.900000000000000000e+01
2.190215445968845209e+00 1.100000000000000000e+01
2.368146764355880407e+01 2.200000000000000000e+01
2.344536816665772960e+01 2.900000000000000000e+01
2.257751176859466025e+00 1.200000000000000000e+01
2.305395914008318314e+01 2.800000000000000000e+01
2.173231283280989246e+01 2.700000000000000000e+01
2.396106245909934174e+01 2.100000000000000000e+01
2.308441699852599172e+01 1.400000000000000000e+01
1.406095637043445201e+00 1.100000000000000000e+01
2.168251822005318630e+01 1.800000000000000000e+01
1.426164782113688467e+00 1.100000000000000000e+01
2.209477776190350085e+01 1.100000000000000000e+01
2.243509096125115576e+01 1.100000000000000000e+01
2.522728968825231277e+01 1.600000000000000000e+01
2.492180851181887036e+01 1.500000000000000000e+01
2.539846901330346896e+01 1.400000000000000000e+01
