# rg size
1.443132109116125150e+01 5.000000000000000000e+02
1.483554751363266710e+01 5.460000000000000000e+02
8.330692509533593082e+00 2.200000000000000000e+01
9.750128151401321830e+00 2.500000000000000000e+01
1.077271846700062241e+01 4.350000000000000000e+02
1.111947880827790947e+01 3.490000000000000000e+02
1.426241954463188399e+01 4.950000000000000000e+02
1.495492834804766957e+01 5.280000000000000000e+02
1.119459763396140062e+01 5.220000000000000000e+02
1.157379880283725093e+01 3.200000000000000000e+01
1.106032592391775893e+01 4.110000000000000000e+02
1.430893700140925695e+01 4.850000000000000000e+02
1.492636046867336752e+01 5.020000000000000000e+02
1.129080771870462385e+01 5.190000000000000000e+02
1.103761535069972055e+01 4.100000000000000000e+02
1.115867042697666456e+01 3.700000000000000000e+01
1.443704760770988571e+01 4.550000000000000000e+02
1.128674907515986625e+01 4.280000000000000000e+02
1.451566286662761129e+01 4.010000000000000000e+02
1.134033098330276523e+01 2.900000000000000000e+01
1.112532829228968900e+01 3.220000000000000000e+02
4.992889769784562226e+00 3.900000000000000000e+01
4.407150007795360480e+00 7.200000000000000000e+01
1.106708800608681997e+01 6.070000000000000000e+02
1.165439483026866974e+01 1.220000000000000000e+02
1.346927345971614010e+01 2.050000000000000000e+02
1.117456954881929043e+01 7.790000000000000000e+02
7.504121959720769119e+00 1.640000000000000000e+02
1.103873543578795591e+01 2.210000000000000000e+02
6.440698826244473985e+00 1.550000000000000000e+02
1.043405490252180812e+01 1.030000000000000000e+02
1.096090022813551457e+01 7.300000000000000000e+02
1.164758785872387747e+01 9.800000000000000000e+01
1.439567294494562510e+01 2.150000000000000000e+02
1.110380701621061306e+01 7.480000000000000000e+02
6.687631417200107009e+00 1.640000000000000000e+02
6.270869796319414213e+00 1.610000000000000000e+02
1.086188078128079404e+01 1.990000000000000000e+02
1.027907361510603579e+01 1.090000000000000000e+02
1.099709523232911579e+01 7.040000000000000000e+02
1.116784431898361341e+01 1.070000000000000000e+02
1.448440580598695604e+01 2.260000000000000000e+02
1.091343581309025090e+01 7.150000000000000000e+02
8.442209486251567085e+00 1.840000000000000000e+02
1.065141789344560763e+01 1.870000000000000000e+02
5.806023384009306731e+00 1.410000000000000000e+02
1.079973916364270359e+01 1.100000000000000000e+02
1.092951178756149844e+01 6.960000000000000000e+02
1.197525515027216692e+01 1.210000000000000000e+02
1.432039785536024290e+01 2.060000000000000000e+02
7.360432918749741482e+00 1.570000000000000000e+02
1.080865590957828459e+01 6.400000000000000000e+02
1.733425050034352433e+00 1.200000000000000000e+01
1.053890277137226761e+01 1.780000000000000000e+02
6.003586211359010605e+00 1.510000000000000000e+02
1.069582518383934833e+01 1.110000000000000000e+02
1.100020645916876560e+01 7.000000000000000000e+02
1.168464279524223315e+01 1.060000000000000000e+02
1.412573843518006100e+01 1.770000000000000000e+02
6.550180178365462957e+00 1.560000000000000000e+02
2.042028983434148959e+00 1.500000000000000000e+01
1.051269134136562045e+01 1.400000000000000000e+01
1.079424641179360655e+01 6.130000000000000000e+02
2.157124376887832096e+00 1.700000000000000000e+01
6.463956650123280134e+00 1.390000000000000000e+02
1.040516277978342430e+01 1.740000000000000000e+02
9.337862572641869363e+00 9.000000000000000000e+01
1.068875137412583953e+01 9.200000000000000000e+01
1.367316573052235817e+01 1.520000000000000000e+02
1.235247290541213694e+01 1.224000000000000000e+03
6.507982164334856101e+00 1.440000000000000000e+02
1.055076553677529283e+01 1.680000000000000000e+02
2.016317477506266442e+00 1.600000000000000000e+01
3.366387677464707018e+00 3.400000000000000000e+01
2.347438198186183378e+00 1.900000000000000000e+01
1.037233660459807894e+01 1.800000000000000000e+01
6.700443562831934763e+00 1.460000000000000000e+02
1.730735404402236499e+00 1.200000000000000000e+01
1.028493183110747111e+01 5.400000000000000000e+01
1.202076304866578305e+01 2.100000000000000000e+01
1.071475204667086878e+01 6.670000000000000000e+02
1.075639616338111004e+01 6.600000000000000000e+01
1.353788037778318198e+01 9.600000000000000000e+01
1.132336558586151298e+01 4.700000000000000000e+01
1.283953496601564659e+01 1.500000000000000000e+02
6.875814180316704771e+00 1.280000000000000000e+02
1.614623894941456683e+01 8.500000000000000000e+01
3.956216953341576303e+00 3.900000000000000000e+01
1.043598838177613430e+01 4.230000000000000000e+02
8.179105718028138128e+00 1.790000000000000000e+02
1.032315506709443831e+01 1.580000000000000000e+02
2.158215017384012224e+00 2.200000000000000000e+01
1.050516199366480308e+01 4.400000000000000000e+01
3.879804089835250380e+00 7.700000000000000000e+01
1.030297712840994961e+01 5.200000000000000000e+01
2.008560966421479410e+00 2.200000000000000000e+01
1.927934690109623928e+00 1.800000000000000000e+01
1.108689385290452911e+01 7.800000000000000000e+02
9.292639312486363323e+00 3.100000000000000000e+01
1.640327806989974135e+01 2.330000000000000000e+02
1.371549712793925480e+01 6.700000000000000000e+01
1.033096232896234135e+01 2.220000000000000000e+02
1.442320132856220027e+01 1.410000000000000000e+02
7.881799974707571543e+00 1.460000000000000000e+02
2.486875150499175291e+00 2.300000000000000000e+01
1.343528678207618476e+01 1.400000000000000000e+01
9.195040643388409762e+00 2.860000000000000000e+02
6.712283388625285951e+00 1.470000000000000000e+02
9.777911795075038270e+00 1.710000000000000000e+02
1.728663961339818478e+00 1.300000000000000000e+01
6.523446239034102589e+00 4.600000000000000000e+01
1.582678393783652826e+00 1.100000000000000000e+01
1.096810846580660836e+01 7.770000000000000000e+02
9.355668869034106550e+00 3.700000000000000000e+01
1.774700721901937683e+01 3.480000000000000000e+02
1.131870357557026985e+01 2.860000000000000000e+02
1.396667238249509246e+01 1.600000000000000000e+02
7.763003305347657701e+00 1.060000000000000000e+02
2.329453507978655580e+00 2.600000000000000000e+01
9.399165452712622937e+00 2.560000000000000000e+02
1.014227084175711902e+01 1.730000000000000000e+02
1.010946597288092796e+01 3.250000000000000000e+02
3.145332224900689866e+00 3.500000000000000000e+01
1.095208741555359389e+01 7.890000000000000000e+02
1.049858290887287460e+01 2.080000000000000000e+02
1.792374405173415397e+01 3.500000000000000000e+02
1.132266990188994527e+01 2.810000000000000000e+02
1.046640964419207442e+01 1.440000000000000000e+02
1.205474755538326370e+01 2.210000000000000000e+02
2.191162476760356359e+00 2.400000000000000000e+01
1.022061527478676801e+01 3.850000000000000000e+02
1.019150063604776157e+01 1.640000000000000000e+02
1.930607756458720736e+00 1.800000000000000000e+01
1.855643959346847227e+00 1.800000000000000000e+01
1.797193926164139199e+01 3.650000000000000000e+02
1.101237218928725170e+01 2.750000000000000000e+02
1.085871460618305484e+01 7.740000000000000000e+02
1.092610289362557907e+01 1.460000000000000000e+02
1.092689710911431078e+01 3.890000000000000000e+02
9.915887011630893255e+00 2.450000000000000000e+02
9.852023655018220083e+00 5.190000000000000000e+02
2.147341151332208486e+00 2.100000000000000000e+01
1.199912313205309822e+01 1.600000000000000000e+01
9.169399213081202760e+00 3.900000000000000000e+01
9.531285609449877683e+00 1.050000000000000000e+02
1.109274345811913243e+01 4.900000000000000000e+01
1.650118485566439475e+01 1.200000000000000000e+01
2.264688323701265382e+00 2.500000000000000000e+01
1.094402285306780520e+01 7.770000000000000000e+02
1.026276166773902609e+01 2.290000000000000000e+02
1.801029438543019978e+01 3.290000000000000000e+02
1.085272683934627480e+01 2.430000000000000000e+02
1.071016237407428484e+01 3.920000000000000000e+02
1.145260667356286177e+01 4.000000000000000000e+01
1.020245883854195412e+01 6.250000000000000000e+02
9.250212599331648633e+00 9.800000000000000000e+01
2.218950443621861002e+00 2.200000000000000000e+01
1.143468717964242209e+01 2.700000000000000000e+01
1.240108581339043425e+01 5.800000000000000000e+01
1.520587067897562861e+01 3.100000000000000000e+01
9.715378973401003648e+00 8.400000000000000000e+01
1.083940895553219619e+01 1.700000000000000000e+01
2.560708173462518555e+00 3.000000000000000000e+01
1.748960204241275962e+00 1.100000000000000000e+01
1.073697044734815442e+01 7.390000000000000000e+02
1.825115432859076492e+01 3.020000000000000000e+02
1.044976506502348457e+01 2.750000000000000000e+02
1.077632101531791164e+01 3.880000000000000000e+02
1.090845003686825265e+01 1.270000000000000000e+02
1.073231038029551243e+01 2.010000000000000000e+02
9.860147314225025994e+00 5.820000000000000000e+02
1.865145330079714725e+00 1.800000000000000000e+01
1.039256662491178851e+01 3.300000000000000000e+01
1.086327857493242810e+01 5.600000000000000000e+01
1.538689141760572809e+01 3.000000000000000000e+01
9.442024104586542066e+00 8.100000000000000000e+01
3.714096971644269551e+00 7.000000000000000000e+01
2.227844391294063087e+00 2.400000000000000000e+01
9.762227763218621845e+00 1.160000000000000000e+02
1.842942961778825861e+01 2.080000000000000000e+02
1.024618591329789297e+01 6.340000000000000000e+02
1.846391607921427180e+01 2.700000000000000000e+01
1.048265456128435069e+01 3.660000000000000000e+02
7.058948528212102502e+00 1.200000000000000000e+01
1.071143474694940423e+01 3.540000000000000000e+02
1.102175123700185289e+01 2.040000000000000000e+02
9.821846090835355980e+00 6.330000000000000000e+02
1.068563683490031835e+01 2.900000000000000000e+01
1.339722976728080717e+01 6.600000000000000000e+01
9.551852844209582472e+00 7.800000000000000000e+01
1.510072233060206415e+01 2.400000000000000000e+01
1.074357956263276925e+01 1.900000000000000000e+01
3.453074767861947780e+00 5.100000000000000000e+01
2.473932649987379939e+00 3.000000000000000000e+01
9.128320289502225293e+00 8.500000000000000000e+01
1.851516308569114955e+01 2.200000000000000000e+02
1.808698693796156931e+01 4.900000000000000000e+01
1.017777254236973050e+01 6.240000000000000000e+02
1.058004869681207971e+01 3.390000000000000000e+02
1.061897115199540309e+01 3.590000000000000000e+02
9.815582345043878831e+00 6.300000000000000000e+02
1.110212068786515971e+01 2.040000000000000000e+02
1.071708156486173991e+01 2.700000000000000000e+01
1.138369529660005064e+01 6.400000000000000000e+01
1.026247924046633919e+01 1.700000000000000000e+01
2.473494255866986791e+00 5.000000000000000000e+01
9.923144141393390072e+00 7.500000000000000000e+01
1.304378535005577966e+01 1.600000000000000000e+01
2.352205385974516449e+00 3.000000000000000000e+01
9.944222304545593971e+00 8.100000000000000000e+01
1.512558049533257254e+01 6.550000000000000000e+02
1.009306699819557629e+01 5.470000000000000000e+02
1.781894043115811144e+01 6.700000000000000000e+01
1.169138149496840207e+01 3.040000000000000000e+02
9.701917968578285922e+00 6.540000000000000000e+02
1.226275663269317029e+01 1.500000000000000000e+01
1.050250260149600301e+01 4.100000000000000000e+01
1.020528000226917342e+01 9.600000000000000000e+01
1.066345986055989314e+01 1.770000000000000000e+02
2.605995468814517935e+00 4.700000000000000000e+01
1.774543038876599477e+00 1.300000000000000000e+01
1.242738231737785704e+01 1.100000000000000000e+01
1.062272585350484100e+01 8.000000000000000000e+01
1.526499821057895900e+01 6.380000000000000000e+02
1.024138324818955859e+01 5.460000000000000000e+02
1.752065157916144855e+01 7.400000000000000000e+01
9.229785475773436332e+00 2.200000000000000000e+01
7.585814857730922789e+00 1.900000000000000000e+01
1.175378301740308729e+01 2.290000000000000000e+02
9.648565030572816781e+00 6.880000000000000000e+02
1.075945201855973110e+01 1.530000000000000000e+02
9.713044192221218509e+00 6.800000000000000000e+01
2.524618704531937485e+00 3.700000000000000000e+01
3.389526960623317819e+00 1.200000000000000000e+01
1.907742328089999884e+00 1.600000000000000000e+01
1.004069853935879131e+01 5.230000000000000000e+02
1.713539374177219798e+01 5.500000000000000000e+01
8.599865094189416581e+00 8.200000000000000000e+01
9.230853822133409992e+00 2.400000000000000000e+01
1.504882814805504232e+01 5.760000000000000000e+02
7.477984478641654498e+00 2.100000000000000000e+01
1.138516181368551727e+01 7.700000000000000000e+01
1.019860874409302376e+01 1.430000000000000000e+02
9.850244243087503904e+00 5.130000000000000000e+02
6.420143520915355673e+00 1.300000000000000000e+01
6.039571654033295545e+00 4.600000000000000000e+01
1.764131526141832218e+00 1.300000000000000000e+01
2.343572509301781182e+00 3.700000000000000000e+01
3.322492672746190756e+00 3.000000000000000000e+01
3.310019222693480145e+00 3.400000000000000000e+01
2.105022111810794350e+00 1.100000000000000000e+01
1.004279158183387111e+01 5.920000000000000000e+02
1.522006909554450615e+01 9.110000000000000000e+02
1.762328432713117010e+01 4.500000000000000000e+01
9.210312585385786122e+00 6.600000000000000000e+01
9.186342799146730798e+00 6.900000000000000000e+01
9.480698960139942955e+00 1.150000000000000000e+02
1.939736910083035504e+00 1.200000000000000000e+01
1.004764345306826101e+01 3.700000000000000000e+02
7.447217422624680339e+00 4.800000000000000000e+01
2.982644980344040686e+00 2.800000000000000000e+01
1.626390028126867948e+00 1.100000000000000000e+01
2.339325056222910870e+00 3.000000000000000000e+01
2.260450579304804641e+00 1.600000000000000000e+01
3.338667693185708440e+00 6.300000000000000000e+01
1.528613193513621304e+01 9.320000000000000000e+02
9.699339208043971539e+00 5.460000000000000000e+02
1.800727467957623418e+01 2.100000000000000000e+01
8.820853328575926966e+00 3.400000000000000000e+01
2.441444641961425521e+00 1.400000000000000000e+01
9.535895399967136754e+00 1.190000000000000000e+02
5.909619018825250869e+00 5.800000000000000000e+01
1.040892313101373823e+01 3.450000000000000000e+02
4.863741554918621368e+00 3.300000000000000000e+01
7.294094735691132314e+00 5.600000000000000000e+01
2.760200650736142958e+00 2.800000000000000000e+01
1.413645898994755568e+00 1.100000000000000000e+01
2.486240193239643848e+00 3.200000000000000000e+01
2.053197350338708649e+00 2.100000000000000000e+01
2.854225597605754228e+00 6.000000000000000000e+01
9.575636705911753310e+00 4.890000000000000000e+02
1.437047949809932845e+01 1.019000000000000000e+03
1.810610412478236597e+01 2.900000000000000000e+01
1.065640355966945663e+01 3.200000000000000000e+02
9.115237870400871856e+00 8.200000000000000000e+01
6.373903758357575278e+00 5.300000000000000000e+01
1.012393596979587151e+01 1.290000000000000000e+02
3.247548117488253450e+00 2.400000000000000000e+01
1.943918351051415749e+00 1.100000000000000000e+01
9.464376920267540072e+00 1.500000000000000000e+01
1.674388216847447319e+00 1.200000000000000000e+01
2.048437646473748153e+00 2.200000000000000000e+01
3.079552648610660359e+00 1.400000000000000000e+01
3.455612938023065794e+00 7.200000000000000000e+01
1.733728843224881633e+00 1.100000000000000000e+01
8.512272417533916169e+00 3.910000000000000000e+02
1.391564632772678678e+01 1.011000000000000000e+03
1.598352413642808045e+01 1.500000000000000000e+01
9.040366199686632243e+00 7.000000000000000000e+01
9.906045981206952789e+00 1.320000000000000000e+02
6.343976327717816943e+00 4.500000000000000000e+01
1.028867265064513248e+01 1.690000000000000000e+02
4.271275764924670426e+00 3.100000000000000000e+01
5.562988009064715911e+00 7.000000000000000000e+01
2.013264651735187538e+00 1.500000000000000000e+01
6.884642441463325824e+00 9.900000000000000000e+01
2.064519015987043904e+00 1.100000000000000000e+01
2.166848461681731397e+00 1.700000000000000000e+01
8.330535052233521753e+00 3.680000000000000000e+02
1.394854336671437522e+01 9.130000000000000000e+02
8.756793291329302065e+00 5.800000000000000000e+01
1.018155002569295320e+01 1.440000000000000000e+02
1.149500417139755903e+01 1.100000000000000000e+01
7.996130722395700552e+00 5.700000000000000000e+01
2.560587606806943750e+00 1.900000000000000000e+01
4.239005896499519643e+00 1.440000000000000000e+02
1.948600182849623552e+00 1.200000000000000000e+01
1.067982434250377111e+01 1.820000000000000000e+02
4.043975528526052798e+00 5.300000000000000000e+01
6.229627841578974312e+00 6.000000000000000000e+01
2.173881030619085220e+00 2.100000000000000000e+01
2.057129103640449763e+00 1.400000000000000000e+01
1.920055769907743848e+00 1.600000000000000000e+01
8.119841808530127381e+00 2.800000000000000000e+02
1.335304353368673702e+01 8.490000000000000000e+02
1.332081987320218452e+01 1.200000000000000000e+01
1.026041228882168532e+01 5.900000000000000000e+01
8.234983342971062825e+00 5.300000000000000000e+01
2.187352911684030676e+00 2.600000000000000000e+01
1.044677894626011216e+01 1.200000000000000000e+02
1.052332344311633960e+01 1.440000000000000000e+02
6.308699375765283612e+00 4.500000000000000000e+01
3.911256334688685499e+00 4.700000000000000000e+01
2.235772653239247010e+00 2.100000000000000000e+01
7.646451454073606158e+00 1.900000000000000000e+01
1.527177951720699411e+01 1.500000000000000000e+01
4.157043860113561529e+00 1.410000000000000000e+02
2.021818588755458279e+00 1.700000000000000000e+01
1.297725534650930257e+01 1.056000000000000000e+03
9.007123203845829096e+00 1.500000000000000000e+01
2.530132141885310659e+00 3.000000000000000000e+01
6.962513726738178477e+00 2.800000000000000000e+01
5.249911832434229986e+00 5.200000000000000000e+01
1.037389272776346871e+01 9.800000000000000000e+01
1.022338933862573462e+01 1.260000000000000000e+02
4.425773482153613436e+00 1.440000000000000000e+02
3.579607504313281563e+00 4.800000000000000000e+01
4.546037918175555248e+00 5.100000000000000000e+01
1.967060453064096492e+00 1.300000000000000000e+01
2.463920548481400630e+00 1.100000000000000000e+01
1.897216810444697810e+00 1.200000000000000000e+01
1.324721720198600572e+01 1.190000000000000000e+03
1.405832625495184018e+01 1.200000000000000000e+02
3.338366582998130827e+00 4.900000000000000000e+01
1.007853836892069133e+01 1.200000000000000000e+01
5.472663512284380971e+00 4.800000000000000000e+01
1.002292172350633948e+01 9.700000000000000000e+01
1.014499329301517783e+01 1.270000000000000000e+02
1.224115914907765124e+01 1.200000000000000000e+01
4.278468100021746601e+00 3.800000000000000000e+01
1.956280316345006876e+00 1.300000000000000000e+01
3.781442176219955265e+00 4.300000000000000000e+01
3.826329820177601704e+00 7.400000000000000000e+01
2.471551383037526417e+00 1.100000000000000000e+01
6.491452246176947938e+00 1.200000000000000000e+01
2.090494770014259096e+00 2.700000000000000000e+01
1.335607631229794201e+01 1.201000000000000000e+03
1.783262941760552422e+01 1.090000000000000000e+02
4.138000508757989415e+00 6.700000000000000000e+01
7.692817726092039621e+00 1.500000000000000000e+01
9.979895110434492622e+00 1.040000000000000000e+02
8.761794416681155440e+00 6.900000000000000000e+01
1.146768484572334401e+01 4.500000000000000000e+01
4.243186582942142238e+00 3.800000000000000000e+01
2.960607811345197238e+00 3.900000000000000000e+01
2.115112099866481632e+00 1.500000000000000000e+01
4.995624743906073917e+00 5.000000000000000000e+01
3.849899988414215546e+00 5.400000000000000000e+01
2.415814298025732221e+00 1.100000000000000000e+01
1.336210474787747771e+01 1.085000000000000000e+03
6.519703178996708814e+00 4.000000000000000000e+01
1.786194823020816713e+01 8.700000000000000000e+01
4.758118673063015613e+00 7.600000000000000000e+01
5.479615486167475069e+00 1.300000000000000000e+01
9.851105437259024100e+00 1.040000000000000000e+02
9.366049361690651054e+00 7.800000000000000000e+01
4.397037823791696276e+00 5.300000000000000000e+01
4.104458432831905590e+00 4.100000000000000000e+01
1.080950899591258718e+01 3.700000000000000000e+01
2.613545524746438087e+00 3.500000000000000000e+01
1.876408770192525610e+00 1.300000000000000000e+01
3.891197248561018895e+00 2.800000000000000000e+01
4.945968577312917169e+00 4.800000000000000000e+01
1.841374068335555059e+00 1.200000000000000000e+01
1.316159963981619363e+01 1.164000000000000000e+03
9.949759379166115636e+00 1.300000000000000000e+01
1.679012072941806366e+01 1.200000000000000000e+01
4.470670013377775476e+00 7.800000000000000000e+01
1.430820924133391081e+01 3.600000000000000000e+01
1.874293627776717486e+00 1.200000000000000000e+01
5.656709244235674561e+00 1.200000000000000000e+01
6.348045373617940967e+00 1.100000000000000000e+01
3.378351125118367104e+00 4.000000000000000000e+01
7.493010883810323541e+00 6.400000000000000000e+01
1.000749951014092076e+01 3.300000000000000000e+01
4.793333949770520519e+00 2.400000000000000000e+01
4.105017996461101326e+00 4.200000000000000000e+01
8.523551717539012529e+00 1.400000000000000000e+01
4.016666402238210587e+00 5.500000000000000000e+01
4.820976566169481892e+00 4.200000000000000000e+01
2.060988337473134369e+00 1.700000000000000000e+01
9.910934346467907829e+00 4.900000000000000000e+01
1.594703785828407838e+01 1.200000000000000000e+01
1.303491351095612671e+01 1.013000000000000000e+03
1.944143789411355527e+01 2.300000000000000000e+01
1.650059844097662065e+01 1.200000000000000000e+01
4.869408899254636047e+00 8.900000000000000000e+01
9.642592508191967227e+00 1.400000000000000000e+01
5.691906174232666871e+00 1.200000000000000000e+01
2.160431622184398215e+00 1.100000000000000000e+01
4.202619917515718839e+00 4.500000000000000000e+01
6.562842801573982143e+00 5.300000000000000000e+01
4.561907483292635845e+00 7.900000000000000000e+01
2.245084256655504706e+00 2.100000000000000000e+01
2.834415666869501749e+00 3.000000000000000000e+01
3.523204422324392571e+00 2.600000000000000000e+01
1.116009610214028847e+01 1.100000000000000000e+01
1.077183866120615185e+01 3.300000000000000000e+01
2.327713074853499986e+00 1.400000000000000000e+01
8.731548324163762587e+00 4.700000000000000000e+01
1.706060019370717828e+00 1.200000000000000000e+01
7.024005358651661091e+00 3.000000000000000000e+01
1.703919176180496109e+01 2.800000000000000000e+01
1.284466917073659253e+01 1.007000000000000000e+03
1.027164639822011161e+01 1.600000000000000000e+01
4.886897554129504329e+00 1.110000000000000000e+02
2.930782344097583092e+00 1.200000000000000000e+01
8.091100097825359327e+00 4.200000000000000000e+01
3.035110044246887906e+00 3.900000000000000000e+01
5.320689072399370723e+00 1.800000000000000000e+01
4.255647462295766736e+00 3.200000000000000000e+01
2.213193514066557288e+00 2.200000000000000000e+01
1.719997093741383765e+01 2.100000000000000000e+01
5.295960395902699958e+00 3.300000000000000000e+01
2.717659142585330923e+00 1.300000000000000000e+01
4.430031083662544944e+00 6.800000000000000000e+01
9.960031550821369706e+00 4.500000000000000000e+01
1.631885485704448024e+00 1.100000000000000000e+01
1.268558472177477903e+01 1.274000000000000000e+03
1.897144692087703532e+01 1.500000000000000000e+01
4.643699383638293376e+00 9.700000000000000000e+01
1.024065525853345449e+01 1.100000000000000000e+01
3.244751437124046678e+00 3.300000000000000000e+01
9.885730645319595666e+00 4.000000000000000000e+01
2.737027729449738267e+00 2.500000000000000000e+01
2.376352568742164273e+00 1.600000000000000000e+01
4.230677577013357116e+00 3.800000000000000000e+01
1.698200023784688639e+01 2.400000000000000000e+01
1.737142486578366629e+01 3.800000000000000000e+01
4.386888946567240488e+00 4.200000000000000000e+01
2.148624607682211973e+00 1.100000000000000000e+01
4.222823495395242155e+00 2.900000000000000000e+01
7.502335972939497388e+00 2.000000000000000000e+01
8.828845667255819762e+00 2.500000000000000000e+01
1.979173966041060995e+00 1.800000000000000000e+01
1.262928436878893024e+01 1.231000000000000000e+03
5.074351720074504080e+00 1.020000000000000000e+02
1.852862411440476365e+01 1.200000000000000000e+01
9.852782679761094897e+00 1.300000000000000000e+01
1.181209659445098126e+01 1.500000000000000000e+01
5.759164111207034864e+00 5.300000000000000000e+01
1.010165223346237617e+01 1.900000000000000000e+01
6.509303848523805058e+00 4.300000000000000000e+01
2.260931596934608656e+00 2.400000000000000000e+01
2.429623196754996606e+00 1.600000000000000000e+01
2.288890484328960362e+00 1.300000000000000000e+01
1.801931745418720610e+01 1.600000000000000000e+01
3.838135605453918409e+00 2.200000000000000000e+01
2.697230635619358718e+00 2.200000000000000000e+01
7.220698236514541790e+00 1.400000000000000000e+01
9.933830019026476776e+00 1.900000000000000000e+01
1.980769829025466056e+00 2.100000000000000000e+01
1.966983427319608957e+00 1.300000000000000000e+01
1.304789391085503603e+01 1.123000000000000000e+03
4.927419609416944013e+00 1.000000000000000000e+02
1.920346238249634752e+01 1.800000000000000000e+01
7.741059626973778585e+00 2.400000000000000000e+01
9.372127144025141021e+00 2.000000000000000000e+01
4.106001573708487840e+00 5.100000000000000000e+01
3.353942037893387962e+00 2.900000000000000000e+01
1.035496650922018524e+01 2.100000000000000000e+01
2.268333141511965856e+00 2.000000000000000000e+01
2.292691323925788449e+00 1.700000000000000000e+01
2.050244779940764150e+00 1.100000000000000000e+01
1.548519373852589354e+01 1.500000000000000000e+01
3.190113682500362646e+00 1.400000000000000000e+01
4.469526861095154402e+00 5.200000000000000000e+01
2.675533846836056107e+00 2.200000000000000000e+01
2.012380109417086338e+00 1.100000000000000000e+01
4.686494887740373372e+00 2.000000000000000000e+01
2.262172095613802281e+00 2.600000000000000000e+01
8.411456569369768488e+00 1.600000000000000000e+01
1.882315324874958673e+00 1.400000000000000000e+01
1.752723318509265882e+00 1.100000000000000000e+01
1.296985864941702893e+01 1.065000000000000000e+03
6.694662689679117484e+00 1.140000000000000000e+02
1.726012141666134880e+01 1.400000000000000000e+01
8.303957498328990994e+00 2.000000000000000000e+01
3.640502107126489140e+00 2.600000000000000000e+01
8.912548854999627679e+00 1.400000000000000000e+01
3.858316217197656606e+00 4.500000000000000000e+01
8.634861875009910648e+00 5.900000000000000000e+01
1.048907693320537327e+01 1.600000000000000000e+01
2.266554881572639513e+00 1.600000000000000000e+01
2.068871036546059194e+00 1.300000000000000000e+01
1.539516323926210362e+01 1.500000000000000000e+01
3.234476496586733418e+00 2.100000000000000000e+01
4.897595046771336058e+00 1.800000000000000000e+01
2.378144396637800639e+00 1.200000000000000000e+01
2.420559530748548127e+00 1.800000000000000000e+01
1.919904696354555629e+00 1.600000000000000000e+01
1.016635574490453564e+01 1.100000000000000000e+01
1.300131539227974287e+01 1.079000000000000000e+03
2.127773931750177283e+01 1.100000000000000000e+01
7.808200654295665011e+00 1.070000000000000000e+02
1.755949469332484369e+01 1.800000000000000000e+01
3.466871716546972237e+00 2.400000000000000000e+01
1.000455933161005184e+01 1.200000000000000000e+01
1.878700626177572053e+00 1.800000000000000000e+01
3.982884318212055241e+00 7.700000000000000000e+01
1.075329872886912952e+01 8.900000000000000000e+01
5.374578839101780581e+00 2.200000000000000000e+01
2.080163858249289621e+00 1.400000000000000000e+01
2.716676311319284665e+00 2.300000000000000000e+01
1.066466324079196504e+01 1.100000000000000000e+01
2.284416772774901183e+00 1.600000000000000000e+01
1.939878592769598953e+00 1.200000000000000000e+01
7.580140857538099297e+00 2.300000000000000000e+01
2.718066144740059364e+00 3.200000000000000000e+01
1.217236119323948174e+01 1.165000000000000000e+03
1.784995626005216351e+01 1.500000000000000000e+01
1.095504515452383565e+01 1.930000000000000000e+02
5.349287963450668038e+00 2.900000000000000000e+01
3.151019018984062559e+00 2.600000000000000000e+01
9.480621718534131048e+00 1.100000000000000000e+01
2.001921296719559429e+00 2.000000000000000000e+01
4.048264454334199236e+00 8.000000000000000000e+01
3.116097789903114812e+00 2.600000000000000000e+01
2.084422995582580818e+00 1.100000000000000000e+01
1.501960362333177557e+01 1.400000000000000000e+01
2.021323642452956371e+00 1.400000000000000000e+01
2.401218748137444958e+00 1.300000000000000000e+01
2.858534850768211566e+00 3.400000000000000000e+01
1.259413044167536277e+01 1.174000000000000000e+03
1.978345388998109655e+01 1.200000000000000000e+01
7.075657282232457490e+00 3.100000000000000000e+01
1.939119395616344121e+01 1.200000000000000000e+01
5.124271740251636231e+00 8.500000000000000000e+01
3.611218866047622100e+00 2.400000000000000000e+01
3.249173672646582300e+00 2.900000000000000000e+01
9.553674079162149724e+00 1.800000000000000000e+01
1.821025822972276886e+00 1.500000000000000000e+01
1.208449712895912675e+01 1.010000000000000000e+02
4.006231953438560645e+00 9.400000000000000000e+01
2.020521939463284067e+00 2.100000000000000000e+01
1.544009640851433751e+01 2.000000000000000000e+01
2.667460520772984900e+00 1.900000000000000000e+01
2.776408618246244409e+00 3.900000000000000000e+01
1.240095992207356446e+01 1.142000000000000000e+03
1.131851249367850798e+01 1.100000000000000000e+01
8.027656617422024965e+00 2.900000000000000000e+01
1.206179904618918464e+01 2.100000000000000000e+02
2.877868047118783412e+00 2.000000000000000000e+01
6.877128553311151471e+00 1.400000000000000000e+01
1.633024109769381838e+00 1.400000000000000000e+01
3.302294586667895882e+00 2.700000000000000000e+01
4.749422594763359484e+00 7.900000000000000000e+01
1.116109558524817658e+01 7.100000000000000000e+01
5.298172162676466179e+00 1.500000000000000000e+01
2.711270865491677728e+00 2.200000000000000000e+01
7.994238118056738784e+00 1.600000000000000000e+01
1.228600856452900913e+01 1.096000000000000000e+03
1.958769836793936037e+01 1.200000000000000000e+01
2.975479375332146681e+00 2.100000000000000000e+01
3.455502495890468317e+00 3.400000000000000000e+01
1.190598160256775984e+01 2.410000000000000000e+02
7.131943634588583159e+00 2.900000000000000000e+01
8.667116856400427949e+00 1.600000000000000000e+01
2.028098540247754489e+00 2.100000000000000000e+01
3.636692578361270023e+00 5.100000000000000000e+01
1.775110885259260751e+00 1.900000000000000000e+01
1.749029216514254159e+01 4.000000000000000000e+01
1.854747440914290779e+00 2.000000000000000000e+01
2.664028107285529856e+00 2.600000000000000000e+01
1.941348006658260905e+00 1.600000000000000000e+01
7.884707509257338209e+00 2.300000000000000000e+01
2.825250113175147071e+00 2.900000000000000000e+01
8.038389452287466597e+00 2.800000000000000000e+01
1.212351562306111852e+01 1.078000000000000000e+03
1.187040391739285994e+01 2.250000000000000000e+02
3.315768874641972452e+00 2.800000000000000000e+01
2.990645064642710516e+00 2.400000000000000000e+01
9.603578128163938743e+00 2.000000000000000000e+01
6.428173836974019117e+00 2.700000000000000000e+01
2.007472023945785278e+00 1.800000000000000000e+01
4.729362441245006821e+00 7.600000000000000000e+01
1.545319148031814649e+01 3.500000000000000000e+01
2.549969873190628622e+00 2.400000000000000000e+01
1.792002445180349568e+00 1.600000000000000000e+01
9.766163421431787839e+00 3.600000000000000000e+01
2.641106803087734711e+00 3.100000000000000000e+01
1.120369696608971921e+01 9.880000000000000000e+02
1.163934572233820930e+01 2.430000000000000000e+02
4.493570162179450378e+00 2.500000000000000000e+01
6.118451008366583288e+00 2.900000000000000000e+01
7.970930006620752017e+00 1.400000000000000000e+01
1.747733744569238246e+00 1.400000000000000000e+01
1.951295849301469820e+00 1.300000000000000000e+01
3.469181600503245200e+00 2.000000000000000000e+01
2.884132179838295063e+00 2.000000000000000000e+01
4.691531480282518096e+00 6.800000000000000000e+01
2.372207202666203774e+00 1.300000000000000000e+01
1.539813692086399399e+01 3.900000000000000000e+01
5.488493498881686250e+00 1.300000000000000000e+01
2.717814447804546063e+00 2.700000000000000000e+01
9.258312419293421414e+00 4.600000000000000000e+01
2.580971185458272643e+00 2.100000000000000000e+01
2.694107633151833436e+00 1.900000000000000000e+01
1.944615902170278332e+01 1.300000000000000000e+01
1.123606493263631911e+01 1.100000000000000000e+01
1.025825677407865122e+01 8.240000000000000000e+02
4.595114849930103773e+00 6.500000000000000000e+01
4.366854089680797912e+00 2.800000000000000000e+01
3.402067759051601303e+00 4.200000000000000000e+01
1.196439256445859556e+01 1.910000000000000000e+02
5.176238522211841442e+00 2.100000000000000000e+01
3.290637810307119882e+00 2.300000000000000000e+01
7.064277181649603499e+00 1.700000000000000000e+01
4.954149490667399292e+00 8.200000000000000000e+01
1.596093495784229965e+01 3.200000000000000000e+01
2.420951827819332269e+00 2.100000000000000000e+01
8.681163340974061171e+00 6.400000000000000000e+01
2.842922283372112169e+00 2.500000000000000000e+01
1.752657062700456336e+01 1.500000000000000000e+01
9.802510848696964985e+00 7.030000000000000000e+02
1.004374298108550434e+01 1.500000000000000000e+01
7.425660840299899590e+00 1.030000000000000000e+02
9.174494905074618956e+00 1.250000000000000000e+02
4.200814019545078715e+00 2.800000000000000000e+01
1.203872924331631999e+01 1.920000000000000000e+02
6.507286760490865518e+00 2.300000000000000000e+01
2.322633248767266068e+00 1.400000000000000000e+01
5.639711079449186037e+00 9.500000000000000000e+01
1.611259616860961330e+01 2.600000000000000000e+01
2.420842534835299986e+00 2.000000000000000000e+01
9.515252243389205944e+00 6.000000000000000000e+01
3.162420862536793997e+00 2.800000000000000000e+01
1.892858114852355556e+01 1.300000000000000000e+01
1.094909656507148199e+01 1.200000000000000000e+01
1.005566183147702120e+01 7.400000000000000000e+02
9.399881930254890605e+00 1.130000000000000000e+02
4.089363798084330703e+00 2.500000000000000000e+01
6.943450751360390250e+00 1.150000000000000000e+02
1.223596756162172561e+01 1.880000000000000000e+02
2.267178335356262675e+00 1.100000000000000000e+01
5.198673130412369225e+00 2.200000000000000000e+01
5.136046505441114185e+00 9.600000000000000000e+01
1.443890965540181703e+01 1.900000000000000000e+01
1.629533308719457096e+01 2.600000000000000000e+01
2.430500941842442586e+00 2.200000000000000000e+01
8.940243047494277562e+00 5.100000000000000000e+01
2.688012726281735265e+00 2.400000000000000000e+01
1.012620139967323674e+01 6.860000000000000000e+02
8.726265406783314305e+00 1.210000000000000000e+02
9.142643613402292146e+00 1.190000000000000000e+02
6.396309124453131822e+00 2.400000000000000000e+01
3.487205789555761548e+00 2.400000000000000000e+01
1.194485380197658486e+01 1.790000000000000000e+02
2.615346707961240913e+00 1.100000000000000000e+01
3.385834179584371384e+00 1.800000000000000000e+01
3.641340274463495952e+00 6.600000000000000000e+01
2.329479612858786020e+00 1.900000000000000000e+01
2.604728858635003697e+00 1.200000000000000000e+01
1.720510477074439715e+00 1.200000000000000000e+01
1.024151536875072921e+01 1.500000000000000000e+01
1.438362266385897570e+01 3.100000000000000000e+01
2.487015658855233458e+00 2.400000000000000000e+01
8.843573764721748276e+00 4.900000000000000000e+01
1.043502398220197058e+01 7.090000000000000000e+02
1.107946684715698815e+01 1.200000000000000000e+01
9.385608648798267950e+00 1.310000000000000000e+02
7.142008134419764787e+00 1.250000000000000000e+02
1.196669150900890521e+01 1.700000000000000000e+02
2.251832088233364892e+00 1.400000000000000000e+01
3.367200846846956086e+00 1.700000000000000000e+01
5.170795932900539960e+00 2.300000000000000000e+01
3.624095025957939864e+00 6.500000000000000000e+01
1.970939180058785212e+00 1.300000000000000000e+01
1.571289555366880286e+01 1.700000000000000000e+01
2.049370838070832690e+01 1.200000000000000000e+01
2.666655379018752825e+00 2.600000000000000000e+01
9.461216736701382857e+00 3.900000000000000000e+01
1.063247454075800214e+01 6.660000000000000000e+02
2.463277521779112966e+00 1.100000000000000000e+01
1.085686940079821916e+01 1.300000000000000000e+01
1.112475805180476307e+01 3.670000000000000000e+02
9.454800459370643395e+00 1.360000000000000000e+02
6.115820020203695861e+00 2.700000000000000000e+01
3.540896719823862338e+00 5.500000000000000000e+01
2.232105538596400152e+00 1.500000000000000000e+01
1.637252975892675710e+00 1.100000000000000000e+01
8.856588144388581441e+00 2.300000000000000000e+01
1.651461404133351252e+01 2.600000000000000000e+01
1.989462595129753097e+01 1.100000000000000000e+01
9.228328189277929638e+00 5.000000000000000000e+01
2.817647216113103426e+00 2.400000000000000000e+01
1.355376400132872305e+01 1.600000000000000000e+01
1.076991410647193348e+01 6.740000000000000000e+02
9.531600264138932133e+00 1.520000000000000000e+02
2.007664051264801852e+00 1.200000000000000000e+01
7.564496153503013964e+00 1.780000000000000000e+02
1.161594865308947178e+01 1.880000000000000000e+02
6.039107862564811136e+00 2.600000000000000000e+01
3.615265561301571395e+00 6.300000000000000000e+01
2.321678583730018453e+00 2.000000000000000000e+01
1.268695356146062991e+01 2.000000000000000000e+01
1.596766700337559186e+01 1.900000000000000000e+01
9.986932268877263041e+00 6.000000000000000000e+01
2.635602416479318144e+00 2.500000000000000000e+01
9.982691684987026193e+00 6.730000000000000000e+02
1.617932184496068260e+01 1.100000000000000000e+01
1.005655337288297879e+01 1.600000000000000000e+02
2.240393018836909889e+00 1.300000000000000000e+01
7.700696112054476572e+00 1.810000000000000000e+02
1.159994835273058023e+01 1.780000000000000000e+02
4.807389772455355370e+00 2.900000000000000000e+01
3.434701424755600474e+00 5.200000000000000000e+01
2.202585328382396845e+00 2.100000000000000000e+01
1.694612762280292007e+00 1.100000000000000000e+01
1.675187305935628501e+01 1.800000000000000000e+01
2.250351750055848044e+01 1.300000000000000000e+01
1.969300849490403627e+00 1.900000000000000000e+01
9.830102866927179051e+00 6.400000000000000000e+01
2.531089802465782412e+00 2.500000000000000000e+01
9.389397855363190715e+00 6.090000000000000000e+02
2.341660365031533075e+00 1.500000000000000000e+01
4.818764991158113631e+00 2.400000000000000000e+01
1.936782666932680641e+01 1.700000000000000000e+01
9.914063423719381873e+00 1.780000000000000000e+02
1.200782448764334376e+01 1.850000000000000000e+02
7.377838530213622015e+00 1.730000000000000000e+02
2.636983744339405966e+00 1.700000000000000000e+01
3.458178155529957998e+00 5.800000000000000000e+01
1.724051413888802786e+00 1.200000000000000000e+01
9.685309017910254781e+00 1.700000000000000000e+01
2.186366432088776435e+01 1.100000000000000000e+01
1.994352797073336347e+00 1.200000000000000000e+01
9.656212649250875302e+00 5.600000000000000000e+01
2.402756321639190507e+00 2.300000000000000000e+01
1.019630812398551534e+01 6.830000000000000000e+02
1.833118436584990718e+01 1.500000000000000000e+01
9.639409296364766178e+00 1.970000000000000000e+02
1.157296553209783596e+01 1.770000000000000000e+02
3.297436843491845959e+00 1.900000000000000000e+01
7.146455852022814526e+00 1.660000000000000000e+02
2.454858466259267846e+00 1.600000000000000000e+01
5.684227926587448465e+00 1.100000000000000000e+01
2.358740945147636214e+00 2.300000000000000000e+01
1.601958423788429231e+00 1.200000000000000000e+01
9.461497962919722227e+00 1.800000000000000000e+01
1.096702215746129561e+01 1.400000000000000000e+01
1.164553412772420948e+01 1.200000000000000000e+01
9.530546103143420211e+00 6.200000000000000000e+01
2.537898112380678306e+00 2.500000000000000000e+01
1.551501454950531844e+01 1.200000000000000000e+01
1.054219051973682930e+01 6.640000000000000000e+02
9.477627084546330849e+00 1.620000000000000000e+02
7.180828803664842219e+00 1.570000000000000000e+02
3.644357455838079130e+00 2.500000000000000000e+01
1.142191221346814878e+01 1.880000000000000000e+02
2.617624856571221237e+00 1.500000000000000000e+01
2.196075459573132882e+00 2.200000000000000000e+01
1.744722504481275527e+00 1.400000000000000000e+01
1.801893825105906188e+01 2.500000000000000000e+01
1.647630242881167995e+00 1.100000000000000000e+01
2.556624585376264136e+00 2.500000000000000000e+01
2.636752072001354197e+00 1.500000000000000000e+01
9.256939567382660883e+00 6.700000000000000000e+01
2.051124266350674219e+01 1.300000000000000000e+01
1.038670908972436280e+01 6.230000000000000000e+02
8.939839248650182313e+00 9.700000000000000000e+01
1.864943726217807463e+00 1.500000000000000000e+01
4.350251436577602604e+00 4.500000000000000000e+01
8.842614010253250001e+00 1.340000000000000000e+02
1.150477403592035230e+01 1.850000000000000000e+02
5.008497914060847656e+00 2.600000000000000000e+01
8.015909387542633269e+00 1.300000000000000000e+01
1.680596711701045409e+00 1.200000000000000000e+01
1.448969329156541264e+01 2.000000000000000000e+01
9.200746977489112410e+00 7.200000000000000000e+01
1.090888353016112688e+01 5.740000000000000000e+02
2.070281755403504320e+01 1.300000000000000000e+01
1.916671736342452803e+00 1.100000000000000000e+01
1.136463594428883006e+01 2.250000000000000000e+02
2.090338450308104612e+00 1.300000000000000000e+01
8.886976996770595605e+00 1.260000000000000000e+02
2.666886964673364169e+00 1.800000000000000000e+01
7.508514029071810647e+00 1.270000000000000000e+02
5.890340947224471435e+00 1.100000000000000000e+01
1.776998345205909935e+00 1.300000000000000000e+01
1.423374122544313813e+01 2.200000000000000000e+01
2.026800373301042679e+00 1.200000000000000000e+01
8.787484757906447896e+00 6.900000000000000000e+01
4.807795315817733339e+00 1.390000000000000000e+02
2.123090636134176368e+00 1.600000000000000000e+01
1.171431335041461708e+01 4.260000000000000000e+02
7.937711723451628565e+00 1.320000000000000000e+02
1.122177802401890112e+01 2.120000000000000000e+02
2.898877734819599539e+00 2.500000000000000000e+01
9.008775544607775743e+00 1.300000000000000000e+02
2.077393165593846458e+00 1.400000000000000000e+01
2.054592966452587710e+00 1.100000000000000000e+01
1.523318500062146619e+01 1.900000000000000000e+01
1.703878536574128244e+00 1.300000000000000000e+01
2.371404030954297859e+00 1.700000000000000000e+01
9.317694579290412449e+00 7.400000000000000000e+01
1.767317084424817608e+01 1.400000000000000000e+01
1.042477432530780845e+01 1.160000000000000000e+02
1.057420762967495165e+01 3.810000000000000000e+02
6.344268814044354166e+00 9.900000000000000000e+01
1.144430281279088035e+01 2.070000000000000000e+02
1.957041793460302381e+00 2.000000000000000000e+01
9.029175161669295235e+00 1.380000000000000000e+02
1.904926585336042866e+00 1.100000000000000000e+01
1.991431269012649663e+00 1.100000000000000000e+01
3.333965583030025215e+00 2.900000000000000000e+01
1.791491216089928074e+01 3.000000000000000000e+01
3.473579292270620567e+00 2.300000000000000000e+01
2.244693031082003021e+00 1.900000000000000000e+01
8.924167714420610409e+00 6.800000000000000000e+01
1.207384677603641698e+01 2.990000000000000000e+02
1.109260543093265383e+01 5.220000000000000000e+02
1.927687914615375320e+01 1.500000000000000000e+01
8.914252671514171666e+00 1.470000000000000000e+02
2.190991768029754816e+00 2.800000000000000000e+01
1.671854705085986215e+00 1.300000000000000000e+01
2.085518410175450033e+00 1.200000000000000000e+01
5.689065866320460962e+00 1.100000000000000000e+01
1.796551557766062857e+01 2.700000000000000000e+01
2.162617395907254547e+01 1.700000000000000000e+01
2.308433095180873362e+00 1.100000000000000000e+01
8.663891724435167419e+00 7.900000000000000000e+01
1.208973809968585122e+01 3.560000000000000000e+02
1.098624638716330360e+01 4.960000000000000000e+02
2.258672451090481204e+00 2.900000000000000000e+01
8.779000983381550327e+00 1.500000000000000000e+02
1.951320070028566001e+00 1.300000000000000000e+01
2.020319824788988416e+00 1.200000000000000000e+01
6.453260428244900204e+00 1.500000000000000000e+01
1.870498043555069145e+01 2.600000000000000000e+01
2.915386383956859895e+00 1.200000000000000000e+01
8.301479528779942996e+00 7.100000000000000000e+01
1.198610437196011169e+01 3.470000000000000000e+02
1.130789532263402819e+01 5.030000000000000000e+02
3.786624216137634669e+00 1.500000000000000000e+01
2.432279384171091685e+00 3.200000000000000000e+01
8.744695909225804087e+00 1.530000000000000000e+02
1.862331572786514622e+00 1.100000000000000000e+01
1.875613214185597144e+01 2.100000000000000000e+01
2.217009583579147503e+01 1.700000000000000000e+01
2.251411635173560022e+00 1.100000000000000000e+01
2.338088428204520230e+00 1.500000000000000000e+01
8.840998832308249789e+00 6.600000000000000000e+01
1.135849365640139297e+01 1.840000000000000000e+02
1.198502811388413392e+01 4.560000000000000000e+02
1.723548332525078663e+01 1.100000000000000000e+01
9.454589507731052223e+00 1.380000000000000000e+02
4.200335481876464883e+00 2.400000000000000000e+01
2.353927635985410660e+00 2.500000000000000000e+01
8.862088728380255631e+00 1.530000000000000000e+02
1.516314031671822216e+00 1.100000000000000000e+01
1.861725357298830374e+00 1.200000000000000000e+01
2.057484620415754861e+00 1.400000000000000000e+01
1.809610798647716123e+01 2.100000000000000000e+01
1.995685851399913702e+01 1.400000000000000000e+01
2.787306149883472361e+00 1.600000000000000000e+01
8.100306977671348108e+00 7.200000000000000000e+01
1.155904567551316120e+01 3.440000000000000000e+02
1.325042106952624721e+01 4.050000000000000000e+02
3.398773849990746054e+00 2.000000000000000000e+01
3.007123956859193648e+00 2.300000000000000000e+01
2.069186509609687530e+00 1.500000000000000000e+01
8.943768075844806376e+00 1.540000000000000000e+02
1.773078809019416946e+00 1.600000000000000000e+01
1.970031572024041999e+00 1.100000000000000000e+01
5.687794344286677628e+00 1.200000000000000000e+01
1.921563822607087602e+01 2.000000000000000000e+01
1.762410466428649158e+01 2.300000000000000000e+01
2.415918104994167148e+00 1.900000000000000000e+01
8.173293077404704121e+00 6.500000000000000000e+01
2.071127361929892885e+01 1.200000000000000000e+02
7.988267802093467651e+00 3.040000000000000000e+02
1.531293689609384501e+01 1.400000000000000000e+01
6.733826969532243467e+00 1.430000000000000000e+02
2.685607756417551339e+00 2.000000000000000000e+01
1.940540933603372320e+00 1.100000000000000000e+01
1.149614227608073058e+01 1.760000000000000000e+02
8.856538623761085915e+00 1.360000000000000000e+02
2.172292248225038858e+00 1.400000000000000000e+01
1.915021141704026375e+00 1.300000000000000000e+01
9.283949297353553121e+00 2.200000000000000000e+01
1.719617285342668467e+01 2.200000000000000000e+01
1.967456670113057271e+01 2.500000000000000000e+01
2.433848708085090351e+00 1.100000000000000000e+01
2.560705691097903358e+00 2.200000000000000000e+01
8.380261970915714898e+00 6.300000000000000000e+01
2.403475612538310813e+01 6.800000000000000000e+01
4.691914542225368301e+00 1.940000000000000000e+02
1.921816679795200855e+01 1.200000000000000000e+01
1.172671987268678961e+01 1.780000000000000000e+02
4.642916263112013553e+00 2.000000000000000000e+01
2.950661770471266987e+00 2.600000000000000000e+01
7.085696663096076264e+00 7.200000000000000000e+01
6.728641930405362181e+00 1.560000000000000000e+02
7.814327417192385994e+00 1.260000000000000000e+02
8.668395621994990918e+00 3.800000000000000000e+01
2.529331539971973797e+00 1.900000000000000000e+01
1.393924889927896649e+00 1.100000000000000000e+01
7.749620878628146414e+00 1.500000000000000000e+01
8.922847099852107888e+00 1.400000000000000000e+01
8.677262399889082545e+00 1.400000000000000000e+01
2.035522549814299254e+01 2.000000000000000000e+01
2.185363355018029807e+01 1.600000000000000000e+01
8.495160778451623429e+00 6.500000000000000000e+01
1.631242081752690964e+01 2.350000000000000000e+02
1.228242023366042091e+01 1.950000000000000000e+02
1.996103688291250577e+01 1.100000000000000000e+01
3.068845097407511879e+00 2.000000000000000000e+01
8.262713134902055501e+00 1.340000000000000000e+02
1.838090615518804816e+00 1.600000000000000000e+01
4.064314498661951269e+00 4.900000000000000000e+01
6.751376212674423449e+00 1.840000000000000000e+02
2.968559126452447128e+00 1.500000000000000000e+01
5.436388089513028099e+00 3.800000000000000000e+01
2.509816070240267205e+00 2.800000000000000000e+01
9.374100523826964348e+00 3.000000000000000000e+01
6.818813491898313650e+00 1.300000000000000000e+01
2.126038987704954764e+01 1.800000000000000000e+01
2.193175214366878123e+01 1.700000000000000000e+01
8.013075929076773463e+00 6.400000000000000000e+01
2.498291292575957279e+00 1.400000000000000000e+01
2.433912367831073809e+01 4.700000000000000000e+01
3.914799891790663899e+00 1.240000000000000000e+02
1.671957771332409237e+01 1.200000000000000000e+01
7.620723939639318267e+00 3.680000000000000000e+02
2.836451077319715353e+00 2.200000000000000000e+01
1.808326822303473636e+00 1.200000000000000000e+01
4.188911037840830964e+00 4.700000000000000000e+01
1.230288601267305104e+01 1.730000000000000000e+02
5.251765616324355790e+00 6.700000000000000000e+01
7.835590385366404398e+00 1.300000000000000000e+01
1.018541037153880779e+01 1.200000000000000000e+01
9.170048133207995278e+00 1.400000000000000000e+01
1.465250158689376647e+01 1.700000000000000000e+01
2.166661976515746701e+01 1.400000000000000000e+01
2.436824053987730831e+00 1.700000000000000000e+01
1.840546517058731402e+00 1.200000000000000000e+01
8.399019042425681647e+00 6.900000000000000000e+01
5.819385569708185990e+00 7.400000000000000000e+01
7.092510527605971227e+00 2.120000000000000000e+02
2.415439550018680492e+01 4.600000000000000000e+01
1.220149645071264999e+01 1.820000000000000000e+02
7.642961713365575172e+00 1.800000000000000000e+02
1.935298616713951603e+01 1.200000000000000000e+01
9.251292243639955615e+00 3.400000000000000000e+01
7.578868230336601286e+00 1.640000000000000000e+02
6.329643514921127867e+00 1.400000000000000000e+01
8.764570535274213370e+00 1.500000000000000000e+01
1.962292132772693520e+01 2.000000000000000000e+01
2.137781709403812869e+01 1.500000000000000000e+01
8.490070892965359661e+00 6.000000000000000000e+01
2.454097401467222284e+01 4.600000000000000000e+01
6.556202564358432738e+00 1.200000000000000000e+02
8.075961987052522773e+00 1.600000000000000000e+02
7.423524957566753457e+00 1.920000000000000000e+02
8.263094012191107396e+00 2.010000000000000000e+02
1.591695140320856572e+00 1.200000000000000000e+01
1.250867414167690228e+01 1.530000000000000000e+02
1.289010858079382338e+01 1.200000000000000000e+01
7.743057564700092321e+00 1.500000000000000000e+01
7.145854223422713147e+00 1.200000000000000000e+01
9.329531133173114554e+00 1.300000000000000000e+01
1.544648319423883898e+01 1.500000000000000000e+01
2.147535690185162238e+01 1.500000000000000000e+01
2.039390060743684785e+00 1.200000000000000000e+01
2.173469841378812717e+00 1.500000000000000000e+01
8.678967987254520011e+00 6.800000000000000000e+01
2.455609457814250618e+01 4.900000000000000000e+01
2.046263342922738104e+01 1.100000000000000000e+01
6.972236241977944005e+00 1.780000000000000000e+02
7.860889400575214125e+00 3.390000000000000000e+02
1.896062023267791163e+00 1.200000000000000000e+01
6.685806046291667748e+00 1.250000000000000000e+02
1.265667226375491161e+01 1.590000000000000000e+02
8.046925793570032681e+00 1.800000000000000000e+01
2.165050830180808905e+00 2.100000000000000000e+01
9.705587456418490078e+00 1.900000000000000000e+01
1.823930854297979920e+01 2.100000000000000000e+01
2.214114637488946258e+01 1.300000000000000000e+01
8.326467754028321622e+00 8.800000000000000000e+01
7.175140323114566065e+00 1.840000000000000000e+02
2.475177753842987372e+01 4.400000000000000000e+01
2.126727107450214049e+01 1.300000000000000000e+01
1.262006909397870302e+01 1.630000000000000000e+02
6.369685957708334456e+00 1.150000000000000000e+02
8.057459180701128432e+00 1.820000000000000000e+02
7.781778414740329275e+00 1.490000000000000000e+02
1.783906428255549015e+00 1.500000000000000000e+01
4.955098719685508968e+00 1.200000000000000000e+01
3.042298417880910044e+00 3.200000000000000000e+01
1.682670836136812653e+01 1.300000000000000000e+01
2.285263569006332318e+01 1.600000000000000000e+01
6.728953115514982208e+00 1.300000000000000000e+01
7.657661165568740991e+00 6.500000000000000000e+01
2.448160389817095606e+01 4.500000000000000000e+01
1.251137829913022337e+01 1.780000000000000000e+02
6.596634177955144729e+00 1.660000000000000000e+02
2.128617826870848440e+00 2.100000000000000000e+01
7.835928332653282702e+00 1.540000000000000000e+02
7.771497738113201770e+00 1.830000000000000000e+02
6.394449312146200270e+00 1.140000000000000000e+02
2.564575965951132019e+00 3.200000000000000000e+01
6.744494506065468187e+00 1.500000000000000000e+01
2.420951875943782028e+01 1.100000000000000000e+01
2.049248019387623287e+01 1.500000000000000000e+01
2.286418435450745790e+01 1.200000000000000000e+01
7.749639007622041831e+00 6.100000000000000000e+01
2.468221762786869178e+01 4.700000000000000000e+01
2.129359481136891219e+01 1.400000000000000000e+01
5.436925941622824610e+00 1.420000000000000000e+02
2.399404048539621748e+00 3.100000000000000000e+01
8.100622867633981983e+00 1.830000000000000000e+02
7.596653396566154903e+00 1.520000000000000000e+02
6.464130765292894765e+00 1.180000000000000000e+02
1.263757538178720452e+01 1.590000000000000000e+02
2.867485611437580406e+00 3.400000000000000000e+01
7.831639324710434558e+00 2.100000000000000000e+01
2.210536989327489010e+01 2.700000000000000000e+01
2.348223251478718154e+01 1.500000000000000000e+01
7.796583655272330660e+00 6.600000000000000000e+01
2.469363690148573198e+01 4.100000000000000000e+01
2.440050001956834524e+00 2.300000000000000000e+01
6.180102440139598308e+00 1.330000000000000000e+02
2.086764940546820668e+01 1.100000000000000000e+01
2.948167280676828206e+00 3.600000000000000000e+01
7.927399526324954593e+00 1.380000000000000000e+02
1.853174728083021083e+00 1.100000000000000000e+01
6.871663236617054693e+00 1.120000000000000000e+02
8.240584153349539420e+00 8.800000000000000000e+01
1.207156849583225089e+01 1.620000000000000000e+02
3.302651436934344709e+00 3.400000000000000000e+01
7.654770249013784778e+00 2.300000000000000000e+01
1.472790973723504848e+01 1.900000000000000000e+01
2.231226439500465375e+01 1.300000000000000000e+01
7.417681374900952029e+00 6.800000000000000000e+01
1.518733279660651370e+01 2.140000000000000000e+02
2.488268337456300383e+00 3.100000000000000000e+01
5.132417798725511737e+00 1.200000000000000000e+02
2.677808797982971889e+00 3.700000000000000000e+01
7.672571704218094091e+00 1.070000000000000000e+02
1.248806648575489753e+01 2.230000000000000000e+02
1.908538900506952407e+00 1.200000000000000000e+01
1.013022551742920108e+01 1.400000000000000000e+01
8.189372415600587374e+00 8.500000000000000000e+01
3.141752813150899826e+00 2.900000000000000000e+01
2.315893580559404441e+01 1.200000000000000000e+01
3.013307352756185331e+00 1.300000000000000000e+01
7.380359412253917561e+00 5.700000000000000000e+01
5.115600715933054765e+00 1.350000000000000000e+02
1.136803699863887296e+01 1.330000000000000000e+02
1.493006237506316403e+01 2.160000000000000000e+02
2.803352508399924670e+00 2.900000000000000000e+01
2.695561633215178610e+00 3.300000000000000000e+01
7.552704129248266618e+00 9.600000000000000000e+01
8.395621006609246706e+00 8.800000000000000000e+01
1.882530518105827610e+00 1.700000000000000000e+01
8.681377929239994629e+00 1.600000000000000000e+01
2.377347396028233817e+01 1.100000000000000000e+01
5.335044675366357403e+00 2.000000000000000000e+01
7.776488759125578909e+00 6.200000000000000000e+01
1.349117436075197674e+01 2.240000000000000000e+02
9.241643327331146907e+00 1.370000000000000000e+02
1.173604444703803829e+01 1.140000000000000000e+02
3.513272780103357196e+00 5.000000000000000000e+01
6.268733535967742299e+00 1.240000000000000000e+02
7.799992900242866511e+00 5.000000000000000000e+01
2.789098335895506597e+00 3.300000000000000000e+01
3.312445252645272564e+00 1.900000000000000000e+01
1.008408810154026369e+01 1.900000000000000000e+01
3.274347175948974620e+00 1.200000000000000000e+01
7.436372241544627393e+00 6.600000000000000000e+01
1.734480137984847348e+00 1.100000000000000000e+01
1.165718673185992671e+01 1.190000000000000000e+02
1.472717383579118078e+01 2.330000000000000000e+02
5.158778062454778102e+00 1.230000000000000000e+02
9.119147557505124624e+00 1.480000000000000000e+02
3.391046560094837847e+00 4.300000000000000000e+01
7.471184813530549640e+00 5.600000000000000000e+01
2.783285179554212618e+00 3.300000000000000000e+01
1.008343768982776290e+01 1.100000000000000000e+01
2.783137921393811887e+00 1.800000000000000000e+01
9.087958381646409123e+00 1.400000000000000000e+01
3.328799725197030046e+00 1.400000000000000000e+01
7.851547714782113552e+00 6.100000000000000000e+01
1.006585505941232128e+01 2.270000000000000000e+02
1.145120533800623086e+01 1.100000000000000000e+02
8.024228038474047864e+00 1.450000000000000000e+02
5.259141869694261118e+00 1.330000000000000000e+02
3.261954001187878038e+00 3.900000000000000000e+01
7.264647223324503855e+00 5.300000000000000000e+01
2.531044979224103653e+00 2.900000000000000000e+01
2.371730800989015897e+00 1.700000000000000000e+01
3.080988676692130834e+00 1.300000000000000000e+01
9.730741347690265997e+00 2.500000000000000000e+01
2.368965356989787807e+01 1.100000000000000000e+01
2.398798604720519023e+01 1.500000000000000000e+01
8.003404082690721566e+00 6.600000000000000000e+01
2.755452550156712643e+00 1.100000000000000000e+01
1.088187274711735952e+01 7.500000000000000000e+01
1.100434635591944499e+01 1.840000000000000000e+02
9.598660031637642476e+00 2.080000000000000000e+02
2.458492719452742037e+01 1.900000000000000000e+01
4.780054924691053309e+00 1.160000000000000000e+02
6.341556444537173931e+00 7.500000000000000000e+01
8.210594340593431184e+00 5.100000000000000000e+01
2.722275790538866591e+00 3.300000000000000000e+01
1.008298186796918117e+01 1.200000000000000000e+01
8.150262455298605602e+00 1.500000000000000000e+01
2.510996308886473827e+01 2.100000000000000000e+01
3.004949046411957703e+00 1.200000000000000000e+01
1.885228430473759653e+00 1.100000000000000000e+01
2.357298576421466230e+00 1.200000000000000000e+01
7.634834028824275087e+00 4.700000000000000000e+01
1.229439565017219849e+01 1.710000000000000000e+02
8.907633111799981407e+00 1.410000000000000000e+02
1.786498320719914545e+01 5.200000000000000000e+01
4.874092207476710570e+00 9.800000000000000000e+01
7.079610018281718986e+00 8.300000000000000000e+01
1.116825369801042633e+01 6.400000000000000000e+01
7.833693264964792569e+00 3.400000000000000000e+01
8.004903590618818399e+00 1.700000000000000000e+01
2.254074738587819482e+01 1.400000000000000000e+01
7.766499855922871731e+00 5.500000000000000000e+01
2.565030325661963762e+00 1.100000000000000000e+01
2.013351821474883785e+00 1.100000000000000000e+01
1.113946848271417167e+01 1.630000000000000000e+02
1.793535515127429392e+01 5.700000000000000000e+01
7.234043982124495287e+00 1.900000000000000000e+01
6.408170601521435472e+00 1.000000000000000000e+02
6.592592316015337239e+00 7.100000000000000000e+01
7.134119264831852547e+00 2.100000000000000000e+01
7.043397826096411407e+00 1.310000000000000000e+02
1.061160338672221748e+01 6.100000000000000000e+01
2.859766893482039496e+00 1.400000000000000000e+01
8.265259135603336915e+00 1.200000000000000000e+01
2.521688182215631713e+01 1.500000000000000000e+01
2.587189850383738055e+00 1.100000000000000000e+01
2.271121100419732031e+00 1.100000000000000000e+01
7.310103539692378583e+00 4.400000000000000000e+01
1.138781199228119156e+01 1.810000000000000000e+02
9.230505305608829758e+00 1.280000000000000000e+02
1.025757169122425871e+01 4.700000000000000000e+01
6.448085516264365324e+00 1.100000000000000000e+02
7.171887766393919783e+00 1.040000000000000000e+02
7.195813383824872567e+00 2.400000000000000000e+01
1.120113203596736362e+01 5.300000000000000000e+01
8.409463087157309502e+00 1.300000000000000000e+01
2.529929856118249276e+01 1.600000000000000000e+01
2.443344204790903085e+00 1.300000000000000000e+01
7.527175939232033208e+00 4.500000000000000000e+01
8.589548917590198229e+00 6.600000000000000000e+01
1.029436894807925640e+01 1.760000000000000000e+02
1.105015776183341636e+01 6.100000000000000000e+01
2.671430883885681240e+01 2.000000000000000000e+01
6.421593762882348955e+00 9.300000000000000000e+01
6.907553349937320952e+00 9.800000000000000000e+01
2.670475551115548463e+00 3.600000000000000000e+01
7.592951441011984492e+00 3.200000000000000000e+01
6.155086825331689049e+00 2.100000000000000000e+01
3.769525405774164728e+00 3.400000000000000000e+01
1.982449711542370929e+00 1.500000000000000000e+01
1.990718735784436255e+00 1.100000000000000000e+01
6.981740229727688707e+00 2.700000000000000000e+01
9.164379755771259184e+00 1.880000000000000000e+02
9.336196010111907029e+00 1.800000000000000000e+01
1.523447531205508731e+01 1.130000000000000000e+02
6.383550771866072893e+00 1.100000000000000000e+02
7.399044025575535422e+00 1.170000000000000000e+02
1.065348137046824206e+01 4.100000000000000000e+01
3.862935164705876723e+00 4.400000000000000000e+01
7.102494632952300435e+00 1.400000000000000000e+01
1.548640905627632591e+01 1.100000000000000000e+01
2.687036750025653120e+00 2.800000000000000000e+01
7.695371987602950270e+00 3.000000000000000000e+01
8.828248072338908514e+00 1.760000000000000000e+02
8.725651125499096494e+00 6.000000000000000000e+01
1.312978633432819109e+01 1.460000000000000000e+02
6.219415106960947348e+00 9.100000000000000000e+01
7.039584733943482497e+00 1.020000000000000000e+02
8.798596361421317624e+00 7.100000000000000000e+01
7.603327293200925929e+00 1.100000000000000000e+01
7.697924185599169355e+00 1.400000000000000000e+01
7.183906695071546444e+00 2.100000000000000000e+01
2.803813770629342450e+00 2.100000000000000000e+01
7.575924024390780609e+00 1.180000000000000000e+02
6.918203758727678121e+00 4.800000000000000000e+01
2.660454248942192734e+01 2.900000000000000000e+01
9.859134708906152511e+00 1.670000000000000000e+02
8.420770945911540295e+00 5.900000000000000000e+01
3.901677393448951925e+00 9.900000000000000000e+01
3.991813073134137468e+00 5.700000000000000000e+01
5.526873321842647790e+00 5.700000000000000000e+01
7.040132513734153719e+00 1.400000000000000000e+01
7.538226542284658827e+00 1.300000000000000000e+01
2.788385724747464600e+00 1.900000000000000000e+01
7.046281836955413880e+00 2.400000000000000000e+01
7.423643056403212981e+00 1.180000000000000000e+02
2.706873611259936396e+01 2.900000000000000000e+01
1.020338977938327218e+01 1.740000000000000000e+02
4.224229672594738361e+00 6.100000000000000000e+01
4.398742522172232938e+00 1.100000000000000000e+02
6.670020733807890956e+00 5.000000000000000000e+01
4.359425795766311396e+00 6.100000000000000000e+01
7.256988544210159375e+00 1.300000000000000000e+01
8.367552532603207638e+00 8.800000000000000000e+01
8.067404203961407561e+00 1.200000000000000000e+01
2.972758430839208987e+00 1.600000000000000000e+01
7.415326785320067948e+00 2.600000000000000000e+01
7.654945803432092966e+00 1.290000000000000000e+02
1.098036086664729361e+01 1.820000000000000000e+02
1.471377525523914542e+01 1.460000000000000000e+02
5.412575711172705084e+00 2.170000000000000000e+02
9.622547188014175745e+00 7.400000000000000000e+01
7.035309521758885687e+00 1.400000000000000000e+01
6.757353027370956333e+00 2.500000000000000000e+01
