# size duration
4.800000000000081979e-04 1.387933762255968428e-01
4.800000000000081979e-04 7.263992214853826068e-02
2.399999999999902212e-04 6.225527093325851358e-02
1.200000000000089884e-04 1.414498881783980699e-02
1.199999999999812328e-04 1.925662004526709076e-02
2.400000000000179767e-04 4.302520420192175454e-02
2.399999999999902212e-04 4.048831693126374309e-02
7.199999999999984190e-04 2.126846886597994757e-01
1.200000000000089884e-04 1.619060906415489831e-02
1.200000000000089884e-04 2.326692515328962832e-02
7.199999999999984190e-04 1.156231924959996438e-01
3.599999999999992095e-04 7.985632424774005700e-02
3.599999999999992095e-04 1.562593987274407681e-01
2.400000000000179767e-04 3.483507704957547468e-02
2.399999999999902212e-04 5.506371688465518804e-02
1.199999999999812328e-04 1.856895766888352894e-02
3.599999999999992095e-04 9.958897482651285493e-02
3.599999999999992095e-04 7.691637416530910931e-02
4.800000000000081979e-04 1.059174615684461002e-01
1.200000000000089884e-04 1.654552938047469321e-02
1.199999999999812328e-04 1.719254912571916566e-02
2.400000000000179767e-04 6.866959050683396626e-02
2.400000000000179767e-04 2.893103211456879084e-02
4.799999999999804423e-04 1.393463233376028843e-01
2.400000000000179767e-04 4.847820034567513342e-02
1.200000000000089884e-04 1.837097029070973095e-02
3.599999999999992095e-04 9.625836100380023852e-02
1.199999999999812328e-04 1.950357012198656453e-02
2.399999999999902212e-04 3.791896079869512548e-02
2.400000000000179767e-04 5.165034740009848135e-02
3.599999999999992095e-04 8.043698053674402937e-02
2.399999999999902212e-04 3.787868901104217423e-02
2.399999999999902212e-04 3.425382967259410494e-02
3.599999999999992095e-04 6.892970332626069396e-02
4.800000000000081979e-04 8.095012270327722748e-02
2.399999999999902212e-04 7.052930801394877158e-02
1.199999999999812328e-04 1.425439287719399394e-02
1.200000000000089884e-04 1.487455068986348605e-02
4.800000000000081979e-04 1.439064841232577940e-01
2.399999999999902212e-04 5.034031988023458110e-02
1.200000000000089884e-04 1.646260138880686549e-02
2.400000000000179767e-04 7.758925141828497407e-02
3.599999999999992095e-04 8.345066432581632609e-02
2.399999999999902212e-04 4.033011361806544681e-02
3.599999999999992095e-04 7.981227009730808286e-02
3.599999999999992095e-04 7.021535803881973070e-02
2.399999999999902212e-04 4.853094144254399556e-02
2.399999999999902212e-04 3.422345946303857050e-02
1.200000000000089884e-04 2.831578592593979316e-02
2.399999999999902212e-04 3.537826585596714341e-02
3.600000000000269651e-04 8.148982935689280671e-02
2.400000000000179767e-04 3.036636227158358292e-02
5.999999999999894307e-04 1.532712717593923968e-01
2.400000000000179767e-04 3.991616043935028446e-02
4.800000000000359535e-04 1.246415065522803595e-01
2.399999999999624656e-04 6.257469975708344900e-02
2.400000000000179767e-04 5.183619938950413675e-02
2.400000000000179767e-04 5.235963784563019835e-02
4.799999999999804423e-04 9.257727701285993482e-02
1.200000000000089884e-04 1.875180572051011324e-02
2.400000000000179767e-04 4.169091555108046798e-02
3.600000000000269651e-04 7.383047245369962763e-02
3.600000000000269651e-04 8.363266858065486475e-02
4.799999999999804423e-04 1.311976452636172963e-01
1.200000000000089884e-04 1.973446547113026639e-02
2.400000000000179767e-04 4.301160388207472818e-02
3.600000000000269651e-04 7.701434625892981944e-02
6.000000000000449418e-04 1.131334003805264110e-01
2.400000000000179767e-04 4.772732403887348929e-02
1.200000000000089884e-04 1.798689971319483716e-02
1.200000000000089884e-04 2.872557512258503906e-02
3.599999999999714539e-04 5.816835370258122140e-02
5.999999999999894307e-04 1.132172091224800670e-01
4.799999999999804423e-04 1.050837261716908583e-01
2.399999999999624656e-04 4.843997209987748603e-02
3.600000000000269651e-04 9.495618761174495770e-02
1.200000000000089884e-04 2.796672132573503611e-02
2.400000000000179767e-04 5.453995043485011796e-02
1.199999999999534772e-04 1.465751252791145168e-02
3.600000000000269651e-04 8.084412285243461338e-02
1.200000000000089884e-04 1.870475655934011189e-02
2.400000000000179767e-04 4.357538506802526718e-02
2.400000000000179767e-04 4.674965717403131715e-02
3.599999999999714539e-04 9.750761940394178651e-02
2.400000000000179767e-04 4.364434391851543249e-02
4.799999999999804423e-04 1.353459623524669031e-01
2.400000000000179767e-04 4.498065999052547337e-02
3.599999999999714539e-04 7.809082358802410528e-02
1.200000000000089884e-04 1.427822846496439209e-02
1.199999999999534772e-04 2.360985101038504119e-02
1.200000000000089884e-04 1.598130781574803871e-02
2.400000000000179767e-04 4.481990407623002298e-02
3.599999999999714539e-04 9.144940984871122169e-02
2.400000000000179767e-04 5.112240892684470628e-02
1.200000000000089884e-04 1.618688104370570244e-02
2.400000000000179767e-04 3.534390279567919957e-02
2.400000000000179767e-04 3.812167023489886758e-02
2.399999999999624656e-04 3.983093807258378249e-02
3.599999999999714539e-04 8.297204964918991621e-02
2.400000000000179767e-04 3.482584240673996384e-02
2.400000000000179767e-04 2.876905570831321535e-02
2.399999999999624656e-04 7.916295924605641632e-02
5.999999999999894307e-04 1.445697335147499152e-01
1.200000000000089884e-04 2.250627644406610894e-02
1.200000000000089884e-04 1.617782555003480574e-02
2.399999999999624656e-04 3.759978135543017713e-02
3.599999999999714539e-04 6.078509277732564720e-02
2.399999999999624656e-04 3.664912670980838283e-02
2.400000000000179767e-04 2.821013502516020108e-02
3.600000000000269651e-04 5.378120927266553941e-02
1.200000000000089884e-04 1.465559592881000503e-02
1.200000000000089884e-04 1.680138597683481297e-02
4.800000000000359535e-04 9.681155883925018912e-02
3.600000000000269651e-04 5.350844234153476209e-02
2.400000000000179767e-04 3.306474400095016364e-02
3.599999999999714539e-04 8.251424440423682505e-02
2.400000000000179767e-04 5.749278283896035180e-02
1.200000000000089884e-04 2.512857231905508276e-02
2.400000000000179767e-04 3.356433305898030850e-02
3.599999999999714539e-04 6.068914698693837761e-02
1.200000000000089884e-04 2.014803417781999006e-02
4.800000000000359535e-04 9.160406009087981860e-02
1.200000000000089884e-04 2.225795840724276164e-02
3.600000000000269651e-04 6.012960496489540285e-02
2.400000000000179767e-04 3.610493300739495148e-02
3.600000000000269651e-04 4.287915981109269303e-02
2.399999999999624656e-04 4.259075705424829328e-02
2.400000000000179767e-04 4.134795413844379042e-02
4.799999999999804423e-04 7.947490070846187360e-02
1.200000000000089884e-04 1.948636173586026921e-02
1.200000000000089884e-04 1.733700283973622219e-02
2.400000000000179767e-04 5.518511353648550277e-02
2.400000000000179767e-04 4.770792719494573730e-02
2.399999999999624656e-04 7.332229859317691834e-02
3.599999999999714539e-04 7.963921206488763782e-02
4.800000000000359535e-04 1.608935471388772964e-01
2.399999999999624656e-04 4.552663649025764925e-02
3.600000000000269651e-04 6.815011340436469278e-02
3.599999999999714539e-04 9.495974886871698384e-02
1.200000000000089884e-04 2.716495019081528739e-02
1.200000000000089884e-04 1.852360026527480330e-02
3.600000000000269651e-04 9.886414062207432574e-02
3.599999999999714539e-04 1.136720858936451362e-01
2.400000000000179767e-04 8.377543621526015172e-02
3.600000000000269651e-04 6.975692705830470464e-02
5.999999999999894307e-04 1.553899248402794697e-01
3.599999999999714539e-04 6.653680929379499065e-02
2.399999999999624656e-04 5.019104870848942190e-02
3.599999999999714539e-04 8.291954646733944168e-02
1.200000000000089884e-04 1.998126923701031704e-02
2.399999999999624656e-04 4.744254591305821500e-02
4.799999999999804423e-04 9.721286152590838392e-02
4.799999999999804423e-04 7.076190348867313074e-02
2.399999999999624656e-04 5.446972233610188063e-02
1.200000000000089884e-04 1.732362046036416831e-02
8.400000000000074074e-04 1.925120447758793540e-01
3.599999999999714539e-04 8.741955282664523597e-02
1.200000000000089884e-04 1.403816765622966679e-02
2.399999999999624656e-04 4.289012593484296115e-02
2.400000000000179767e-04 5.329900064405933280e-02
1.199999999999534772e-04 2.243997973028369688e-02
3.599999999999714539e-04 1.079005051656443809e-01
2.399999999999624656e-04 3.394547432691139011e-02
2.399999999999624656e-04 7.281697662779357261e-02
3.599999999999714539e-04 1.034846770335008936e-01
1.200000000000089884e-04 2.596219367073504883e-02
4.799999999999804423e-04 1.162500616275233822e-01
1.200000000000089884e-04 2.017607724157371302e-02
3.600000000000269651e-04 1.063700496521891442e-01
7.199999999999984190e-04 1.320791511241854177e-01
4.799999999999804423e-04 8.498389212483890842e-02
3.599999999999714539e-04 8.393868030406534397e-02
3.600000000000269651e-04 1.087160515217343304e-01
2.400000000000179767e-04 3.092024227767992128e-02
1.200000000000089884e-04 1.341515003797000109e-02
3.600000000000269651e-04 7.006579326782971795e-02
5.999999999999894307e-04 1.538828943884725520e-01
3.599999999999714539e-04 5.504885724091464205e-02
2.400000000000179767e-04 5.689978787458564030e-02
3.599999999999714539e-04 9.377337096873927802e-02
1.200000000000089884e-04 1.823667848378469208e-02
2.399999999999624656e-04 8.379056572205156872e-02
3.600000000000269651e-04 5.392892998804000443e-02
2.400000000000179767e-04 4.485901211918463805e-02
1.200000000000089884e-04 1.713761851904038042e-02
3.600000000000269651e-04 6.668405556302565984e-02
1.200000000000089884e-04 1.438793271349035792e-02
2.399999999999624656e-04 4.295744405051152293e-02
1.200000000000089884e-04 1.523663855208518339e-02
1.200000000000089884e-04 2.127094411512530509e-02
2.400000000000179767e-04 4.512700312398071345e-02
2.399999999999624656e-04 3.819542328343773774e-02
2.400000000000179767e-04 3.641816875714935786e-02
1.200000000000089884e-04 2.441867090129461876e-02
2.399999999999624656e-04 3.458149194666482185e-02
1.200000000000089884e-04 1.953395768306480720e-02
2.400000000000179767e-04 4.936076052703507189e-02
2.400000000000179767e-04 3.741388820805561372e-02
3.599999999999714539e-04 1.134725158965488312e-01
2.400000000000179767e-04 3.958864519584943953e-02
1.200000000000089884e-04 1.824932830717522145e-02
2.399999999999624656e-04 4.371636308636928786e-02
1.200000000000089884e-04 1.481821739493034348e-02
4.799999999999804423e-04 9.945851853244706831e-02
4.800000000000359535e-04 8.485043216961445089e-02
4.799999999999804423e-04 1.137803489547046382e-01
1.200000000000089884e-04 1.411594999882483797e-02
3.600000000000269651e-04 7.661127194357533754e-02
2.400000000000179767e-04 3.807622658508547087e-02
1.200000000000089884e-04 1.650581895957009548e-02
2.400000000000179767e-04 3.758390329272549846e-02
2.400000000000179767e-04 3.473213015882049143e-02
2.400000000000179767e-04 5.291825564757444283e-02
2.399999999999624656e-04 4.053054162587250986e-02
2.400000000000179767e-04 3.709278871716786830e-02
1.200000000000089884e-04 1.383716153863047936e-02
1.200000000000089884e-04 2.259438067981007353e-02
4.799999999999804423e-04 1.140691137842843733e-01
3.599999999999714539e-04 6.462129467731758670e-02
2.400000000000179767e-04 3.341739661092130859e-02
4.800000000000359535e-04 7.562540663764563686e-02
1.200000000000089884e-04 1.770820353910008624e-02
2.400000000000179767e-04 4.423350829611019663e-02
2.400000000000179767e-04 8.629357768198495093e-02
1.200000000000089884e-04 1.379422118628995629e-02
2.399999999999624656e-04 9.047920128801706374e-02
2.400000000000179767e-04 3.900346370862492473e-02
1.200000000000089884e-04 1.705993651319015481e-02
1.200000000000089884e-04 1.686736950869085344e-02
2.400000000000179767e-04 3.380582270663542999e-02
3.599999999999714539e-04 8.829668216651270773e-02
3.600000000000269651e-04 8.633475873312962401e-02
2.399999999999624656e-04 3.676855381162386083e-02
5.999999999999894307e-04 1.794785132279437256e-01
1.200000000000089884e-04 2.410716138207461348e-02
2.399999999999624656e-04 4.695042535224311364e-02
2.399999999999624656e-04 7.347198927173527461e-02
1.200000000000089884e-04 1.641950080198038495e-02
3.599999999999714539e-04 7.924116342464833374e-02
2.400000000000179767e-04 5.650749716724561000e-02
6.000000000000449418e-04 1.386347489839366287e-01
5.999999999999894307e-04 1.018845192026965329e-01
1.200000000000089884e-04 1.689008691992984618e-02
2.399999999999624656e-04 3.311103967528521153e-02
2.400000000000179767e-04 4.019098543044480332e-02
4.799999999999804423e-04 8.600634159040551618e-02
1.200000000000089884e-04 1.713433320050037831e-02
1.200000000000089884e-04 1.456667690791560790e-02
2.399999999999624656e-04 8.888348041010618594e-02
4.799999999999804423e-04 1.112055979109471820e-01
1.200000000000089884e-04 1.939900312219178594e-02
2.400000000000179767e-04 4.046222157488006677e-02
2.400000000000179767e-04 3.125928171812689116e-02
2.400000000000179767e-04 2.817626105682975376e-02
2.400000000000179767e-04 5.668906568508001731e-02
2.400000000000179767e-04 4.721397354593490081e-02
4.799999999999804423e-04 1.199551835414274514e-01
1.200000000000089884e-04 2.156434567345991843e-02
7.199999999999984190e-04 1.398843990078741661e-01
1.200000000000089884e-04 1.422465116334981940e-02
2.399999999999624656e-04 3.746477497121829259e-02
2.400000000000179767e-04 4.644659050523942956e-02
2.399999999999624656e-04 4.228374330999320335e-02
3.600000000000269651e-04 1.151990309038649629e-01
2.400000000000179767e-04 4.001051273497033267e-02
1.200000000000089884e-04 1.807363143584476972e-02
1.199999999999534772e-04 1.959617296245368123e-02
2.399999999999624656e-04 3.629618979594834149e-02
2.400000000000179767e-04 6.075889201518297478e-02
1.200000000000089884e-04 2.513016484781021784e-02
1.200000000000089884e-04 2.264080973672544586e-02
4.799999999999804423e-04 1.253869507680418494e-01
1.200000000000089884e-04 1.688902613651963383e-02
3.600000000000269651e-04 5.686532477657983697e-02
4.799999999999804423e-04 8.786273339944467020e-02
1.200000000000089884e-04 2.231873657750991363e-02
2.400000000000179767e-04 6.492528372197475806e-02
3.599999999999714539e-04 1.083629052631485679e-01
1.200000000000089884e-04 1.704835304997596307e-02
1.200000000000089884e-04 1.727044652363982427e-02
3.599999999999714539e-04 5.635471981868907243e-02
3.600000000000269651e-04 9.809804340720998383e-02
3.599999999999159428e-04 1.315045541244748983e-01
4.800000000000359535e-04 9.401170711898010346e-02
3.600000000000269651e-04 7.235624207887467185e-02
4.800000000000359535e-04 6.747517558431975759e-02
4.800000000000359535e-04 1.210386774888846106e-01
2.400000000000179767e-04 4.420883914877991872e-02
4.800000000000359535e-04 1.567812619441121547e-01
3.599999999999159428e-04 1.198841335460490015e-01
4.799999999999249312e-04 1.470638402948356571e-01
1.200000000000089884e-04 1.853050682512498090e-02
2.400000000000179767e-04 6.015249380721528205e-02
4.800000000000359535e-04 9.004245768901533720e-02
3.600000000000269651e-04 1.013936154999002248e-01
2.400000000000179767e-04 5.206787173385016287e-02
4.800000000000359535e-04 9.677621860137046450e-02
4.800000000000359535e-04 1.268425675274949538e-01
2.400000000000179767e-04 3.466467447330714990e-02
1.200000000000089884e-04 1.840707915761027533e-02
3.600000000000269651e-04 7.218313714919002977e-02
3.600000000000269651e-04 1.126275268607553059e-01
4.800000000000359535e-04 1.229217041745606087e-01
2.400000000000179767e-04 3.894826587963486075e-02
2.399999999999069544e-04 6.027215398057494955e-02
1.200000000000089884e-04 1.570815141022002814e-02
3.600000000000269651e-04 6.861184044844956254e-02
2.400000000000179767e-04 7.663269691960455932e-02
2.400000000000179767e-04 3.798447950491048997e-02
3.600000000000269651e-04 7.710105317203977404e-02
2.400000000000179767e-04 4.970245270599954468e-02
3.599999999999159428e-04 5.717631127938951896e-02
3.599999999999159428e-04 8.086349266515438505e-02
3.600000000000269651e-04 1.087259419312854025e-01
2.400000000000179767e-04 5.286975013979131749e-02
3.600000000000269651e-04 6.354664563507514408e-02
4.800000000000359535e-04 1.738988456991801823e-01
3.600000000000269651e-04 7.274114633924530504e-02
3.600000000000269651e-04 9.345674270263495953e-02
3.600000000000269651e-04 1.327949825886749480e-01
6.000000000000449418e-04 1.142982699518948764e-01
2.399999999999069544e-04 6.739404922751840443e-02
2.399999999999069544e-04 3.279640099367646389e-02
2.399999999999069544e-04 4.043502596605261235e-02
2.400000000000179767e-04 5.602953662324017259e-02
3.600000000000269651e-04 8.381235528133507140e-02
2.399999999999069544e-04 4.408743058199218051e-02
2.400000000000179767e-04 3.177389203930504336e-02
4.799999999999249312e-04 1.178958823770363401e-01
6.000000000000449418e-04 1.113357701412099887e-01
2.400000000000179767e-04 2.721121014803007734e-02
3.599999999999159428e-04 7.184519409255188394e-02
2.400000000000179767e-04 2.934816615787991245e-02
2.400000000000179767e-04 3.834534742687985276e-02
2.399999999999069544e-04 4.484433379866240021e-02
3.600000000000269651e-04 1.379246174055649976e-01
3.600000000000269651e-04 7.694029274204004787e-02
7.200000000000539302e-04 1.441234005133373575e-01
2.400000000000179767e-04 4.386736100325965698e-02
2.400000000000179767e-04 7.666417501278519064e-02
3.600000000000269651e-04 7.559821009225020649e-02
1.200000000000089884e-04 1.512158487749508395e-02
1.200000000000089884e-04 1.785227783031495194e-02
2.400000000000179767e-04 7.122183508178497879e-02
5.999999999999339195e-04 1.638328002066446465e-01
2.399999999999069544e-04 3.275295254979148502e-02
2.400000000000179767e-04 3.439534319066030882e-02
4.799999999999249312e-04 1.168962071144015735e-01
2.400000000000179767e-04 4.739810266530758431e-02
1.200000000000089884e-04 1.815181922780995105e-02
3.599999999999159428e-04 6.272112875577626201e-02
1.200000000000089884e-04 1.528171335217490094e-02
2.400000000000179767e-04 6.034019495994027982e-02
2.400000000000179767e-04 2.987992694362515828e-02
2.400000000000179767e-04 8.594388007872523494e-02
2.400000000000179767e-04 5.274958568446486140e-02
2.400000000000179767e-04 4.893110325840544644e-02
1.200000000000089884e-04 2.485946844186994603e-02
1.200000000000089884e-04 1.422573660597995643e-02
3.600000000000269651e-04 7.074036165417024735e-02
3.600000000000269651e-04 8.612793744582512845e-02
1.200000000000089884e-04 2.852722388226992811e-02
3.600000000000269651e-04 1.296314545964150911e-01
3.600000000000269651e-04 8.777311310472485362e-02
2.400000000000179767e-04 3.387607467410037182e-02
2.399999999999069544e-04 3.000649471271196744e-02
2.400000000000179767e-04 4.291422713265494182e-02
2.399999999999069544e-04 3.168972364242863410e-02
1.200000000000089884e-04 2.186274850743499115e-02
2.400000000000179767e-04 2.991643087764021824e-02
1.200000000000089884e-04 1.412364078364004155e-02
2.400000000000179767e-04 8.911097441717508172e-02
2.399999999999069544e-04 3.030907917744235860e-02
3.600000000000269651e-04 7.403040590843006086e-02
3.600000000000269651e-04 1.045482608341502528e-01
2.400000000000179767e-04 3.454331438375975866e-02
1.200000000000089884e-04 2.073361788755991031e-02
3.600000000000269651e-04 8.862211097899709566e-02
1.200000000000089884e-04 1.402239399877525626e-02
4.800000000000359535e-04 1.245428566275353088e-01
3.600000000000269651e-04 6.473267582538469456e-02
4.799999999999249312e-04 1.232425098851523126e-01
1.200000000000089884e-04 1.893772718429983723e-02
4.799999999999249312e-04 1.023792468945380618e-01
2.400000000000179767e-04 3.038201492383495878e-02
2.400000000000179767e-04 5.537639784632032713e-02
4.800000000000359535e-04 1.213229900323550131e-01
1.199999999998979661e-04 1.970992095637453048e-02
2.400000000000179767e-04 4.448108773753474410e-02
5.999999999999339195e-04 1.281423197841491390e-01
1.200000000000089884e-04 1.792969666082015051e-02
1.200000000000089884e-04 1.637953186907004088e-02
4.800000000000359535e-04 1.197666490744946494e-01
1.200000000000089884e-04 1.784159595590967956e-02
2.400000000000179767e-04 3.826904059926981849e-02
2.400000000000179767e-04 2.966797087377494313e-02
2.400000000000179767e-04 3.194609963308989858e-02
2.400000000000179767e-04 6.746616250223505529e-02
1.200000000000089884e-04 1.504641807056501281e-02
2.400000000000179767e-04 4.030115503985496478e-02
1.200000000000089884e-04 2.584308246275487247e-02
4.800000000000359535e-04 6.106843446056022667e-02
2.400000000000179767e-04 5.380370170437515087e-02
4.800000000000359535e-04 1.569448647746402026e-01
1.200000000000089884e-04 2.687490636013453033e-02
3.600000000000269651e-04 9.536238169757998984e-02
4.799999999999249312e-04 1.208447892673378682e-01
2.400000000000179767e-04 5.651074607436495922e-02
1.199999999998979661e-04 1.513598241163112944e-02
2.400000000000179767e-04 7.071798482614546910e-02
4.799999999999249312e-04 1.700642360997380309e-01
3.600000000000269651e-04 1.176170173836588451e-01
1.200000000000089884e-04 1.516500938422996915e-02
5.999999999999339195e-04 1.343697119163310971e-01
2.400000000000179767e-04 3.053498676949474924e-02
3.600000000000269651e-04 6.361389812179837899e-02
1.200000000000089884e-04 1.408674859673014063e-02
2.400000000000179767e-04 4.330894155828497738e-02
4.799999999999249312e-04 9.956353747205656801e-02
4.800000000000359535e-04 1.203085209657926424e-01
2.399999999999069544e-04 5.401937246300116818e-02
1.200000000000089884e-04 2.120657723564005684e-02
6.000000000000449418e-04 1.317309703803750398e-01
1.200000000000089884e-04 1.890305169959017456e-02
2.400000000000179767e-04 6.618789546441992966e-02
1.200000000000089884e-04 1.541856552627999047e-02
2.400000000000179767e-04 6.281525852647040775e-02
2.400000000000179767e-04 3.353378538686007521e-02
4.800000000000359535e-04 7.920198610245987592e-02
1.200000000000089884e-04 1.412325837293498115e-02
2.399999999999069544e-04 3.869752415302131487e-02
1.200000000000089884e-04 2.076446850738010788e-02
2.400000000000179767e-04 5.370842673115484855e-02
3.600000000000269651e-04 6.951630246054996132e-02
3.600000000000269651e-04 1.325262455844501142e-01
2.400000000000179767e-04 5.775161565342469550e-02
4.799999999999249312e-04 9.106261118350424122e-02
3.600000000000269651e-04 1.090417719645550981e-01
2.399999999999069544e-04 2.796325634972278776e-02
2.400000000000179767e-04 7.982906009420528970e-02
4.799999999999249312e-04 1.077630719182002539e-01
1.200000000000089884e-04 2.868435686837973037e-02
3.600000000000269651e-04 7.222878337054494668e-02
4.800000000000359535e-04 1.184433049144902883e-01
2.400000000000179767e-04 5.007835220336495641e-02
3.600000000000269651e-04 1.001285035749503727e-01
1.200000000000089884e-04 1.481248442181497087e-02
2.400000000000179767e-04 4.767897311054461462e-02
4.800000000000359535e-04 1.451827268871100918e-01
2.400000000000179767e-04 3.723075200681991853e-02
3.599999999999159428e-04 8.893666974180747253e-02
2.400000000000179767e-04 3.419944496101999520e-02
2.400000000000179767e-04 3.961873790046489818e-02
1.200000000000089884e-04 2.219658322798996608e-02
2.400000000000179767e-04 4.430586361943465029e-02
5.999999999999339195e-04 1.195785598066563676e-01
5.999999999999339195e-04 2.001381806528561569e-01
1.200000000000089884e-04 2.079270560422005754e-02
3.600000000000269651e-04 7.786381157735501601e-02
2.400000000000179767e-04 7.320238752629451562e-02
3.599999999999159428e-04 6.153501584340731467e-02
2.400000000000179767e-04 3.537758826894506908e-02
1.199999999998979661e-04 1.637276757111741365e-02
2.400000000000179767e-04 4.922380445754502565e-02
5.999999999999339195e-04 1.331755594396872022e-01
1.200000000000089884e-04 2.627797837343518253e-02
1.200000000000089884e-04 1.666190167628979132e-02
3.599999999999159428e-04 1.278288137252329704e-01
2.400000000000179767e-04 5.494820138298495832e-02
3.600000000000269651e-04 5.943793352264985230e-02
2.399999999999069544e-04 3.505507582787312226e-02
2.400000000000179767e-04 4.598085327820003454e-02
2.400000000000179767e-04 3.752781863888497715e-02
2.400000000000179767e-04 4.217893668502004784e-02
2.400000000000179767e-04 3.831829689100017117e-02
3.600000000000269651e-04 8.568392460607496264e-02
3.600000000000269651e-04 6.029660321875483092e-02
2.400000000000179767e-04 6.066697682747984599e-02
1.200000000000089884e-04 2.406387260483495993e-02
3.600000000000269651e-04 8.099999543779511091e-02
1.200000000000089884e-04 1.762038989579509801e-02
2.400000000000179767e-04 4.080831361061507817e-02
2.400000000000179767e-04 4.750946640354493378e-02
2.400000000000179767e-04 6.997656879963004561e-02
3.599999999999159428e-04 7.049758164744657218e-02
1.200000000000089884e-04 2.044372449418021057e-02
3.600000000000269651e-04 6.729359029545486925e-02
4.800000000000359535e-04 1.186658680791249365e-01
3.600000000000269651e-04 5.512429406361492312e-02
1.200000000000089884e-04 1.917516079017759709e-02
3.600000000000269651e-04 1.503085934685950420e-01
3.600000000000269651e-04 5.183576950741330264e-02
2.400000000000179767e-04 3.803914994947518724e-02
1.199999999998979661e-04 1.344948800475255328e-02
1.200000000000089884e-04 2.419062454461010092e-02
2.399999999999069544e-04 5.694029304450908685e-02
1.200000000000089884e-04 1.425613321974005324e-02
2.400000000000179767e-04 6.842962716760990494e-02
2.400000000000179767e-04 3.489165721606011378e-02
2.400000000000179767e-04 4.003899757926979164e-02
3.599999999999159428e-04 7.409715045331684291e-02
2.400000000000179767e-04 5.963813846486005349e-02
1.200000000000089884e-04 1.701770744112491435e-02
2.400000000000179767e-04 4.303255833318488099e-02
3.600000000000269651e-04 7.289262205454986876e-02
3.599999999999159428e-04 7.033266591820713787e-02
2.400000000000179767e-04 5.016264382043494202e-02
2.399999999999069544e-04 3.707931768864844435e-02
4.800000000000359535e-04 1.608331240301500431e-01
2.400000000000179767e-04 4.563117267348490436e-02
3.600000000000269651e-04 1.855155721203019525e-01
1.200000000000089884e-04 2.142059640657986708e-02
2.400000000000179767e-04 4.822496973030004908e-02
3.600000000000269651e-04 1.344954124372500226e-01
1.200000000000089884e-04 2.001927585427500794e-02
2.399999999999069544e-04 3.967345322334304980e-02
3.600000000000269651e-04 9.109935664084498064e-02
1.200000000000089884e-04 1.969207581087017642e-02
2.400000000000179767e-04 6.779319630237010119e-02
2.399999999999069544e-04 6.303404752256283605e-02
2.400000000000179767e-04 3.503084234763017418e-02
1.200000000000089884e-04 1.492592319191014122e-02
2.400000000000179767e-04 4.975112207028979661e-02
7.199999999999429079e-04 1.316764190189764760e-01
3.600000000000269651e-04 8.646620078568478807e-02
2.399999999999069544e-04 5.101088784781195040e-02
2.400000000000179767e-04 7.501815066404998733e-02
3.599999999999159428e-04 5.715414462108935750e-02
1.200000000000089884e-04 1.546327836158015341e-02
2.400000000000179767e-04 6.280919914100498158e-02
4.799999999999249312e-04 1.130145099717006774e-01
3.600000000000269651e-04 8.917990363408503929e-02
2.399999999999069544e-04 4.863095252539716140e-02
3.600000000000269651e-04 1.175355630607499979e-01
3.600000000000269651e-04 5.638643523969534554e-02
2.399999999999069544e-04 6.908236780903895258e-02
3.600000000000269651e-04 1.056204865642550172e-01
2.400000000000179767e-04 2.906695216643987237e-02
1.200000000000089884e-04 1.490389465723487503e-02
2.400000000000179767e-04 3.978242634226981933e-02
1.200000000000089884e-04 1.592442828643509528e-02
3.599999999999159428e-04 6.007732320628098727e-02
2.400000000000179767e-04 2.978041968478505747e-02
3.599999999999159428e-04 6.512448971549578136e-02
4.800000000000359535e-04 1.258457675794047437e-01
2.400000000000179767e-04 6.039625723095852494e-02
3.600000000000269651e-04 8.792445243634017249e-02
2.400000000000179767e-04 4.822874544110503092e-02
2.400000000000179767e-04 5.587531755967556357e-02
3.599999999999159428e-04 6.463362741959147173e-02
