# size duration
7.999999999999951594e-04 3.291822222018960797e-01
7.999999999999951594e-04 5.456481567603628513e-02
8.239999999999997327e-02 1.790698884770173294e+01
2.000000000000001776e-03 1.473040348173913494e-01
2.400000000000013234e-03 1.549471556373598624e-01
2.400000000000013234e-03 1.485111463988604275e-01
1.599999999999990319e-03 9.523968700547305599e-02
4.000000000000114575e-04 1.495014667643669928e-02
2.399999999999957723e-03 1.541564646074667921e-01
2.000000000000001776e-03 1.583879682667796440e-01
1.599999999999990319e-03 1.095202277622850939e-01
3.199999999999980638e-03 1.597719351139324506e-01
1.199999999999978861e-03 4.723022700814392960e-02
1.199999999999978861e-03 6.520071931163805290e-02
1.199999999999978861e-03 4.578700590618742933e-02
1.599999999999990319e-03 6.822824161907553586e-02
4.400000000000015010e-03 2.520575817279162578e-01
1.199999999999978861e-03 5.617991481275068366e-02
2.400000000000013234e-03 1.251089131235805507e-01
2.000000000000001776e-03 1.117006999595306360e-01
8.000000000000229150e-04 3.133810817694264450e-02
2.800000000000024691e-03 1.821825763355326144e-01
7.999999999999674039e-04 3.176747270198905515e-02
3.999999999999559464e-04 1.451425409513598663e-02
2.400000000000068745e-03 1.490200336580008722e-01
8.000000000000229150e-04 2.983680320518345558e-02
3.999999999999559464e-04 1.422004212469244258e-02
1.599999999999934808e-03 7.971660675069536239e-02
2.000000000000001776e-03 8.937805376157412218e-02
2.000000000000001776e-03 8.585362607420157777e-02
2.800000000000024691e-03 1.357505786829429351e-01
2.399999999999957723e-03 1.230459138150200304e-01
1.599999999999934808e-03 7.010977955963965114e-02
2.800000000000024691e-03 1.485656869568465488e-01
1.600000000000045830e-03 7.218083135310839060e-02
2.800000000000024691e-03 1.634030208490780955e-01
3.999999999999559464e-04 1.405388497418416476e-02
8.000000000000229150e-04 2.878341138308546099e-02
2.000000000000001776e-03 1.072422205807955914e-01
2.000000000000001776e-03 1.058280157873553590e-01
2.400000000000068745e-03 1.401382742009340265e-01
8.000000000000229150e-04 3.023732211772850106e-02
2.800000000000024691e-03 1.467455560979213369e-01
3.199999999999980638e-03 1.906419845950879932e-01
2.000000000000001776e-03 1.352969744955735965e-01
2.399999999999957723e-03 1.505112893061696933e-01
8.000000000000229150e-04 2.774429565090634486e-02
1.199999999999978861e-03 5.558453779271971956e-02
1.600000000000045830e-03 7.443366524604611012e-02
8.000000000000229150e-04 3.882965783840076901e-02
3.999999999999559464e-04 1.840582532323184820e-02
7.999999999999118927e-04 3.610445086404036330e-02
1.199999999999978861e-03 1.915422729028679605e-01
1.600000000000045830e-03 5.057022804272024441e-01
