# size duration
5.000000000000000000e+00 1.047618054272077881e+00
1.500000000000000000e+00 1.029571670358757629e-01
2.375000000000000000e+00 1.578283938593254554e-01
3.375000000000000000e+00 1.814105937124779189e-01
1.250000000000000000e-01 3.831426258291248388e-03
2.687500000000000000e+01 6.365573725848516773e+00
1.375000000000000000e+00 6.827392016732602986e-02
1.012500000000000000e+01 5.956725510434721649e-01
6.875000000000000000e+00 7.079842614132005885e-01
1.750000000000000000e+00 6.680700727647599646e-02
2.750000000000000000e+00 2.162545147943315260e-01
3.750000000000000000e-01 1.222358192498156776e-02
6.500000000000000000e+00 1.131182876128146608e+00
4.250000000000000000e+00 6.388102224001345197e-01
1.750000000000000000e+00 7.418007371873835964e-02
1.475000000000000000e+01 1.700536331446743432e+00
4.375000000000000000e+00 3.223880006976052037e-01
1.175000000000000000e+01 9.586173904358736841e-01
1.875000000000000000e+00 1.007564211146210198e-01
9.000000000000000000e+00 8.012082543251730637e-01
8.750000000000000000e-01 2.974485661735237763e-02
1.000000000000000000e+00 3.479333093358061291e-02
2.500000000000000000e-01 7.894718495343511222e-03
1.625000000000000000e+00 9.417760748869907772e-02
2.500000000000000000e-01 7.807589161238581710e-03
1.012500000000000000e+01 1.193421967332974454e+00
2.250000000000000000e+00 1.657499235289772166e-01
6.250000000000000000e-01 2.086714859090177399e-02
6.250000000000000000e-01 2.210898720354803615e-02
2.125000000000000000e+00 9.789555521068438182e-02
5.000000000000000000e-01 1.693737202487932691e-02
2.000000000000000000e+00 1.477482888662762228e-01
5.000000000000000000e-01 1.584139423037544958e-02
2.375000000000000000e+00 1.874108459977312791e-01
8.750000000000000000e-01 3.236967298798409942e-02
2.000000000000000000e+00 1.038088907222789459e-01
1.250000000000000000e+00 5.971220741889116113e-02
1.062500000000000000e+01 7.421030254197156228e-01
6.250000000000000000e-01 2.309702277261482806e-02
1.000000000000000000e+00 4.333345437553193236e-02
9.750000000000000000e+00 9.864395324244692453e-01
1.250000000000000000e+00 6.707908044149890614e-02
6.250000000000000000e-01 2.109622570935654196e-02
8.750000000000000000e-01 3.381202753201417721e-02
2.500000000000000000e-01 7.924825572723115386e-03
1.250000000000000000e+00 4.850407964724468002e-02
2.125000000000000000e+00 1.004016798076938777e-01
2.750000000000000000e+00 1.583447905431722980e-01
3.000000000000000000e+00 2.331201142420007422e-01
1.750000000000000000e+00 6.856169150549895619e-02
1.375000000000000000e+00 5.409867270086987645e-02
1.000000000000000000e+00 4.012162918862260952e-02
3.625000000000000000e+00 2.054081185855940461e-01
2.625000000000000000e+00 1.364112843592359958e-01
1.125000000000000000e+00 4.881688480603774138e-02
6.250000000000000000e-01 2.450561256007421918e-02
6.250000000000000000e-01 2.022477443826176113e-02
8.750000000000000000e-01 3.237396407692871847e-02
4.000000000000000000e+00 2.752842984301384632e-01
1.625000000000000000e+00 8.126242641732916994e-02
2.000000000000000000e+00 1.092181210124318902e-01
1.750000000000000000e+00 8.015251758815900018e-02
2.125000000000000000e+00 1.343470081656499282e-01
1.875000000000000000e+00 1.111686740352837433e-01
1.125000000000000000e+00 4.542768341654834785e-02
1.250000000000000000e+00 5.340918241983882986e-02
6.250000000000000000e-01 2.139046186394133464e-02
2.750000000000000000e+00 1.336626879628839415e-01
1.000000000000000000e+00 3.474479275854269744e-02
2.000000000000000000e+00 1.017455700766334292e-01
1.125000000000000000e+00 4.888073307042661853e-02
2.125000000000000000e+00 1.259476993286454682e-01
1.250000000000000000e-01 3.862581386398833416e-03
6.250000000000000000e-01 2.054059018702969475e-02
1.750000000000000000e+00 6.859360582476958790e-02
1.625000000000000000e+00 1.066389028204610678e-01
1.375000000000000000e+00 5.460097483919068573e-02
2.500000000000000000e-01 7.786468002647595199e-03
5.000000000000000000e-01 1.689945217628086027e-02
2.625000000000000000e+00 1.012264950972199262e-01
1.750000000000000000e+00 7.736534030765085390e-02
1.250000000000000000e-01 3.937193984710152250e-03
2.125000000000000000e+00 1.145950149318719635e-01
2.250000000000000000e+00 8.264291877770246764e-02
2.500000000000000000e-01 8.081198320175175809e-03
2.375000000000000000e+00 9.049646277134226757e-02
2.875000000000000000e+00 1.174348778942591043e-01
3.125000000000000000e+00 1.411322030447323961e-01
5.000000000000000000e-01 1.587300309004024967e-02
5.000000000000000000e-01 1.590887910736649147e-02
8.750000000000000000e-01 3.368664508177676709e-02
1.250000000000000000e+00 5.044895340228183755e-02
1.750000000000000000e+00 8.282222275508810405e-02
2.875000000000000000e+00 1.478136406910024458e-01
3.875000000000000000e+00 1.983450084853921602e-01
5.000000000000000000e-01 1.604709305518969842e-02
6.250000000000000000e-01 2.084883351105659699e-02
3.750000000000000000e-01 1.221738604598843203e-02
1.500000000000000000e+00 5.439314074557022316e-02
1.000000000000000000e+00 3.906451658505116775e-02
