# itime ezz other fcc hcp bcc ico
0.000000000000000000e+00 0.000000000000000000e+00 0.000000000000000000e+00 1.000000000000000000e+00 0.000000000000000000e+00 0.000000000000000000e+00 0.000000000000000000e+00
3.000000000000000000e+01 1.199997139196362639e-02 0.000000000000000000e+00 1.000000000000000000e+00 0.000000000000000000e+00 0.000000000000000000e+00 0.000000000000000000e+00
6.000000000000000000e+01 2.399994278392725278e-02 0.000000000000000000e+00 1.000000000000000000e+00 0.000000000000000000e+00 0.000000000000000000e+00 0.000000000000000000e+00
9.000000000000000000e+01 3.599991417589110121e-02 0.000000000000000000e+00 1.000000000000000000e+00 0.000000000000000000e+00 0.000000000000000000e+00 0.000000000000000000e+00
1.200000000000000000e+02 4.799988556785472760e-02 0.000000000000000000e+00 1.000000000000000000e+00 0.000000000000000000e+00 0.000000000000000000e+00 0.000000000000000000e+00
1.500000000000000000e+02 5.999985695981835399e-02 0.000000000000000000e+00 1.000000000000000000e+00 0.000000000000000000e+00 0.000000000000000000e+00 0.000000000000000000e+00
1.800000000000000000e+02 7.199982835178198037e-02 0.000000000000000000e+00 1.000000000000000000e+00 0.000000000000000000e+00 0.000000000000000000e+00 0.000000000000000000e+00
2.100000000000000000e+02 8.399979974374560676e-02 1.137915339098771066e-04 9.998862084660901095e-01 0.000000000000000000e+00 0.000000000000000000e+00 0.000000000000000000e+00
2.400000000000000000e+02 9.599977113570923315e-02 3.413746017296313199e-04 9.996586253982703285e-01 0.000000000000000000e+00 0.000000000000000000e+00 0.000000000000000000e+00
2.700000000000000000e+02 1.079997425276730816e-01 1.593081474738279385e-03 9.984069185252617551e-01 0.000000000000000000e+00 0.000000000000000000e+00 0.000000000000000000e+00
3.000000000000000000e+02 1.199997139196367080e-01 5.006827492034592909e-03 9.947655894401457033e-01 0.000000000000000000e+00 2.275830678197542133e-04 0.000000000000000000e+00
3.300000000000000000e+02 1.319996853116003344e-01 2.469276285844333035e-02 9.740555302685480754e-01 0.000000000000000000e+00 1.251706873008648227e-03 0.000000000000000000e+00
3.600000000000000000e+02 1.439996567035639607e-01 8.727810650887574129e-02 9.066909421939007840e-01 0.000000000000000000e+00 6.030951297223486815e-03 0.000000000000000000e+00
3.900000000000000000e+02 1.559996280955275871e-01 4.070323167956304000e-01 5.271961766044606090e-01 0.000000000000000000e+00 6.577150659990896320e-02 0.000000000000000000e+00
4.200000000000000000e+02 1.679995994874912135e-01 7.320209376422394110e-01 6.213017751479289752e-02 1.593081474738279385e-03 2.042558033682294050e-01 0.000000000000000000e+00
4.500000000000000000e+02 1.799995708794550620e-01 7.352071005917160118e-01 1.479289940828402289e-02 6.713700500682749130e-03 2.432862994993172379e-01 0.000000000000000000e+00
4.800000000000000000e+02 1.919995422714186883e-01 7.333864360491579859e-01 1.945835229858898507e-02 2.264451524806554428e-02 2.245106964041875264e-01 0.000000000000000000e+00
5.100000000000000000e+02 2.039995136633823147e-01 7.754893035958124736e-01 2.366863905325443732e-02 4.688211197086936816e-02 1.539599453800637174e-01 0.000000000000000000e+00
5.400000000000000000e+02 2.159994850553459411e-01 8.147473827947200320e-01 3.060992262175694228e-02 5.587164314974965573e-02 9.877105143377332142e-02 0.000000000000000000e+00
5.700000000000000000e+02 2.279994564473095675e-01 8.385298133818843702e-01 3.482020937642239106e-02 6.258534365043240399e-02 6.406463359126081392e-02 0.000000000000000000e+00
6.000000000000000000e+02 2.399994278392734159e-01 8.355712335002275504e-01 4.494765589440145870e-02 6.827492034592626269e-02 5.120619025944470049e-02 0.000000000000000000e+00
6.300000000000000000e+02 2.519993992312370423e-01 8.373918980427855763e-01 4.870277651342740100e-02 7.715065999089668058e-02 3.675466545289030745e-02 0.000000000000000000e+00
6.600000000000000000e+02 2.639993706232006687e-01 8.339781520254893055e-01 5.530268548020027264e-02 8.329540282203004575e-02 2.742375967228038308e-02 0.000000000000000000e+00
6.900000000000000000e+02 2.759993420151642951e-01 8.309057806099225951e-01 6.076467910787437116e-02 8.693673190714611143e-02 2.139280837505689453e-02 0.000000000000000000e+00
7.200000000000000000e+02 2.879993134071279215e-01 8.225989986345015881e-01 7.180245789713245175e-02 8.659535730541648157e-02 1.900318616294947513e-02 0.000000000000000000e+00
7.500000000000000000e+02 2.999992847990915479e-01 8.271506599908966528e-01 7.373691397360036814e-02 8.511606736458807165e-02 1.399635867091488309e-02 0.000000000000000000e+00
7.800000000000000000e+02 3.119992561910553963e-01 8.207783340919435622e-01 7.464724624487938109e-02 8.750568957669549452e-02 1.706873008648156567e-02 0.000000000000000000e+00
8.100000000000000000e+02 3.239992275830190227e-01 8.183887118798361948e-01 8.238507055075101893e-02 8.705052344105598805e-02 1.217569412835685025e-02 0.000000000000000000e+00
8.400000000000000000e+02 3.359991989749826491e-01 8.206645425580336717e-01 8.101957214383249950e-02 8.591260810195720798e-02 1.240327719617660522e-02 0.000000000000000000e+00
8.700000000000000000e+02 3.479991703669462755e-01 8.174783796085570708e-01 8.090578060992262288e-02 8.841602184797450747e-02 1.308602639963586667e-02 1.137915339098771066e-04
9.000000000000000000e+02 3.599991417589099019e-01 8.185025034137459743e-01 8.158852981338188259e-02 8.818843878015475424e-02 1.172052799271734204e-02 0.000000000000000000e+00
9.300000000000000000e+02 3.719991131508737503e-01 8.249886208466090665e-01 7.703686845698680397e-02 8.670914883932635819e-02 1.126536185707783383e-02 0.000000000000000000e+00
9.600000000000000000e+02 3.839990845428373767e-01 8.288575329995447882e-01 7.464724624487938109e-02 8.443331816112881194e-02 1.206190259444697363e-02 0.000000000000000000e+00
9.900000000000000000e+02 3.959990559348012251e-01 8.241920801092398330e-01 7.544378698224851743e-02 8.852981338188438409e-02 1.183431952662721866e-02 0.000000000000000000e+00
1.020000000000000000e+03 4.079990273267646295e-01 8.182749203459263043e-01 7.794720072826581692e-02 9.182976786527081992e-02 1.183431952662721866e-02 1.137915339098771066e-04
1.050000000000000000e+03 4.199989987187282559e-01 8.273782430587164338e-01 7.441966317705962786e-02 8.625398270368685172e-02 1.194811106053709528e-02 0.000000000000000000e+00
1.080000000000000000e+03 4.319989701106918822e-01 8.255575785161584079e-01 7.328174783796086167e-02 8.716431497496586467e-02 1.399635867091488309e-02 0.000000000000000000e+00
1.110000000000000000e+03 4.439989415026557307e-01 8.315885298133819381e-01 7.123350022758306865e-02 8.284023668639053928e-02 1.422394173873463806e-02 1.137915339098771066e-04
1.140000000000000000e+03 4.559989128946193571e-01 8.285161583978152278e-01 7.453345471096950448e-02 8.454710969503868856e-02 1.206190259444697363e-02 3.413746017296313199e-04
1.170000000000000000e+03 4.679988842865827614e-01 8.365953573054164538e-01 6.781975421028675621e-02 8.318161128812016913e-02 1.228948566226672687e-02 1.137915339098771066e-04
1.200000000000000000e+03 4.799988556785466098e-01 8.430814747382794350e-01 6.554392353208920996e-02 7.851615839781520001e-02 1.274465179790623508e-02 1.137915339098771066e-04
1.230000000000000000e+03 4.919988270705104583e-01 8.430814747382794350e-01 6.781975421028675621e-02 7.954028220300408958e-02 9.444697314519799256e-03 1.137915339098771066e-04
1.260000000000000000e+03 5.039987984624738626e-01 8.419435593991807520e-01 6.747837960855712636e-02 7.885753299954482987e-02 1.126536185707783383e-02 4.551661356395084266e-04
1.290000000000000000e+03 5.159987698544377110e-01 8.472917614929449392e-01 6.599908966772871644e-02 7.862994993172507663e-02 8.079198907601274626e-03 0.000000000000000000e+00
1.320000000000000000e+03 5.279987412464013374e-01 8.512744651797906625e-01 6.395084205735093730e-02 7.498862084660901095e-02 9.672280382339554228e-03 1.137915339098771066e-04
1.350000000000000000e+03 5.399987126383651859e-01 8.508192990441511006e-01 6.213017751479289752e-02 7.692307692307692735e-02 1.001365498406918582e-02 1.137915339098771066e-04
1.380000000000000000e+03 5.519986840303285902e-01 8.537778789258079204e-01 6.156121984524351443e-02 7.601274465179790052e-02 8.534365043240782836e-03 1.137915339098771066e-04
1.410000000000000000e+03 5.639986554222924386e-01 8.601502048247610110e-01 5.848884842967683184e-02 7.419208010923987462e-02 6.827492034592626616e-03 3.413746017296313199e-04
1.440000000000000000e+03 5.759986268142560650e-01 8.585571233500227661e-01 5.791989076012744875e-02 7.567137005006827066e-02 7.737824305871643035e-03 1.137915339098771066e-04
1.470000000000000000e+03 5.879985982062196914e-01 8.623122439690487084e-01 5.461993627674101293e-02 7.589895311788802390e-02 6.827492034592626616e-03 3.413746017296313199e-04
1.500000000000000000e+03 5.999985695981833178e-01 8.633363677742376119e-01 5.461993627674101293e-02 7.339553937187073829e-02 8.420573509330906217e-03 2.275830678197542133e-04
1.530000000000000000e+03 6.119985409901471662e-01 8.600364132908511205e-01 5.621301775147929253e-02 7.669549385525717411e-02 6.941283568502503235e-03 1.137915339098771066e-04
1.560000000000000000e+03 6.239985123821105706e-01 8.619708693673190369e-01 5.621301775147929253e-02 7.487482931269913433e-02 6.372325898953117539e-03 5.689576695493854790e-04
1.590000000000000000e+03 6.359984837740744190e-01 8.695949021392808120e-01 5.450614474283113631e-02 6.986800182066454923e-02 6.030951297223486815e-03 0.000000000000000000e+00
1.620000000000000000e+03 6.479984551660380454e-01 8.781292671825216001e-01 4.813381884387801790e-02 6.565771506599908658e-02 8.079198907601274626e-03 0.000000000000000000e+00
1.650000000000000000e+03 6.599984265580016718e-01 8.764223941738734647e-01 5.109239872553481693e-02 6.668183887118799003e-02 5.120619025944469528e-03 6.827492034592626399e-04
1.680000000000000000e+03 6.719983979499652982e-01 8.752844788347746707e-01 5.405097860719162289e-02 6.315430131998178709e-02 7.396449704142011444e-03 1.137915339098771066e-04
1.710000000000000000e+03 6.839983693419291466e-01 8.747155211652253293e-01 5.234410559854346667e-02 6.417842512517069054e-02 8.192990441511151245e-03 5.689576695493854790e-04
1.740000000000000000e+03 6.959983407338925510e-01 8.750568957669548897e-01 5.348202093764223980e-02 6.360946745562130744e-02 7.396449704142011444e-03 4.551661356395084266e-04
1.770000000000000000e+03 7.079983121258561773e-01 8.789258079198907225e-01 4.938552571688666071e-02 6.099226217569413133e-02 1.035502958579881741e-02 3.413746017296313199e-04
1.800000000000000000e+03 7.199982835178200258e-01 8.793809740555302845e-01 5.109239872553481693e-02 5.837505689576695522e-02 1.024123805188893906e-02 9.103322712790168532e-04
1.830000000000000000e+03 7.319982549097838742e-01 8.838188438780154588e-01 4.631315430131998506e-02 6.087847064178425471e-02 8.989531178880291046e-03 0.000000000000000000e+00
1.860000000000000000e+03 7.439982263017472786e-01 8.860946745562130467e-01 4.654073736913973830e-02 5.917159763313609155e-02 7.965407373691398007e-03 2.275830678197542133e-04
1.890000000000000000e+03 7.559981976937109049e-01 8.801775147928994070e-01 4.767865270823850449e-02 6.121984524351388457e-02 1.081019572143832562e-02 1.137915339098771066e-04
1.920000000000000000e+03 7.679981690856745313e-01 8.821119708693673234e-01 4.665452890304961492e-02 6.042330450614474130e-02 1.046882111970869403e-02 3.413746017296313199e-04
1.950000000000000000e+03 7.799981404776383798e-01 8.823395539371871044e-01 4.619936276741010150e-02 6.008192990441511144e-02 1.115157032316795548e-02 2.275830678197542133e-04
1.980000000000000000e+03 7.919981118696020062e-01 8.805188893946290785e-01 4.665452890304961492e-02 5.917159763313609155e-02 1.354119253527537488e-02 1.137915339098771066e-04
2.010000000000000000e+03 8.039980832615654105e-01 8.810878470641784199e-01 4.608557123350022489e-02 6.076467910787437116e-02 1.172052799271734204e-02 3.413746017296313199e-04
2.040000000000000000e+03 8.159980546535292589e-01 8.880291306326809631e-01 4.289940828402366568e-02 5.757851615839781195e-02 1.115157032316795548e-02 3.413746017296313199e-04
2.070000000000000000e+03 8.279980260454931074e-01 8.891670459717796460e-01 4.392353208921256219e-02 5.496131087847064278e-02 1.172052799271734204e-02 2.275830678197542133e-04
2.100000000000000000e+03 8.399979974374565117e-01 8.918980427856167958e-01 4.426490669094219205e-02 5.325443786982248656e-02 1.046882111970869403e-02 1.137915339098771066e-04
2.130000000000000000e+03 8.519979688294201381e-01 8.874601729631315106e-01 4.506144742831133532e-02 5.735093309057805872e-02 9.672280382339554228e-03 4.551661356395084266e-04
2.160000000000000000e+03 8.639979402213839865e-01 8.948566226672735047e-01 4.380974055530268557e-02 5.382339553937186966e-02 7.282658170232134826e-03 2.275830678197542133e-04
2.190000000000000000e+03 8.759979116133478350e-01 8.940600819299043822e-01 4.449248975876194528e-02 5.188893946290396020e-02 8.648156577150659455e-03 9.103322712790168532e-04
2.220000000000000000e+03 8.879978830053112393e-01 9.023668639053253893e-01 3.891670459717797015e-02 4.972690031861629750e-02 8.875739644970414427e-03 1.137915339098771066e-04
2.250000000000000000e+03 8.999978543972748657e-01 8.984979517523896675e-01 3.868912152935821691e-02 5.359581247155211642e-02 8.420573509330906217e-03 7.965407373691396923e-04
2.280000000000000000e+03 9.119978257892387141e-01 9.056668183887118806e-01 3.720983158852981393e-02 4.927173418297678409e-02 7.282658170232134826e-03 5.689576695493854790e-04
2.310000000000000000e+03 9.239977971812023405e-01 9.065771506599908935e-01 3.743741465634956717e-02 4.938552571688666071e-02 6.258534365043240920e-03 3.413746017296313199e-04
2.340000000000000000e+03 9.359977685731659669e-01 9.012289485662267063e-01 3.891670459717797015e-02 4.984069185252617412e-02 9.217114246700046018e-03 7.965407373691396923e-04
2.370000000000000000e+03 9.479977399651293712e-01 8.966772872098316416e-01 4.107874374146563284e-02 5.336822940373236318e-02 7.965407373691398007e-03 9.103322712790168532e-04
2.400000000000000000e+03 9.599977113570932197e-01 9.005461993627673634e-01 4.028220300409649651e-02 5.120619025944470049e-02 7.624032771961766417e-03 3.413746017296313199e-04
2.430000000000000000e+03 9.719976827490570681e-01 9.058944014565316616e-01 3.800637232589895026e-02 4.961310878470642088e-02 6.030951297223486815e-03 4.551661356395084266e-04
2.460000000000000000e+03 9.839976541410206945e-01 9.031634046426946227e-01 4.016841147018661989e-02 4.745106964041875125e-02 8.989531178880291046e-03 2.275830678197542133e-04
2.490000000000000000e+03 9.959976255329840988e-01 9.020254893035958288e-01 4.039599453800637313e-02 4.984069185252617412e-02 7.282658170232134826e-03 4.551661356395084266e-04
