# size duration
3.615000000000000213e+00 2.489829742958320935e+00
3.450000000000024158e-01 6.858888370725114980e-02
6.299999999999990052e-01 1.803743496841454519e-01
2.699999999999995737e-01 4.315081515221701192e-02
2.384999999999998010e+00 7.115271932184927817e-01
2.460000000000000853e+00 6.507198113666758932e-01
5.999999999999872102e-02 8.260339976113724794e-03
9.600000000000008527e-01 2.331243284097413437e-01
1.094999999999998863e+00 2.367148326677506187e-01
2.549999999999954525e-01 4.918909645861780505e-02
4.350000000000022737e-01 1.002730392210695737e-01
5.549999999999997158e-01 2.156019157882966275e-01
2.550000000000025580e-01 4.086975436743022633e-02
9.299999999999997158e-01 2.560546669989764990e-01
4.800000000000039790e-01 1.283069120491694137e-01
1.634999999999998010e+00 4.326187721922752361e-01
1.199999999999974420e-01 1.688912579757367166e-02
1.649999999999991473e-01 2.542348735108786173e-02
6.749999999999971578e-01 1.705825986344325640e-01
5.399999999999991473e-01 1.636354199899686945e-01
5.100000000000051159e-01 1.041001781197807424e-01
6.449999999999960210e-01 1.116036511061540004e-01
5.399999999999920419e-01 9.680100386614474972e-02
2.699999999999960210e-01 4.074129436748559485e-02
6.149999999999948841e-01 1.678056192877807884e-01
2.399999999999948841e-01 3.975583475791252125e-02
2.249999999999943157e-01 3.423753890550998435e-02
3.299999999999982947e-01 6.987096075033721876e-02
4.499999999999886313e-01 1.244836839441055831e-01
4.050000000000011369e-01 1.085461627735475193e-01
4.800000000000039790e-01 1.305348556089573342e-01
2.249999999999943157e-01 3.526368455518667094e-02
4.050000000000011369e-01 9.073851650128800239e-02
2.099999999999937472e-01 3.341745502408238755e-02
7.500000000000284217e-02 1.036228965593242318e-02
1.799999999999926104e-01 2.717535677006741729e-02
4.200000000000017053e-01 7.508115916430174730e-02
5.699999999999931788e-01 2.060681128658606309e-01
5.849999999999937472e-01 2.315211192858744604e-01
2.549999999999954525e-01 4.485888898527416735e-02
5.699999999999931788e-01 2.207041794956642322e-01
3.750000000000000000e-01 7.386360721465955181e-02
4.350000000000022737e-01 9.308898714592900303e-02
4.200000000000017053e-01 1.124521803081644927e-01
1.949999999999931788e-01 3.030646437816258976e-02
2.849999999999965894e-01 6.081166749191518894e-02
1.649999999999920419e-01 2.503562744716645097e-02
3.449999999999988631e-01 7.038286803406124115e-02
4.200000000000017053e-01 8.688846032713053169e-02
4.050000000000011369e-01 8.463931188834780683e-02
8.099999999999880629e-01 1.346215877638426983e-01
3.750000000000000000e-01 7.087312552670446686e-02
2.849999999999965894e-01 4.641875740614721801e-02
2.100000000000079581e-01 3.220225069688121416e-02
