# size duration
4.000000000000114575e-04 1.275776336992312521e-01
4.399999999999998357e-02 4.990838745178755254e+00
1.040000000000002034e-02 4.374255560390395425e-01
3.199999999999980638e-03 1.520626277489448008e-01
5.599999999999993872e-03 2.198616175166714648e-01
4.000000000000114575e-04 9.643695862254665976e-03
1.599999999999990319e-03 4.581000290271299014e-02
6.400000000000016787e-03 2.930478155037172794e-01
3.599999999999992095e-03 1.648683752734656505e-01
4.399999999999959499e-03 1.699052931171869396e-01
1.600000000000045830e-03 5.676868992755643162e-02
2.000000000000001776e-03 6.914003947789880422e-02
7.199999999999984190e-03 2.301194550545853923e-01
2.400000000000013234e-03 8.020014706519608405e-02
7.999999999999674039e-04 1.999709185027444963e-02
1.599999999999990319e-03 4.438388544869048546e-02
8.000000000000229150e-04 2.396943595008702022e-02
2.400000000000013234e-03 1.138196662863314168e-01
2.400000000000013234e-03 7.366320263021067238e-02
2.000000000000001776e-03 6.404233536602457755e-02
3.199999999999980638e-03 1.369607803714142091e-01
2.000000000000001776e-03 6.808866555650783248e-02
5.200000000000037925e-03 2.328556340142740044e-01
5.599999999999993872e-03 2.061225803882516527e-01
7.200000000000039702e-03 2.892121829190254512e-01
2.000000000000001776e-03 6.375720178758888246e-02
1.600000000000045830e-03 4.966820632356717946e-02
1.599999999999990319e-03 5.081160466276012089e-02
2.800000000000024691e-03 7.318889623904567543e-02
2.400000000000068745e-03 9.618350268761946542e-02
2.799999999999913669e-03 8.909639440438477109e-02
2.000000000000001776e-03 7.335667016238274496e-02
1.599999999999934808e-03 4.846429819687246565e-02
3.199999999999980638e-03 2.005416592198706049e-01
4.800000000000026468e-03 2.222909677757492486e-01
1.600000000000045830e-03 4.225394343255873403e-02
3.599999999999936584e-03 1.319964464211558774e-01
3.600000000000047606e-03 9.744757353455335558e-02
1.199999999999978861e-03 3.033076630235830365e-02
2.400000000000068745e-03 9.045445891310199826e-02
2.000000000000001776e-03 6.860721237492546642e-02
1.600000000000045830e-03 5.374292406723857329e-02
1.599999999999934808e-03 4.996705563811987272e-02
1.599999999999934808e-03 4.883673307606176128e-02
3.200000000000091660e-03 1.525202662010236021e-01
1.600000000000045830e-03 4.715544111998134363e-02
1.600000000000045830e-03 4.468174665933287437e-02
3.999999999999892530e-03 1.937487255599960878e-01
4.000000000000003553e-03 1.641248362828159890e-01
3.199999999999980638e-03 1.697609339756675773e-01
1.599999999999934808e-03 4.604158531603724791e-02
8.000000000000229150e-04 3.901203543143742097e-02
4.000000000000669687e-04 1.436491182919766643e-02
3.999999999999559464e-04 6.113821034533666043e-02
