# drho_hcp drho_bcc ei ef ti tf avalancheSize
-1.133833870027166520e-05 -1.784237345057559498e-05 2.053200000000000025e-01 2.059199999999999919e-01 1.711000000000000000e+03 1.716000000000000000e+03 4.031103386453535609e-02
-6.027083714092821036e-05 8.561633509389685948e-05 2.106000000000000094e-01 2.111999999999999988e-01 1.755000000000000000e+03 1.760000000000000000e+03 3.474475596726641496e-02
7.902000933197746158e-02 1.290399081192254889e-02 2.122799999999999965e-01 2.457600000000000062e-01 1.769000000000000000e+03 2.048000000000000000e+03 1.758513641323025212e+01
7.160045172318330042e-04 9.118266750033077184e-04 2.482800000000000007e-01 2.497199999999999975e-01 2.069000000000000000e+03 2.081000000000000000e+03 2.119069822411474568e-01
3.772404703829168593e-03 -1.484306141669316376e-03 2.504399999999999959e-01 2.540399999999999880e-01 2.087000000000000000e+03 2.117000000000000000e+03 4.136595079080744863e-01
9.067116211952663818e-05 -1.830684700065199344e-03 2.546399999999999775e-01 2.566800000000000193e-01 2.122000000000000000e+03 2.139000000000000000e+03 1.556978382175548403e-01
-3.080300726924639632e-04 5.453961453777324969e-04 2.629199999999999871e-01 2.637599999999999945e-01 2.191000000000000000e+03 2.198000000000000000e+03 6.999231005855341414e-02
-6.003945504370333808e-04 1.821054964038379409e-03 2.653200000000000003e-01 2.664000000000000257e-01 2.211000000000000000e+03 2.220000000000000000e+03 1.453693275514998384e-01
-5.071386135573757725e-04 -9.038618343077883810e-04 2.720400000000000040e-01 2.726399999999999935e-01 2.267000000000000000e+03 2.272000000000000000e+03 3.492653201693013409e-02
-5.616686315284835640e-04 -9.907572432989765476e-04 2.767200000000000215e-01 2.772000000000000020e-01 2.306000000000000000e+03 2.310000000000000000e+03 3.201470125194967598e-02
-3.738905956597218805e-03 2.751708916357530066e-05 2.818800000000000194e-01 2.827200000000000268e-01 2.349000000000000000e+03 2.356000000000000000e+03 5.404957693009317804e-02
7.145787829371808009e-04 1.622919469986064400e-04 2.889599999999999946e-01 2.893200000000000216e-01 2.408000000000000000e+03 2.411000000000000000e+03 2.047978431023796120e-02
-1.699043398238758718e-04 1.231917317065216871e-04 2.903999999999999915e-01 2.907600000000000184e-01 2.420000000000000000e+03 2.423000000000000000e+03 1.979321045070671012e-02
-8.287662112876903464e-05 -1.423899829707531151e-03 2.961599999999999788e-01 2.983199999999999741e-01 2.468000000000000000e+03 2.486000000000000000e+03 1.580541039334076026e-01
-1.412693543005494323e-03 8.182913582832577332e-04 2.993999999999999995e-01 2.998799999999999799e-01 2.495000000000000000e+03 2.499000000000000000e+03 2.301930642372899266e-02
-1.034592311010121279e-03 -1.062899117474241234e-03 3.044399999999999884e-01 3.052799999999999958e-01 2.537000000000000000e+03 2.544000000000000000e+03 7.439115483065386614e-02
-1.917000244643363160e-04 3.045557443018057087e-04 3.185999999999999943e-01 3.210000000000000075e-01 2.655000000000000000e+03 2.675000000000000000e+03 2.356882426138206810e-01
-1.561404042130676295e-03 -3.689377475911057719e-03 3.220799999999999774e-01 3.230399999999999938e-01 2.684000000000000000e+03 2.692000000000000000e+03 8.282979575401615280e-02
7.294202717151587745e-04 2.359111141868562578e-03 3.306000000000000050e-01 3.316799999999999748e-01 2.755000000000000000e+03 2.764000000000000000e+03 1.128725928063679246e-01
1.814565762165001872e-03 4.343050017183592432e-04 3.376799999999999802e-01 3.382800000000000251e-01 2.814000000000000000e+03 2.819000000000000000e+03 3.435517589807549760e-02
1.844507456356531128e-04 -1.431403744168452050e-03 3.399599999999999844e-01 3.405599999999999739e-01 2.833000000000000000e+03 2.838000000000000000e+03 3.697215832508414513e-02
-1.498237975432289981e-03 9.437252304357931360e-04 3.452399999999999913e-01 3.462000000000000077e-01 2.877000000000000000e+03 2.885000000000000000e+03 7.100448063956230071e-02
-7.045419389699741908e-04 5.946088365188645364e-04 3.511199999999999877e-01 3.514800000000000146e-01 2.926000000000000000e+03 2.929000000000000000e+03 1.974344568601462541e-02
-2.689562512925569582e-04 -1.269094962965506071e-03 3.525599999999999845e-01 3.532799999999999829e-01 2.938000000000000000e+03 2.944000000000000000e+03 5.851412489187358262e-02
0.000000000000000000e+00 0.000000000000000000e+00 3.543600000000000083e-01 3.544800000000000173e-01 2.953000000000000000e+03 2.954000000000000000e+03 5.376997133834486575e-03
-2.439762695393699055e-04 -1.641527455555850251e-03 3.560400000000000231e-01 3.566400000000000126e-01 2.967000000000000000e+03 2.972000000000000000e+03 4.662410944332070345e-02
-1.235442791886323666e-03 3.324725047204428463e-05 3.642000000000000237e-01 3.646800000000000042e-01 3.035000000000000000e+03 3.039000000000000000e+03 2.795283424370233888e-02
2.863885565663609745e-04 8.555026541220128039e-04 3.688799999999999857e-01 3.693600000000000216e-01 3.074000000000000000e+03 3.078000000000000000e+03 3.025700845165157221e-02
3.049327230922049825e-04 -1.639578680321796336e-03 3.704399999999999915e-01 3.711599999999999899e-01 3.087000000000000000e+03 3.093000000000000000e+03 7.734833640793573051e-02
-4.707716558928376482e-03 -6.475853782693039018e-04 3.721200000000000063e-01 3.731999999999999762e-01 3.101000000000000000e+03 3.110000000000000000e+03 7.141440550965620637e-02
5.554083687088207100e-04 -7.292281427572645108e-04 3.746399999999999730e-01 3.754799999999999804e-01 3.122000000000000000e+03 3.129000000000000000e+03 5.746659899793016280e-02
-9.228380419163823012e-04 6.042868438946337462e-04 3.764399999999999968e-01 3.771599999999999953e-01 3.137000000000000000e+03 3.143000000000000000e+03 4.367001938087312213e-02
-3.738477808297585581e-04 -5.340806075614552839e-04 3.793199999999999905e-01 3.798000000000000265e-01 3.161000000000000000e+03 3.165000000000000000e+03 2.937436819716605918e-02
-4.184204448043210567e-04 -2.723882629686071033e-04 3.813599999999999768e-01 3.815999999999999948e-01 3.178000000000000000e+03 3.180000000000000000e+03 1.148140387159057862e-02
2.355319769400676666e-03 -2.623685092678820080e-04 3.836399999999999810e-01 3.843599999999999794e-01 3.197000000000000000e+03 3.203000000000000000e+03 5.935856958224635521e-02
-8.311514821364301975e-04 2.535108855506850584e-04 3.855600000000000138e-01 3.859199999999999853e-01 3.213000000000000000e+03 3.216000000000000000e+03 1.811829433695791650e-02
-2.483352161788271451e-04 -1.593294586923789391e-04 3.926399999999999890e-01 3.928800000000000070e-01 3.272000000000000000e+03 3.274000000000000000e+03 1.210579000867426439e-02
-1.064286942097508737e-04 2.325389645728582338e-04 3.937200000000000144e-01 3.945600000000000218e-01 3.281000000000000000e+03 3.288000000000000000e+03 6.630596214172902736e-02
-2.143258382121357442e-03 -1.849910558784934739e-04 4.015199999999999880e-01 4.023599999999999954e-01 3.346000000000000000e+03 3.353000000000000000e+03 5.449717563141463078e-02
5.458187015117577090e-03 -1.045464012538757648e-03 4.028399999999999759e-01 4.042799999999999727e-01 3.357000000000000000e+03 3.369000000000000000e+03 1.630955076031052053e-01
3.952134942339785573e-04 7.632229101503188590e-04 4.090799999999999992e-01 4.100400000000000156e-01 3.409000000000000000e+03 3.417000000000000000e+03 8.913086334516645559e-02
1.128160740879541324e-03 -1.028911727730084935e-04 4.169999999999999818e-01 4.176000000000000267e-01 3.475000000000000000e+03 3.480000000000000000e+03 4.736370758699869760e-02
-2.475894339881157258e-04 -1.872824435516524250e-04 4.186799999999999966e-01 4.190400000000000236e-01 3.489000000000000000e+03 3.492000000000000000e+03 1.800021974949839176e-02
2.143027413462061936e-04 7.197477408376774105e-04 4.198799999999999755e-01 4.210800000000000098e-01 3.499000000000000000e+03 3.509000000000000000e+03 1.778474239947944180e-01
4.992777479870258439e-04 3.049149743629027409e-04 4.259999999999999898e-01 4.265999999999999792e-01 3.550000000000000000e+03 3.555000000000000000e+03 3.180131322725531645e-02
-1.268490691169049667e-03 1.098964079801510035e-03 4.293600000000000194e-01 4.305599999999999983e-01 3.578000000000000000e+03 3.588000000000000000e+03 1.088100701682864352e-01
4.665371850927496622e-04 -1.113237139841644768e-03 4.323600000000000221e-01 4.333199999999999830e-01 3.603000000000000000e+03 3.611000000000000000e+03 1.157206869363666402e-01
-2.720470304787281357e-05 -2.624602712583690156e-05 4.365600000000000036e-01 4.368000000000000216e-01 3.638000000000000000e+03 3.640000000000000000e+03 1.105618268069981369e-02
1.804652221729249884e-03 1.458476004144032556e-04 4.377599999999999825e-01 4.385999999999999899e-01 3.648000000000000000e+03 3.655000000000000000e+03 8.032184870200177740e-02
2.898450322608478458e-03 -1.901065715617339218e-03 4.396800000000000153e-01 4.405200000000000227e-01 3.664000000000000000e+03 3.671000000000000000e+03 8.001793286584564513e-02
3.184368637725309981e-04 1.165344888068124696e-04 4.431599999999999984e-01 4.436399999999999788e-01 3.693000000000000000e+03 3.697000000000000000e+03 3.010030953576642992e-02
8.132595065603598350e-04 3.895676709115445877e-04 4.448400000000000132e-01 4.454400000000000026e-01 3.707000000000000000e+03 3.712000000000000000e+03 4.502300186033216661e-02
2.566947239912575895e-05 2.982112105116372508e-04 4.467599999999999905e-01 4.474799999999999889e-01 3.723000000000000000e+03 3.729000000000000000e+03 5.047944025183336014e-02
-7.001266996045085733e-04 -5.203914474857275485e-04 4.486800000000000233e-01 4.492800000000000127e-01 3.739000000000000000e+03 3.744000000000000000e+03 3.899329480695601369e-02
3.020043460090354737e-04 1.558810663663048879e-05 4.519199999999999884e-01 4.522800000000000153e-01 3.766000000000000000e+03 3.769000000000000000e+03 2.093375692027777887e-02
-1.389461946953357563e-03 -3.694149969025624369e-04 4.533599999999999852e-01 4.541999999999999926e-01 3.778000000000000000e+03 3.785000000000000000e+03 8.110591856234980468e-02
-1.133502491399873691e-03 -5.105050596338495811e-04 4.556399999999999895e-01 4.562399999999999789e-01 3.797000000000000000e+03 3.802000000000000000e+03 3.896732327382827765e-02
4.710270596018917288e-04 1.801180455605608244e-03 4.576799999999999757e-01 4.590000000000000191e-01 3.814000000000000000e+03 3.825000000000000000e+03 1.575861176173498079e-01
-1.528635040608586348e-03 2.079532941361365850e-03 4.599599999999999800e-01 4.611600000000000144e-01 3.833000000000000000e+03 3.843000000000000000e+03 7.860291460077972747e-02
-6.476608602211664234e-04 2.928099310804607724e-04 4.624800000000000022e-01 4.628399999999999737e-01 3.854000000000000000e+03 3.857000000000000000e+03 1.905647148117327327e-02
5.382876548406939632e-04 -1.891522247721953709e-04 4.678800000000000181e-01 4.682399999999999896e-01 3.899000000000000000e+03 3.902000000000000000e+03 1.791757935533879603e-02
2.170297196008030838e-05 4.976048952792383462e-04 4.695599999999999774e-01 4.706400000000000028e-01 3.913000000000000000e+03 3.922000000000000000e+03 9.588336569220115568e-02
-8.299305479848584355e-04 3.015973566480086715e-04 4.726799999999999891e-01 4.732799999999999785e-01 3.939000000000000000e+03 3.944000000000000000e+03 3.140152729971097678e-02
2.677686945955604081e-03 -7.634780537071894635e-04 4.736400000000000055e-01 4.750800000000000023e-01 3.947000000000000000e+03 3.959000000000000000e+03 1.294638405513845736e-01
0.000000000000000000e+00 0.000000000000000000e+00 4.763999999999999901e-01 4.765199999999999991e-01 3.970000000000000000e+03 3.971000000000000000e+03 5.395134490531022266e-03
3.030673037071385245e-03 -4.323605782310582096e-04 4.791599999999999748e-01 4.803600000000000092e-01 3.993000000000000000e+03 4.003000000000000000e+03 7.524184533679569020e-02
9.252844563803486189e-05 1.422203129442238534e-03 4.810800000000000076e-01 4.820400000000000240e-01 4.009000000000000000e+03 4.017000000000000000e+03 6.463800631938772245e-02
-3.655191470773588858e-05 -3.925831495705123936e-04 4.833600000000000119e-01 4.838399999999999923e-01 4.028000000000000000e+03 4.032000000000000000e+03 3.273737529622092884e-02
1.955775889893873742e-04 4.080958019421661309e-04 4.870800000000000129e-01 4.878000000000000114e-01 4.059000000000000000e+03 4.065000000000000000e+03 4.584792479254470865e-02
-5.069807590595137858e-04 2.274315506329803449e-04 4.904399999999999871e-01 4.912799999999999945e-01 4.087000000000000000e+03 4.094000000000000000e+03 6.698880415678766520e-02
7.601694019667842861e-04 9.754172558540490090e-04 4.958400000000000030e-01 4.966800000000000104e-01 4.132000000000000000e+03 4.139000000000000000e+03 6.217479072300808457e-02
-2.001487193185769176e-03 -8.702927329263289435e-04 5.023199999999999887e-01 5.030400000000000427e-01 4.186000000000000000e+03 4.192000000000000000e+03 6.192947913217182465e-02
9.866416612791528706e-05 -6.237397981339390385e-04 5.041200000000000125e-01 5.049599999999999644e-01 4.201000000000000000e+03 4.208000000000000000e+03 8.425514279205731372e-02
-1.653587959603436408e-04 8.841416845919124190e-05 5.096399999999999819e-01 5.098799999999999999e-01 4.247000000000000000e+03 4.249000000000000000e+03 1.126711971119931030e-02
6.665343009254476314e-05 -1.985595303159032321e-05 5.110799999999999788e-01 5.113199999999999967e-01 4.259000000000000000e+03 4.261000000000000000e+03 1.197657595556348223e-02
-9.080386493134223747e-04 4.976653681553686037e-04 5.123999999999999666e-01 5.130000000000000115e-01 4.270000000000000000e+03 4.275000000000000000e+03 3.622087883784314705e-02
-3.243833231451651034e-03 -2.378750206055924715e-03 5.160000000000000142e-01 5.173200000000000021e-01 4.300000000000000000e+03 4.311000000000000000e+03 1.923481624893197128e-01
1.590544819361910944e-03 -7.645829376408449368e-04 5.181599999999999540e-01 5.187599999999999989e-01 4.318000000000000000e+03 4.323000000000000000e+03 3.836829052391807493e-02
-8.282827447963075906e-04 -3.898559011464349661e-04 5.216399999999999926e-01 5.222400000000000375e-01 4.347000000000000000e+03 4.352000000000000000e+03 3.776439923994729525e-02
3.737577321840795941e-04 1.563855274312219920e-03 5.251200000000000312e-01 5.257199999999999651e-01 4.376000000000000000e+03 4.381000000000000000e+03 4.070992797681712017e-02
-2.114157760832735544e-04 4.877360914310648748e-04 5.287199999999999678e-01 5.289599999999999858e-01 4.406000000000000000e+03 4.408000000000000000e+03 1.189779150225602281e-02
3.519106502192226316e-04 -6.108118223606701785e-04 5.305199999999999916e-01 5.313600000000000545e-01 4.421000000000000000e+03 4.428000000000000000e+03 6.220236390716019081e-02
1.665751904490281321e-03 2.642427830553892298e-05 5.377199999999999758e-01 5.385600000000000387e-01 4.481000000000000000e+03 4.488000000000000000e+03 7.423227836624897436e-02
8.359684495120173198e-04 7.338204527794368187e-04 5.402400000000000535e-01 5.414400000000000324e-01 4.502000000000000000e+03 4.512000000000000000e+03 1.269711943180178715e-01
8.433627807493127015e-04 -4.594054742325884982e-04 5.455200000000000049e-01 5.460000000000000409e-01 4.546000000000000000e+03 4.550000000000000000e+03 2.562112824916303738e-02
4.576336002637126921e-04 -5.549713035415942269e-04 5.488800000000000345e-01 5.497199999999999864e-01 4.574000000000000000e+03 4.581000000000000000e+03 5.910539750279980575e-02
9.471700911370117826e-04 -8.211237113061459203e-05 5.614799999999999791e-01 5.620800000000000241e-01 4.679000000000000000e+03 4.684000000000000000e+03 2.867767770788730991e-02
-7.915922587642398867e-05 8.518293176074265977e-04 5.637600000000000389e-01 5.641199999999999548e-01 4.698000000000000000e+03 4.701000000000000000e+03 1.781652289222320981e-02
-1.400205279961222460e-03 -1.751268764595657890e-05 5.679600000000000204e-01 5.685599999999999543e-01 4.733000000000000000e+03 4.738000000000000000e+03 3.984364140047893382e-02
1.237920815687493237e-03 -6.854448351222702795e-05 5.696400000000000352e-01 5.702399999999999691e-01 4.747000000000000000e+03 4.752000000000000000e+03 3.451536951921541779e-02
-2.203287411140508745e-04 4.044811275653037441e-04 5.775599999999999623e-01 5.777999999999999803e-01 4.813000000000000000e+03 4.815000000000000000e+03 1.257174519616855411e-02
9.714269337082748201e-05 -2.620962340625469789e-05 5.791199999999999681e-01 5.794799999999999951e-01 4.826000000000000000e+03 4.829000000000000000e+03 1.867738246185088324e-02
9.684648760340253126e-04 -1.851297300072066165e-04 5.805599999999999650e-01 5.810400000000000009e-01 4.838000000000000000e+03 4.842000000000000000e+03 3.224056931693508599e-02
4.345785339082697263e-04 -6.290474439044728416e-04 5.834399999999999586e-01 5.836799999999999766e-01 4.862000000000000000e+03 4.864000000000000000e+03 1.125613809583385534e-02
-3.107321840753560216e-03 7.403082822500118426e-04 5.902800000000000269e-01 5.911199999999999788e-01 4.919000000000000000e+03 4.926000000000000000e+03 7.584353633018954544e-02
-1.347898027470068039e-03 -8.471906266575846001e-04 5.939999999999999725e-01 5.947200000000000264e-01 4.950000000000000000e+03 4.956000000000000000e+03 6.429502773813715322e-02
3.487781263379619023e-04 -4.711078628068868235e-04 5.959200000000000053e-01 5.964000000000000412e-01 4.966000000000000000e+03 4.970000000000000000e+03 2.588734685371969074e-02
9.633024159746983450e-05 -7.519589901246008512e-05 6.016799999999999926e-01 6.019200000000000106e-01 5.014000000000000000e+03 5.016000000000000000e+03 1.175656001794618370e-02
-2.559419489216951948e-03 -2.083495048035843844e-05 6.104399999999999826e-01 6.115199999999999525e-01 5.087000000000000000e+03 5.096000000000000000e+03 1.090845295841143120e-01
5.747705225088717285e-04 -9.001248438329292889e-04 6.124800000000000244e-01 6.133199999999999763e-01 5.104000000000000000e+03 5.111000000000000000e+03 5.196201399879390309e-02
-1.346969586609667036e-03 7.324079636623435224e-04 6.140400000000000302e-01 6.145199999999999552e-01 5.117000000000000000e+03 5.121000000000000000e+03 2.950070953487177530e-02
-8.988780034379223460e-04 6.509500989208723276e-04 6.181200000000000028e-01 6.187200000000000477e-01 5.151000000000000000e+03 5.156000000000000000e+03 4.024856583684896516e-02
3.246895895993723302e-04 3.062764578965967988e-05 6.195599999999999996e-01 6.199200000000000266e-01 5.163000000000000000e+03 5.166000000000000000e+03 1.786479466673120478e-02
2.071952878520411101e-03 -1.432933852996823298e-03 6.230400000000000382e-01 6.241200000000000081e-01 5.192000000000000000e+03 5.201000000000000000e+03 9.400610827982278095e-02
-3.827744806072369554e-04 -8.307661511330367843e-05 6.249599999999999600e-01 6.253199999999999870e-01 5.208000000000000000e+03 5.211000000000000000e+03 1.834686390193854960e-02
5.756404756635524755e-04 3.876685634486634613e-04 6.263999999999999568e-01 6.268799999999999928e-01 5.220000000000000000e+03 5.224000000000000000e+03 3.069403535307338796e-02
7.770766697341585649e-04 2.271151474681314120e-04 6.283199999999999896e-01 6.289200000000000346e-01 5.236000000000000000e+03 5.241000000000000000e+03 3.409597428464120755e-02
-2.967972401854979125e-04 -2.409198606277175581e-04 6.296399999999999775e-01 6.306000000000000494e-01 5.247000000000000000e+03 5.255000000000000000e+03 6.488105639150401616e-02
-6.035760227146719226e-04 3.125548139306447148e-04 6.325199999999999712e-01 6.330000000000000071e-01 5.271000000000000000e+03 5.275000000000000000e+03 2.664095288515377913e-02
-1.708773828057161270e-03 1.592758172963630939e-03 6.343199999999999950e-01 6.352799999999999558e-01 5.286000000000000000e+03 5.294000000000000000e+03 9.330582845763908673e-02
-1.119015612555548933e-03 9.702548664955578522e-04 6.364800000000000457e-01 6.374400000000000066e-01 5.304000000000000000e+03 5.312000000000000000e+03 1.195747909568525280e-01
-2.531987100948471237e-03 -1.472666080551561160e-03 6.383999999999999675e-01 6.394800000000000484e-01 5.320000000000000000e+03 5.329000000000000000e+03 1.075624318849762867e-01
3.001436100834600773e-03 9.114508301139977869e-04 6.400799999999999823e-01 6.408000000000000362e-01 5.334000000000000000e+03 5.340000000000000000e+03 3.968612134443980782e-02
-4.894469462275036209e-04 4.159133500917407134e-04 6.443999999999999728e-01 6.448800000000000088e-01 5.370000000000000000e+03 5.374000000000000000e+03 2.298711246559117377e-02
-5.634791053363258362e-03 3.414741578512590914e-03 6.455999999999999517e-01 6.470399999999999485e-01 5.380000000000000000e+03 5.392000000000000000e+03 1.400794141826694483e-01
-2.531272816608046150e-03 2.236212846029013782e-03 6.482400000000000384e-01 6.501599999999999602e-01 5.402000000000000000e+03 5.418000000000000000e+03 2.237617781364239500e-01
-2.206233669835286348e-03 -1.055973622812273957e-03 6.513600000000000501e-01 6.532799999999999718e-01 5.428000000000000000e+03 5.444000000000000000e+03 1.978692150617088474e-01
4.078765205329515364e-04 -2.057354270327740181e-04 6.537600000000000078e-01 6.545999999999999597e-01 5.448000000000000000e+03 5.455000000000000000e+03 6.997149720720845234e-02
-4.642467000620528750e-03 -1.956020560809484943e-04 6.558000000000000496e-01 6.577199999999999713e-01 5.465000000000000000e+03 5.481000000000000000e+03 2.032479123454379588e-01
-9.664931002869997512e-04 4.524819596452792775e-04 6.639599999999999946e-01 6.649199999999999555e-01 5.533000000000000000e+03 5.541000000000000000e+03 9.666094100773280073e-02
-1.262638586368755589e-03 1.437564578659056985e-03 6.672000000000000153e-01 6.681599999999999762e-01 5.560000000000000000e+03 5.568000000000000000e+03 7.481987427273392721e-02
1.756430863020852495e-03 -8.993824008289054428e-05 6.706800000000000539e-01 6.712799999999999878e-01 5.589000000000000000e+03 5.594000000000000000e+03 3.932609665909735791e-02
-1.015109441985503902e-03 2.298147636316354159e-04 6.722399999999999487e-01 6.728399999999999936e-01 5.602000000000000000e+03 5.607000000000000000e+03 4.356200293265739820e-02
2.769249984114929841e-03 -2.128799035982720939e-03 6.737999999999999545e-01 6.746400000000000174e-01 5.615000000000000000e+03 5.622000000000000000e+03 8.380003995946784523e-02
5.473448483332837844e-04 -4.696304878542417738e-05 6.787199999999999900e-01 6.795600000000000529e-01 5.656000000000000000e+03 5.663000000000000000e+03 5.948098309473507511e-02
-6.703246191583911440e-04 -4.820074701544045659e-04 6.804000000000000048e-01 6.813599999999999657e-01 5.670000000000000000e+03 5.678000000000000000e+03 1.316269367881041097e-01
1.503720723985746410e-03 -8.000101737991351103e-04 6.865200000000000191e-01 6.880800000000000249e-01 5.721000000000000000e+03 5.734000000000000000e+03 1.217427122203201678e-01
-1.465422902317797815e-03 -1.340060208077311146e-03 6.939600000000000213e-01 6.949199999999999822e-01 5.783000000000000000e+03 5.791000000000000000e+03 1.307995936084063726e-01
1.025205760774916541e-03 -2.864510094172656451e-04 6.957600000000000451e-01 6.965999999999999970e-01 5.798000000000000000e+03 5.805000000000000000e+03 8.921984740509600331e-02
5.052802180903759321e-04 8.596886736276111024e-04 6.973200000000000509e-01 6.979199999999999848e-01 5.811000000000000000e+03 5.816000000000000000e+03 3.621925193808517990e-02
1.031793544691628206e-03 1.141329782108025867e-03 7.026000000000000023e-01 7.033199999999999452e-01 5.855000000000000000e+03 5.861000000000000000e+03 5.464120335318816551e-02
0.000000000000000000e+00 0.000000000000000000e+00 7.040399999999999991e-01 7.041600000000000081e-01 5.867000000000000000e+03 5.868000000000000000e+03 5.334366708469860142e-03
2.004003123905112593e-03 -2.992267376585998340e-03 7.053599999999999870e-01 7.060800000000000409e-01 5.878000000000000000e+03 5.884000000000000000e+03 5.643044010192739546e-02
-2.508199438105568335e-04 -2.219509132965324233e-04 7.071600000000000108e-01 7.075200000000000378e-01 5.893000000000000000e+03 5.896000000000000000e+03 1.842170734823659478e-02
-2.044249092290131853e-03 1.603996989708884185e-04 7.113599999999999923e-01 7.120800000000000463e-01 5.928000000000000000e+03 5.934000000000000000e+03 5.121450063286834414e-02
-6.794594926182589978e-04 -9.571429971197038811e-04 7.161600000000000188e-01 7.176000000000000156e-01 5.968000000000000000e+03 5.980000000000000000e+03 1.528290244631027861e-01
2.159148042143205215e-03 8.888742370750327831e-04 7.190400000000000125e-01 7.198799999999999644e-01 5.992000000000000000e+03 5.999000000000000000e+03 7.671016854227914739e-02
-1.004933996012757902e-03 3.345483988315273161e-04 7.219200000000000061e-01 7.228799999999999670e-01 6.016000000000000000e+03 6.024000000000000000e+03 7.247031565497594197e-02
-1.126292027035236121e-03 -9.739191627178272331e-04 7.244399999999999729e-01 7.251600000000000268e-01 6.037000000000000000e+03 6.043000000000000000e+03 3.846452326635201036e-02
-3.231658166349543615e-04 1.592110030040217589e-04 7.275599999999999845e-01 7.278000000000000025e-01 6.063000000000000000e+03 6.065000000000000000e+03 1.138721660414636003e-02
-7.482163348519199619e-04 -1.318140052488299060e-03 7.336799999999999988e-01 7.345199999999999507e-01 6.114000000000000000e+03 6.121000000000000000e+03 4.207681322733827084e-02
-5.882252164752105328e-04 -6.060686363213059480e-04 7.423199999999999799e-01 7.428000000000000158e-01 6.186000000000000000e+03 6.190000000000000000e+03 2.625283811167457640e-02
-4.057453300957664100e-03 -1.482556237589749415e-03 7.439999999999999947e-01 7.453199999999999825e-01 6.200000000000000000e+03 6.211000000000000000e+03 1.929277341157415171e-01
-9.074522922811190107e-05 -1.535444554637711151e-04 7.467599999999999794e-01 7.478399999999999492e-01 6.223000000000000000e+03 6.232000000000000000e+03 1.083663131265420604e-01
1.167877254390659036e-03 3.204375927705616078e-04 7.484399999999999942e-01 7.488000000000000211e-01 6.237000000000000000e+03 6.240000000000000000e+03 1.842220827448960013e-02
-6.677381976351037807e-04 7.966344226102723552e-04 7.516800000000000148e-01 7.523999999999999577e-01 6.264000000000000000e+03 6.270000000000000000e+03 5.234902556697298981e-02
-5.746511631687323263e-03 4.329151724768824649e-05 7.546800000000000175e-01 7.561200000000000143e-01 6.289000000000000000e+03 6.301000000000000000e+03 1.626929420515446922e-01
-6.888953428345057084e-04 -8.858951046517363204e-05 7.573199999999999932e-01 7.576800000000000201e-01 6.311000000000000000e+03 6.314000000000000000e+03 1.816413375563371776e-02
1.390265093167253330e-03 5.546349875179632655e-04 7.592400000000000260e-01 7.600799999999999779e-01 6.327000000000000000e+03 6.334000000000000000e+03 6.093741733719654913e-02
-1.282276775972090999e-04 -4.835918861540583480e-05 7.640400000000000524e-01 7.642799999999999594e-01 6.367000000000000000e+03 6.369000000000000000e+03 1.177024992643231627e-02
3.860543545190220360e-04 -5.577769908492909157e-04 7.675199999999999800e-01 7.683600000000000430e-01 6.396000000000000000e+03 6.403000000000000000e+03 7.426173375421731004e-02
2.611045081205853879e-04 1.514436159628087739e-03 7.712400000000000366e-01 7.717199999999999616e-01 6.427000000000000000e+03 6.431000000000000000e+03 2.476429330210191612e-02
3.395098596857548667e-04 -2.007170542004492464e-04 7.738800000000000123e-01 7.742400000000000393e-01 6.449000000000000000e+03 6.452000000000000000e+03 1.955169078597989232e-02
-7.168836362778374660e-04 -3.137700910467444704e-05 7.768800000000000150e-01 7.772400000000000420e-01 6.474000000000000000e+03 6.477000000000000000e+03 1.863003759944659860e-02
0.000000000000000000e+00 0.000000000000000000e+00 7.788000000000000478e-01 7.789199999999999458e-01 6.490000000000000000e+03 6.491000000000000000e+03 5.578881631201570122e-03
1.989629262079406491e-04 5.090631451069530661e-04 7.805999999999999606e-01 7.808399999999999785e-01 6.505000000000000000e+03 6.507000000000000000e+03 1.121703573271701573e-02
-1.981606921816841949e-03 -7.574276025225628456e-04 7.815600000000000325e-01 7.826400000000000023e-01 6.513000000000000000e+03 6.522000000000000000e+03 9.503913946274590574e-02
7.582096681124639304e-05 -6.665656788995121679e-04 7.857600000000000140e-01 7.862400000000000500e-01 6.548000000000000000e+03 6.552000000000000000e+03 2.391509505143917663e-02
2.618937988470848577e-04 -1.383268985450242239e-04 7.898399999999999865e-01 7.905600000000000405e-01 6.582000000000000000e+03 6.588000000000000000e+03 5.390125877878713251e-02
-9.176018400583463297e-04 7.318636462757648065e-04 7.924799999999999622e-01 7.934400000000000341e-01 6.604000000000000000e+03 6.612000000000000000e+03 8.648074718111521675e-02
2.613495045541092132e-03 1.058327062707625082e-04 7.941599999999999770e-01 7.953599999999999559e-01 6.618000000000000000e+03 6.628000000000000000e+03 1.137566676613830513e-01
-8.421999591884388181e-05 -6.938190579997109697e-04 7.965600000000000458e-01 7.975200000000000067e-01 6.638000000000000000e+03 6.646000000000000000e+03 5.573437204551925928e-02
-3.320526174527826946e-04 -5.903765612643007560e-04 7.977600000000000247e-01 7.990800000000000125e-01 6.648000000000000000e+03 6.659000000000000000e+03 1.278267699104879418e-01
