8.313368751596127149e-03 9.327967000000002978e-03
1.074486388931929041e-02 1.445780786791344731e-02
1.379520482589996835e-02 7.360872863099389776e-03
1.514199999999909715e-02 5.865568999999998430e-03
1.959743689662393762e-02 5.399681303620245190e-03
2.499999999999857545e-02 4.490487000000000471e-03
2.895581461468298493e-02 5.290220000000002594e-03
3.594735038914625980e-02 4.874426999999998018e-03
4.514292301966358473e-02 4.533327396579253134e-03
5.959889134758600965e-02 4.402167995151819689e-03
6.833913373756116127e-02 4.458917076445132952e-03
8.498647768321869467e-02 4.132262000000000261e-03
1.122132587709666479e-01 3.999898000000001730e-03
1.345299999999998442e-01 3.927154999999999015e-03
1.639259668264889946e-01 3.825015496332529949e-03
2.008924460998976480e-01 3.700979999999999982e-03
2.485866378146660283e-01 3.601453000000001854e-03
3.036574433469398926e-01 3.527544999999999119e-03
3.793920923385198929e-01 3.363090999999998176e-03
4.640554916171165667e-01 3.186721999999999038e-03
5.674798366547771922e-01 3.223616999657371966e-03
7.064065495874209955e-01 3.072852488873163788e-03
8.694681722373371890e-01 3.077133993303998206e-03
1.070029466949747210e+00 3.025825499269248989e-03
1.320787092920014283e+00 3.048747497997497929e-03
1.629862689185809232e+00 2.991865999999999276e-03
2.003505962069497492e+00 3.020655498761485799e-03
2.471424648964437143e+00 2.988792000000001399e-03
3.033689362871550887e+00 3.009982999999999929e-03
3.712802778477599652e+00 2.980402997970071216e-03
4.575166950874823613e+00 3.037205975088783007e-03
5.508465464625663444e+00 3.216199938492473719e-03
