# itime ezz other fcc hcp bcc cubicDiamond hexDiamond
0.000000000000000000e+00 0.000000000000000000e+00 1.820664542558033706e-03 9.981793354574419741e-01 0.000000000000000000e+00 0.000000000000000000e+00 0.000000000000000000e+00 0.000000000000000000e+00
3.000000000000000000e+01 1.200001925814309089e-02 3.413746017296313308e-03 9.965862539827037292e-01 0.000000000000000000e+00 0.000000000000000000e+00 0.000000000000000000e+00 0.000000000000000000e+00
6.000000000000000000e+01 2.400003851628618179e-02 4.324078288575329727e-03 9.956759217114247162e-01 0.000000000000000000e+00 0.000000000000000000e+00 0.000000000000000000e+00 0.000000000000000000e+00
9.000000000000000000e+01 3.600005777442927268e-02 9.217114246700046018e-03 9.907828857532999800e-01 0.000000000000000000e+00 0.000000000000000000e+00 0.000000000000000000e+00 0.000000000000000000e+00
1.200000000000000000e+02 4.800007703257236358e-02 1.752389622212107562e-02 9.824761037778789730e-01 0.000000000000000000e+00 0.000000000000000000e+00 0.000000000000000000e+00 0.000000000000000000e+00
1.500000000000000000e+02 6.000009629071545447e-02 2.947200728265816916e-02 9.705279927173418031e-01 0.000000000000000000e+00 0.000000000000000000e+00 0.000000000000000000e+00 0.000000000000000000e+00
1.800000000000000000e+02 7.200011554885854537e-02 4.710969503868912139e-02 9.528903049613108855e-01 0.000000000000000000e+00 0.000000000000000000e+00 0.000000000000000000e+00 0.000000000000000000e+00
2.100000000000000000e+02 8.400013480700185831e-02 1.032089212562585373e-01 8.967910787437414211e-01 0.000000000000000000e+00 0.000000000000000000e+00 0.000000000000000000e+00 0.000000000000000000e+00
2.400000000000000000e+02 9.600015406514494920e-02 1.874146563495675821e-01 8.125853436504324456e-01 0.000000000000000000e+00 0.000000000000000000e+00 0.000000000000000000e+00 0.000000000000000000e+00
2.700000000000000000e+02 1.080001733232880401e-01 2.951752389622211981e-01 7.048247610377788019e-01 0.000000000000000000e+00 0.000000000000000000e+00 0.000000000000000000e+00 0.000000000000000000e+00
3.000000000000000000e+02 1.200001925814311310e-01 4.565316340464269373e-01 5.433545744196631722e-01 1.137915339098771066e-04 0.000000000000000000e+00 0.000000000000000000e+00 0.000000000000000000e+00
3.300000000000000000e+02 1.320002118395742219e-01 6.454255803368229572e-01 3.542330450614474269e-01 3.413746017296313199e-04 0.000000000000000000e+00 0.000000000000000000e+00 0.000000000000000000e+00
3.600000000000000000e+02 1.440002310977173128e-01 7.801547564861174289e-01 2.180245789713245452e-01 1.820664542558033706e-03 0.000000000000000000e+00 0.000000000000000000e+00 0.000000000000000000e+00
3.900000000000000000e+02 1.560002503558604037e-01 8.849567592171142527e-01 1.107191624943104219e-01 4.324078288575329727e-03 0.000000000000000000e+00 0.000000000000000000e+00 0.000000000000000000e+00
4.200000000000000000e+02 1.680002696140034946e-01 9.327492034592625991e-01 5.632680928538916915e-02 1.092398725534820224e-02 0.000000000000000000e+00 0.000000000000000000e+00 0.000000000000000000e+00
4.500000000000000000e+02 1.800002888721465855e-01 9.417387346381429492e-01 3.971324533454710648e-02 1.854802002730996865e-02 0.000000000000000000e+00 0.000000000000000000e+00 0.000000000000000000e+00
4.800000000000000000e+02 1.920003081302896764e-01 9.476558944014564778e-01 2.969959035047792587e-02 2.264451524806554428e-02 0.000000000000000000e+00 0.000000000000000000e+00 0.000000000000000000e+00
5.100000000000000000e+02 2.040003273884327673e-01 9.533454710969503365e-01 2.184797451069640448e-02 2.480655439235321044e-02 0.000000000000000000e+00 0.000000000000000000e+00 0.000000000000000000e+00
5.400000000000000000e+02 2.160003466465758581e-01 9.552799271734182529e-01 1.911697769685935522e-02 2.560309512972235024e-02 0.000000000000000000e+00 0.000000000000000000e+00 0.000000000000000000e+00
5.700000000000000000e+02 2.280003659047189490e-01 9.538006372325898985e-01 1.638598088302230249e-02 2.981338188438780248e-02 0.000000000000000000e+00 0.000000000000000000e+00 0.000000000000000000e+00
6.000000000000000000e+02 2.400003851628620399e-01 9.531178880291306665e-01 1.718252162039144229e-02 2.969959035047792587e-02 0.000000000000000000e+00 0.000000000000000000e+00 0.000000000000000000e+00
6.300000000000000000e+02 2.520004044210053529e-01 9.608557123350022211e-01 1.445152480655439303e-02 2.469276285844333035e-02 0.000000000000000000e+00 0.000000000000000000e+00 0.000000000000000000e+00
6.600000000000000000e+02 2.640004236791484438e-01 9.638142922166590409e-01 1.285844333181611343e-02 2.332726445152480746e-02 0.000000000000000000e+00 0.000000000000000000e+00 0.000000000000000000e+00
6.900000000000000000e+02 2.760004429372915347e-01 9.643832498862084934e-01 1.126536185707783383e-02 2.435138825671370050e-02 0.000000000000000000e+00 0.000000000000000000e+00 0.000000000000000000e+00
7.200000000000000000e+02 2.880004621954346256e-01 9.691624943104233392e-01 9.899863450159307465e-03 2.093764223941738806e-02 0.000000000000000000e+00 0.000000000000000000e+00 0.000000000000000000e+00
7.500000000000000000e+02 3.000004814535777165e-01 9.706417842512516936e-01 9.103322712790167665e-03 2.025489303595812488e-02 0.000000000000000000e+00 0.000000000000000000e+00 0.000000000000000000e+00
7.800000000000000000e+02 3.120005007117208073e-01 9.747382794720073074e-01 7.851615839781519654e-03 1.741010468821119553e-02 0.000000000000000000e+00 0.000000000000000000e+00 0.000000000000000000e+00
8.100000000000000000e+02 3.240005199698638982e-01 9.791761492944924816e-01 6.030951297223486815e-03 1.479289940828402289e-02 0.000000000000000000e+00 0.000000000000000000e+00 0.000000000000000000e+00
8.400000000000000000e+02 3.360005392280069891e-01 9.816795630405097395e-01 5.234410559854347014e-03 1.308602639963586667e-02 0.000000000000000000e+00 0.000000000000000000e+00 0.000000000000000000e+00
8.700000000000000000e+02 3.480005584861500800e-01 9.799726900318616041e-01 8.192990441511151245e-03 1.183431952662721866e-02 0.000000000000000000e+00 0.000000000000000000e+00 0.000000000000000000e+00
9.000000000000000000e+02 3.600005777442931709e-01 9.819071461083295205e-01 6.486117432862995025e-03 1.160673645880746542e-02 0.000000000000000000e+00 0.000000000000000000e+00 0.000000000000000000e+00
9.300000000000000000e+02 3.720005970024362618e-01 9.842967683204369989e-01 5.689576695493855224e-03 1.001365498406918582e-02 0.000000000000000000e+00 0.000000000000000000e+00 0.000000000000000000e+00
9.600000000000000000e+02 3.840006162605795748e-01 9.879380974055530507e-01 4.893035958124715423e-03 7.168866636322257339e-03 0.000000000000000000e+00 0.000000000000000000e+00 0.000000000000000000e+00
9.900000000000000000e+02 3.960006355187224436e-01 9.860036413290851343e-01 4.551661356395083832e-03 9.444697314519799256e-03 0.000000000000000000e+00 0.000000000000000000e+00 0.000000000000000000e+00
1.020000000000000000e+03 4.080006547768655345e-01 9.865725989986344757e-01 4.096495220755575623e-03 9.330905780609922637e-03 0.000000000000000000e+00 0.000000000000000000e+00 0.000000000000000000e+00
1.050000000000000000e+03 4.200006740350088474e-01 9.881656804733728316e-01 4.437869822485207214e-03 7.396449704142011444e-03 0.000000000000000000e+00 0.000000000000000000e+00 0.000000000000000000e+00
1.080000000000000000e+03 4.320006932931519383e-01 9.889622212107419541e-01 3.868912152935821518e-03 7.168866636322257339e-03 0.000000000000000000e+00 0.000000000000000000e+00 0.000000000000000000e+00
1.110000000000000000e+03 4.440007125512950292e-01 9.913518434228493215e-01 3.755120619025944465e-03 4.893035958124715423e-03 0.000000000000000000e+00 0.000000000000000000e+00 0.000000000000000000e+00
1.140000000000000000e+03 4.560007318094378981e-01 9.908966772872098705e-01 3.868912152935821518e-03 5.234410559854347014e-03 0.000000000000000000e+00 0.000000000000000000e+00 0.000000000000000000e+00
1.170000000000000000e+03 4.680007510675812110e-01 9.920345926263085534e-01 3.868912152935821518e-03 4.096495220755575623e-03 0.000000000000000000e+00 0.000000000000000000e+00 0.000000000000000000e+00
1.200000000000000000e+03 4.800007703257245240e-01 9.915794264906691025e-01 3.982703686845699004e-03 4.437869822485207214e-03 0.000000000000000000e+00 0.000000000000000000e+00 0.000000000000000000e+00
1.230000000000000000e+03 4.920007895838673928e-01 9.932862994993172379e-01 3.299954483386436255e-03 3.413746017296313308e-03 0.000000000000000000e+00 0.000000000000000000e+00 0.000000000000000000e+00
1.260000000000000000e+03 5.040008088420102617e-01 9.951069640418752638e-01 1.934456076467910759e-03 2.958579881656804664e-03 0.000000000000000000e+00 0.000000000000000000e+00 0.000000000000000000e+00
1.290000000000000000e+03 5.160008281001535746e-01 9.949931725079653733e-01 1.706873008648156654e-03 3.299954483386436255e-03 0.000000000000000000e+00 0.000000000000000000e+00 0.000000000000000000e+00
1.320000000000000000e+03 5.280008473582966655e-01 9.968138370505233992e-01 1.137915339098770958e-03 2.048247610377787811e-03 0.000000000000000000e+00 0.000000000000000000e+00 0.000000000000000000e+00
1.350000000000000000e+03 5.400008666164397564e-01 9.946517979062358128e-01 1.820664542558033706e-03 3.527537551206190360e-03 0.000000000000000000e+00 0.000000000000000000e+00 0.000000000000000000e+00
1.380000000000000000e+03 5.520008858745828473e-01 9.960172963131542767e-01 1.365498406918525280e-03 2.617205279927173507e-03 0.000000000000000000e+00 0.000000000000000000e+00 0.000000000000000000e+00
1.410000000000000000e+03 5.640009051327259382e-01 9.967000455166135087e-01 9.103322712790168532e-04 2.389622212107419402e-03 0.000000000000000000e+00 0.000000000000000000e+00 0.000000000000000000e+00
1.440000000000000000e+03 5.760009243908690291e-01 9.965862539827037292e-01 1.137915339098770958e-03 2.275830678197541916e-03 0.000000000000000000e+00 0.000000000000000000e+00 0.000000000000000000e+00
1.470000000000000000e+03 5.880009436490123420e-01 9.969276285844332897e-01 7.965407373691396923e-04 2.275830678197541916e-03 0.000000000000000000e+00 0.000000000000000000e+00 0.000000000000000000e+00
1.500000000000000000e+03 6.000009629071552109e-01 9.972690031861629611e-01 4.551661356395084266e-04 2.275830678197541916e-03 0.000000000000000000e+00 0.000000000000000000e+00 0.000000000000000000e+00
1.530000000000000000e+03 6.120009821652985238e-01 9.979517523896221931e-01 5.689576695493854790e-04 1.479289940828402332e-03 0.000000000000000000e+00 0.000000000000000000e+00 0.000000000000000000e+00
1.560000000000000000e+03 6.240010014234413926e-01 9.981793354574419741e-01 3.413746017296313199e-04 1.479289940828402332e-03 0.000000000000000000e+00 0.000000000000000000e+00 0.000000000000000000e+00
1.590000000000000000e+03 6.360010206815847056e-01 9.982931269913518646e-01 4.551661356395084266e-04 1.251706873008648227e-03 0.000000000000000000e+00 0.000000000000000000e+00 0.000000000000000000e+00
1.620000000000000000e+03 6.480010399397275744e-01 9.989758761948110966e-01 4.551661356395084266e-04 5.689576695493854790e-04 0.000000000000000000e+00 0.000000000000000000e+00 0.000000000000000000e+00
1.650000000000000000e+03 6.600010591978708874e-01 9.986345015930814251e-01 2.275830678197542133e-04 1.137915339098770958e-03 0.000000000000000000e+00 0.000000000000000000e+00 0.000000000000000000e+00
1.680000000000000000e+03 6.720010784560137562e-01 9.987482931269913156e-01 2.275830678197542133e-04 1.024123805188893906e-03 0.000000000000000000e+00 0.000000000000000000e+00 0.000000000000000000e+00
1.710000000000000000e+03 6.840010977141570692e-01 9.982931269913518646e-01 5.689576695493854790e-04 1.137915339098770958e-03 0.000000000000000000e+00 0.000000000000000000e+00 0.000000000000000000e+00
1.740000000000000000e+03 6.960011169723001601e-01 9.990896677287209870e-01 1.137915339098771066e-04 7.965407373691396923e-04 0.000000000000000000e+00 0.000000000000000000e+00 0.000000000000000000e+00
1.770000000000000000e+03 7.080011362304432510e-01 9.985207100591716456e-01 0.000000000000000000e+00 1.479289940828402332e-03 0.000000000000000000e+00 0.000000000000000000e+00 0.000000000000000000e+00
1.800000000000000000e+03 7.200011554885865639e-01 9.988620846609012061e-01 3.413746017296313199e-04 7.965407373691396923e-04 0.000000000000000000e+00 0.000000000000000000e+00 0.000000000000000000e+00
1.830000000000000000e+03 7.320011747467294327e-01 9.988620846609012061e-01 2.275830678197542133e-04 9.103322712790168532e-04 0.000000000000000000e+00 0.000000000000000000e+00 0.000000000000000000e+00
1.860000000000000000e+03 7.440011940048725236e-01 9.987482931269913156e-01 3.413746017296313199e-04 9.103322712790168532e-04 0.000000000000000000e+00 0.000000000000000000e+00 0.000000000000000000e+00
1.890000000000000000e+03 7.560012132630158366e-01 9.993172507965407680e-01 1.137915339098771066e-04 5.689576695493854790e-04 0.000000000000000000e+00 0.000000000000000000e+00 0.000000000000000000e+00
1.920000000000000000e+03 7.680012325211589275e-01 9.988620846609012061e-01 3.413746017296313199e-04 7.965407373691396923e-04 0.000000000000000000e+00 0.000000000000000000e+00 0.000000000000000000e+00
1.950000000000000000e+03 7.800012517793020184e-01 9.989758761948110966e-01 3.413746017296313199e-04 6.827492034592626399e-04 0.000000000000000000e+00 0.000000000000000000e+00 0.000000000000000000e+00
1.980000000000000000e+03 7.920012710374448872e-01 9.993172507965407680e-01 1.137915339098771066e-04 5.689576695493854790e-04 0.000000000000000000e+00 0.000000000000000000e+00 0.000000000000000000e+00
2.010000000000000000e+03 8.040012902955882002e-01 9.989758761948110966e-01 2.275830678197542133e-04 7.965407373691396923e-04 0.000000000000000000e+00 0.000000000000000000e+00 0.000000000000000000e+00
2.040000000000000000e+03 8.160013095537315131e-01 9.994310423304506585e-01 0.000000000000000000e+00 5.689576695493854790e-04 0.000000000000000000e+00 0.000000000000000000e+00 0.000000000000000000e+00
2.070000000000000000e+03 8.280013288118743819e-01 9.993172507965407680e-01 1.137915339098771066e-04 5.689576695493854790e-04 0.000000000000000000e+00 0.000000000000000000e+00 0.000000000000000000e+00
2.100000000000000000e+03 8.400013480700172508e-01 9.993172507965407680e-01 2.275830678197542133e-04 4.551661356395084266e-04 0.000000000000000000e+00 0.000000000000000000e+00 0.000000000000000000e+00
2.130000000000000000e+03 8.520013673281605637e-01 9.993172507965407680e-01 1.137915339098771066e-04 5.689576695493854790e-04 0.000000000000000000e+00 0.000000000000000000e+00 0.000000000000000000e+00
2.160000000000000000e+03 8.640013865863038767e-01 9.992034592626308775e-01 1.137915339098771066e-04 6.827492034592626399e-04 0.000000000000000000e+00 0.000000000000000000e+00 0.000000000000000000e+00
2.190000000000000000e+03 8.760014058444467455e-01 9.994310423304506585e-01 1.137915339098771066e-04 4.551661356395084266e-04 0.000000000000000000e+00 0.000000000000000000e+00 0.000000000000000000e+00
2.220000000000000000e+03 8.880014251025898364e-01 9.988620846609012061e-01 2.275830678197542133e-04 9.103322712790168532e-04 0.000000000000000000e+00 0.000000000000000000e+00 0.000000000000000000e+00
2.250000000000000000e+03 9.000014443607329273e-01 9.985207100591716456e-01 4.551661356395084266e-04 1.024123805188893906e-03 0.000000000000000000e+00 0.000000000000000000e+00 0.000000000000000000e+00
2.280000000000000000e+03 9.120014636188762402e-01 9.986345015930814251e-01 2.275830678197542133e-04 1.137915339098770958e-03 0.000000000000000000e+00 0.000000000000000000e+00 0.000000000000000000e+00
2.310000000000000000e+03 9.240014828770193311e-01 9.993172507965407680e-01 2.275830678197542133e-04 4.551661356395084266e-04 0.000000000000000000e+00 0.000000000000000000e+00 0.000000000000000000e+00
2.340000000000000000e+03 9.360015021351622000e-01 9.995448338643604380e-01 1.137915339098771066e-04 3.413746017296313199e-04 0.000000000000000000e+00 0.000000000000000000e+00 0.000000000000000000e+00
2.370000000000000000e+03 9.480015213933055129e-01 9.994310423304506585e-01 0.000000000000000000e+00 5.689576695493854790e-04 0.000000000000000000e+00 0.000000000000000000e+00 0.000000000000000000e+00
2.400000000000000000e+03 9.600015406514488259e-01 9.996586253982703285e-01 2.275830678197542133e-04 1.137915339098771066e-04 0.000000000000000000e+00 0.000000000000000000e+00 0.000000000000000000e+00
2.430000000000000000e+03 9.720015599095916947e-01 9.990896677287209870e-01 0.000000000000000000e+00 9.103322712790168532e-04 0.000000000000000000e+00 0.000000000000000000e+00 0.000000000000000000e+00
2.460000000000000000e+03 9.840015791677345636e-01 9.993172507965407680e-01 2.275830678197542133e-04 4.551661356395084266e-04 0.000000000000000000e+00 0.000000000000000000e+00 0.000000000000000000e+00
2.490000000000000000e+03 9.960015984258778765e-01 9.995448338643604380e-01 0.000000000000000000e+00 4.551661356395084266e-04 0.000000000000000000e+00 0.000000000000000000e+00 0.000000000000000000e+00
