# size duration
4.800000000000081979e-04 3.818728048220768057e-02
1.560000000000005826e-03 1.736188446591216406e-01
8.400000000000074074e-04 6.582482358306832038e-02
6.000000000000171863e-04 3.959718841449764992e-02
5.999999999999977573e-03 9.433729514560950102e-01
4.799999999999804423e-04 3.365702016205857766e-02
1.200000000000089884e-04 7.152144831220019934e-03
3.599999999999992095e-04 2.598704423905247307e-02
9.599999999999886402e-04 8.101402695093606887e-02
8.400000000000074074e-04 9.984822668272087809e-02
8.399999999999518963e-04 7.315317887487571280e-02
1.080000000000025384e-03 1.331618370388205630e-01
7.199999999999984190e-04 9.182364071635552849e-02
8.400000000000074074e-04 6.861622909970406525e-02
1.680000000000014815e-03 2.006018256105742970e-01
7.199999999999984190e-04 5.308178323899428314e-02
6.720000000000003748e-03 8.875971000001514621e-01
5.999999999999894307e-04 4.926037513787372840e-02
2.400000000000179767e-04 1.448697317934223398e-02
1.919999999999977280e-03 2.393331809020601275e-01
1.199999999999978861e-03 1.258243638049327540e-01
1.560000000000005826e-03 2.935378553133369817e-01
4.799999999999804423e-04 3.921152425630646671e-02
3.600000000000269651e-04 2.487531540028427995e-02
2.639999999999975699e-03 4.548166597572259051e-01
4.799999999999804423e-04 3.532495979174749001e-02
5.999999999999894307e-04 5.549698560886005827e-02
1.200000000000089884e-04 7.810014497120576146e-03
8.400000000000074074e-04 1.204649837442800520e-01
1.319999999999987850e-03 1.771457861473371698e-01
1.080000000000025384e-03 1.165530220211388190e-01
1.080000000000025384e-03 1.396603967862619089e-01
1.200000000000089884e-04 7.300654909319965850e-03
7.199999999999984190e-04 8.846690847608007502e-02
7.199999999999984190e-04 7.378912457935067615e-02
5.999999999999894307e-04 4.189262896474289094e-02
8.400000000000074074e-04 7.930931000005535247e-02
9.600000000000163958e-04 1.004185950700836050e-01
2.159999999999995257e-03 2.445704996466851466e-01
1.319999999999987850e-03 1.661551928173639059e-01
9.600000000000163958e-04 8.453241722169027583e-02
9.600000000000163958e-04 1.136063785258322190e-01
1.560000000000005826e-03 1.247048738206718854e-01
1.919999999999977280e-03 1.861474729925956806e-01
4.560000000000008491e-03 6.054186432834343101e-01
1.200000000000034373e-03 1.457983152848268682e-01
1.200000000000089884e-04 7.338116455893290563e-03
1.079999999999969873e-03 1.245072934620736066e-01
1.919999999999977280e-03 2.596180282980979914e-01
8.400000000000074074e-04 7.043402256446457121e-02
2.400000000000013234e-03 2.788182852421546287e-01
9.600000000000163958e-04 1.100649224299822398e-01
9.599999999999608846e-04 9.328026022089862257e-02
7.199999999999984190e-04 7.678891230774206877e-02
2.280000000000004245e-03 2.354878051136720662e-01
1.200000000000089884e-04 7.278759454293139662e-03
7.199999999999984190e-04 5.824650652041933607e-02
1.200000000000089884e-04 7.384080660068837593e-03
1.199999999999978861e-03 1.013785605608739371e-01
1.560000000000005826e-03 1.433107995497365228e-01
1.079999999999969873e-03 1.009181069714714107e-01
8.400000000000074074e-04 7.925981721920329071e-02
2.399999999999069544e-04 1.442680707301251253e-02
8.400000000000629186e-04 6.167093085483062176e-02
7.200000000000539302e-04 5.379633762252192253e-02
1.079999999999969873e-03 8.990500867671191720e-02
1.199999999999978861e-03 1.502012739241128381e-01
2.400000000000179767e-04 1.489995485051835711e-02
5.519999999999969376e-03 6.303056078919219152e-01
1.199999999999978861e-03 2.323232510889323699e-01
9.599999999999608846e-04 1.216369210589978295e-01
1.800000000000023803e-03 2.973453256417645241e-01
6.000000000000449418e-04 4.173365795962970942e-02
8.400000000000629186e-04 8.279806755903505733e-02
2.400000000000179767e-04 1.752171247165301010e-02
1.919999999999921769e-03 1.814201156875742127e-01
1.199999999999978861e-03 1.117573558055022370e-01
8.400000000000629186e-04 1.040185667981852746e-01
6.000000000000449418e-04 4.813119459989011889e-02
1.079999999999969873e-03 1.121126856659784288e-01
6.000000000000449418e-04 5.024434445515854608e-02
1.319999999999987850e-03 1.705921223835407952e-01
3.959999999999963549e-03 6.039670448686809134e-01
3.600000000000269651e-04 2.562599850716784991e-02
4.800000000000359535e-04 3.576614621144973138e-02
7.199999999999429079e-04 7.216900612854411368e-02
7.200000000000539302e-04 5.101661249042550861e-02
9.599999999999608846e-04 9.114905049285201843e-02
9.599999999999608846e-04 1.060673031552567119e-01
7.200000000000539302e-04 5.442681646565877829e-02
6.000000000000449418e-04 4.174977577825010611e-02
2.879999999999993676e-03 3.611703383005872015e-01
6.000000000000449418e-04 5.000052075915732697e-02
9.600000000000719069e-04 1.240199606685311179e-01
3.000000000000002665e-03 4.324394371759182620e-01
3.600000000000269651e-04 2.686877302148536761e-02
8.400000000000629186e-04 8.969058246929317857e-02
2.400000000000179767e-04 1.443465244494020888e-02
6.000000000000449418e-04 4.325863572859732498e-02
4.800000000000359535e-04 3.327809151039373692e-02
4.799999999999249312e-04 3.631196632087058812e-02
1.080000000000080895e-03 1.509356648569767645e-01
3.600000000000269651e-04 2.369825880918116287e-02
1.079999999999969873e-03 9.259742825521082021e-02
2.160000000000050768e-03 3.088853982169568191e-01
7.199999999999429079e-04 6.441059420246311729e-02
1.439999999999996838e-03 1.522349745142852484e-01
1.199999999999978861e-03 1.133308925131103762e-01
1.680000000000014815e-03 1.307403515815945827e-01
1.200000000000089884e-04 7.407108477574047070e-03
1.200000000000089884e-03 1.087415714596012550e-01
7.200000000000539302e-04 5.538611092721294066e-02
1.319999999999987850e-03 1.610571691856551579e-01
2.399999999999069544e-04 1.576859925067293500e-02
1.319999999999987850e-03 1.612692400016027539e-01
2.399999999999069544e-04 1.483099484172267779e-02
1.200000000000089884e-04 7.435875161593696533e-03
2.279999999999948734e-03 3.214494837225239099e-01
3.959999999999963549e-03 4.700579630816860699e-01
9.599999999999608846e-04 9.825787861073115304e-02
2.280000000000059757e-03 2.366908735955241538e-01
1.079999999999969873e-03 8.059246010743738309e-02
1.080000000000080895e-03 1.337266646660484337e-01
2.400000000000179767e-04 1.500649798853362360e-02
3.600000000000269651e-04 2.285494814856018145e-02
2.520000000000077733e-03 2.395632485283332724e-01
8.400000000000629186e-04 1.131873713592237984e-01
8.399999999999518963e-04 7.929080337184146732e-02
