9.316680149066287886e-03 5.002965000000001577e-03
1.692738008981588618e-02 1.470293553144405834e-03
1.937666025993651717e-02 3.952504626209563283e-03
2.466428194778902058e-02 4.178454000000001584e-03
2.675333943034411202e-02 5.382833953200486486e-03
3.259204805549079098e-02 6.746081560915488662e-03
3.853787411106271432e-02 4.563460000000001821e-03
4.299943255439694217e-02 7.178604999999997627e-03
5.344212289944978711e-02 5.200387999999998498e-03
6.407188779567457582e-02 5.423385121892043519e-03
7.588339607582031410e-02 5.536553000000000481e-03
8.820140714210633615e-02 4.184890907068184590e-03
1.047175351451551939e-01 4.519879949832625830e-03
1.211999773102309524e-01 4.208494999999999597e-03
1.436142138217041397e-01 4.247260659667591483e-03
1.686730323044071667e-01 4.394730999999998944e-03
2.007899864978580917e-01 4.738906999999997934e-03
2.386011669150100434e-01 3.732597282163452584e-03
2.815694695477492515e-01 4.428604987139859485e-03
3.325746845446898581e-01 3.585605000000001690e-03
3.912966465483629364e-01 3.654126546840570817e-03
4.641481726653542417e-01 3.886224000000001923e-03
5.446736997331390606e-01 3.569344000000000770e-03
6.430222513799659367e-01 3.178379999999999747e-03
7.618769418986020003e-01 3.684636580423906668e-03
8.948031227094841444e-01 3.995202796476166919e-03
1.058158916079130041e+00 3.907271000000001222e-03
1.246923028843224035e+00 4.074544000000001991e-03
1.456419853890528859e+00 3.642730187655678596e-03
1.667891502537720338e+00 2.564290688790373147e-03
