# size duration
5.249999999999999112e-01 1.194383239466236368e+00
1.345000000000000195e+00 3.841278648123735540e+00
1.000000000000005329e-01 1.993670564917028598e-01
8.999999999999985789e-02 1.663629982739028290e-01
8.999999999999985789e-02 1.896941058272374470e-01
4.999999999999982236e-02 6.619405212765704094e-02
8.499999999999996447e-02 1.165711618658036436e-01
3.500000000000014211e-02 3.893354348838849732e-02
6.000000000000049738e-02 8.709312238651067961e-02
6.500000000000039080e-02 8.575689767236086003e-02
1.500000000000056843e-02 1.635374025893387290e-02
9.999999999999786837e-03 1.021286544248631474e-02
9.499999999999975131e-02 1.941071781920693240e-01
4.999999999999982236e-02 6.270504252837828807e-02
3.499999999999925393e-02 4.664140206860863808e-02
7.499999999999928946e-02 1.112436336733773901e-01
7.000000000000028422e-02 1.086797096452963435e-01
7.499999999999928946e-02 1.177791594026816741e-01
5.999999999999960920e-02 1.096399087455730559e-01
1.400000000000005684e-01 1.962354091374003962e-01
5.499999999999971578e-02 6.130413034106114989e-02
3.000000000000113687e-02 3.575227186842035165e-02
4.499999999999992895e-02 6.829251471471300960e-02
3.000000000000113687e-02 3.882300553750750449e-02
3.999999999999914735e-02 6.040482018011031351e-02
9.500000000000063949e-02 1.783298561986967901e-01
6.499999999999950262e-02 1.037320907928622749e-01
5.499999999999971578e-02 8.606499634003181298e-02
7.500000000000106581e-02 1.117893611712012375e-01
2.500000000000035527e-02 2.924232729261971170e-02
1.500000000000056843e-02 1.617536277194697031e-02
3.999999999999914735e-02 5.671879752559105814e-02
