# size duration
1.324999999999992850e-03 1.419363578684416094e-01
7.325000000000025935e-03 2.678554053718433359e+00
7.949999999999957101e-03 3.614292023788918229e+00
2.149999999999985256e-03 1.896657215884918479e-01
6.049999999999999822e-03 1.343923999671971403e+00
6.174999999999986056e-03 1.677071181610312323e+00
5.924999999999958078e-03 1.419479313890038341e+00
5.124999999999990674e-03 9.573708142709640434e-01
5.849999999999966338e-03 1.038581273460090548e+00
2.900000000000013678e-03 2.572943995320800536e-01
5.775000000000085620e-03 1.178551244391884634e+00
5.075000000000051692e-03 5.256953229783357662e-01
4.499999999999948486e-03 5.768928823375523152e-01
4.525000000000001243e-03 5.641764891620151268e-01
8.000000000000007105e-03 1.577087850154195392e+00
