# theta phi
1.468508005715129059e+02 1.298409921048854776e-01
-1.668464459978506227e+02 1.131825148803736331e-01
5.492694279982297445e+01 1.315913743817791470e-01
1.157067996689744831e+02 5.950639424907978869e-02
-8.513944773541903999e+01 2.131089500984335167e-02
-1.324185162037268810e+02 7.880479948848213845e-02
1.418286653996053417e+02 1.354331000121222484e-01
-1.624792303463606231e+02 1.180794004890022980e-01
5.494099417442459554e+01 1.314563160416203080e-01
-7.529405460566714225e+01 2.379171345962899364e-02
1.399799974317374165e+02 1.661563496531441586e-01
6.271102481059727296e+01 9.811041318575673686e-02
1.257894224650574984e+02 8.692529548359247127e-02
6.273373126847133108e+01 9.801285098707437915e-02
4.163361469662326897e+01 7.184334303885871975e+01
4.163232705711509851e+01 7.182943878200748600e+01
4.245992982834479079e+01 6.994231257943788194e+01
4.163131365295490127e+01 7.183003757905451891e+01
-3.314919942848710122e+01 1.798701590078951540e+02
1.315355400214938442e+01 1.798868174851196500e+02
-1.250730572001770611e+02 1.798684086256182297e+02
-6.429320033102553111e+01 1.799404936057509587e+02
9.486055226458097422e+01 1.799786891049901669e+02
4.758148379627311186e+01 1.799211952005115336e+02
-3.817133460039465120e+01 1.798645668999878922e+02
1.752076965363938044e+01 1.798819205995110053e+02
-1.250590058255753974e+02 1.798685436839583929e+02
1.047059453943328435e+02 1.799762082865404125e+02
-4.002000256826258351e+01 1.798338436503468358e+02
-1.172889751894027484e+02 1.799018895868142351e+02
-5.421057753494250875e+01 1.799130747045164469e+02
-1.172662687315286831e+02 1.799019871490129105e+02
-1.383663853033767452e+02 1.081566569611412945e+02
-1.383676729428848944e+02 1.081705612179925282e+02
-1.375400701716552305e+02 1.100576874205621181e+02
-1.383686863470450987e+02 1.081699624209454953e+02
4.932811493215554322e+01 8.713277490155363347e-02
1.333022164556469420e+02 9.064227721153843287e-02
8.851034596624599260e+01 5.194145997328862563e-02
1.343185951262316280e+02 1.077744338014422487e-01
4.641527748804578835e+01 1.033895704434562857e-01
1.451125114339795630e+02 5.306307542594018711e-02
-5.462156912082487992e+01 9.038531399867094640e-02
-1.166015871152615375e+02 1.058328647075839901e-01
1.333149511312033724e+02 9.068068667861353682e-02
8.860079426802833780e+01 5.188482240185703781e-02
-5.115978233214816129e+01 1.119273459444763835e-01
1.343283990911731962e+02 1.078203543354712551e-01
5.239369391278032850e+01 6.537696785085404805e-02
1.416491374939379000e+02 6.808953045561988437e-02
4.879953915196075087e+01 7.939911092862264597e-02
4.206993758899673708e+01 7.020256363346624084e+01
-1.306718850678444710e+02 1.799128672250984380e+02
-4.669778354435307222e+01 1.799093577227884566e+02
-9.148965403375402161e+01 1.799480585400266932e+02
-4.568140487376836489e+01 1.798922255661985332e+02
-1.335847225119542259e+02 1.798966104295565458e+02
-3.488748856602044413e+01 1.799469369245740893e+02
1.253784308791751130e+02 1.799096146860013334e+02
6.339841288473846248e+01 1.798941671352924345e+02
-4.668504886879663474e+01 1.799093193133213617e+02
-9.139920573197166220e+01 1.799481151775981687e+02
1.288402176678518458e+02 1.798880726540555486e+02
-4.567160090882681800e+01 1.798921796456645552e+02
-1.276063060872196928e+02 1.799346230321491475e+02
-3.835086250606211422e+01 1.799319104695443912e+02
-1.312004608480392562e+02 1.799206008890713804e+02
-1.379300624110032913e+02 1.097974363665337592e+02
-1.521808009382665432e+02 3.666961829258005845e-01
-1.651931833351463013e+02 7.938385692113086867e-02
-1.462800159096877053e+02 4.243219215477955775e-01
1.645339962007390113e+02 1.336536235385415994e-01
-1.522886789730776229e+02 3.656003292442682739e-01
-1.651511159921568890e+02 7.956839700539841687e-02
-6.024839639201277208e+01 1.435202687809642164e-01
9.836919158873966396e+00 2.625330676372049712e-02
-1.240169048301749797e+02 6.803609882614092275e-02
-1.326627357378072531e+02 4.066919468890609624e-01
-1.462449856088895501e+02 4.226363560203025282e-01
-5.677757901150715725e+01 1.609862817204613938e-01
1.607873761913083968e+02 1.461447143269758164e-01
-1.614314804603087055e+02 2.659347707377013315e-01
-1.450152099393985736e+02 2.083388095836677667e-01
-6.894167974030334101e+00 2.407765377587159361e-02
-1.615811722121711398e+02 2.656958706703251849e-01
-1.382377026925025518e+02 2.533577643738957330e-01
4.031037441223259066e+01 1.214505592218283141e+02
-1.450054069196182525e+02 2.089230587900292591e-01
3.907716438033808259e+01 1.186516415068775530e+02
3.079006085265860548e+01 6.627569662012454899e+01
1.305413956647241207e+02 5.876156122964892603e+01
4.207862382366680265e+01 6.047610226948270196e+01
3.908065092163774068e+01 1.186516455180076406e+02
4.030841186552159883e+01 1.214600381709600327e+02
2.781919906173347812e+01 1.796333038170741929e+02
1.480681666485370584e+01 1.799206161430788882e+02
3.371998409031232313e+01 1.795756780784521993e+02
-1.546600379926101532e+01 1.798663463764614789e+02
2.771132102692239840e+01 1.796343996707557551e+02
1.484888400784313234e+01 1.799204316029945971e+02
1.197516036079872208e+02 1.798564797312190251e+02
-1.701630808411260318e+02 1.799737466932362793e+02
5.598309516982502032e+01 1.799319639011738730e+02
4.733726426219276107e+01 1.795933080531109454e+02
3.375501439111047830e+01 1.795773636439797087e+02
1.232224209884928570e+02 1.798390137182795456e+02
-1.921262380869162456e+01 1.798538552856730348e+02
1.856851953969128743e+01 1.797340652292622849e+02
3.498479006060141927e+01 1.797916611904163346e+02
1.731058320259696757e+02 1.799759223462241380e+02
1.841882778782886732e+01 1.797343041293296722e+02
4.176229730749746949e+01 1.797466422356261262e+02
-1.396896255877674093e+02 5.854944077817167880e+01
3.499459308038175465e+01 1.797910769412100080e+02
-1.409228356196619245e+02 6.134835849312246836e+01
-1.492099391473414016e+02 1.137243033798754368e+02
-4.945860433527589350e+01 1.212384387703510811e+02
-1.379213761763331831e+02 1.195238977305173194e+02
-1.409193490783622735e+02 6.134835448199235941e+01
-1.396915881344784225e+02 5.853996182903997436e+01
-2.844865378918265719e+01 3.092176959754301957e-01
3.025419850262841948e+01 2.413530256013044217e-01
3.631255587139310848e+01 2.287138406114375577e+00
-2.284203199975880239e+01 3.023517255825348138e-01
-2.842651295891213437e+01 3.090820815044559855e-01
1.510715109854287448e+02 2.372548784417360945e-01
-1.655990916046636983e+02 3.969546990349135940e-01
-1.537351743241213171e+02 4.031073993808204081e-01
-1.373791993282858357e+02 1.542100958901088392e-01
3.009736749284821400e+01 2.612474771572601551e-01
-2.099245433037236097e+01 3.458175985630660976e-01
1.492114654761891188e+02 2.686790781181244703e-01
-7.267464138581875011e-01 2.438145256807998928e-01
1.931257072319354151e+01 1.762563450846336977e-01
-1.776369600496234114e+02 3.431079428624332905e-01
3.766387060884017046e+01 7.229385662514174271e+01
-6.736181447078829487e-01 2.439442803480804667e-01
-1.408151103709585357e+02 5.310542626967545976e-01
-1.311930431148429079e+02 9.124109689275479695e+01
1.928037242710858479e+01 1.903712012666191888e-01
-1.311979548682064944e+02 9.124315263166495527e+01
3.766739888687318683e+01 7.229969484142672798e+01
4.265552643159503532e+01 6.453605409393264836e+01
1.893968994459816457e+01 5.900753817197390561e+01
-1.228422380426480913e+02 1.148901482189731524e+02
3.766013806740878778e+01 7.229732692722399179e+01
-1.083714819164258643e+02 9.174891914776959823e+01
-1.161046409476061427e+02 1.013970482393281856e+02
-1.401112586051250730e+02 1.288407244166774035e+02
-1.311827683049639859e+02 9.124738435828831484e+01
1.515513462108173428e+02 1.796907823040245660e+02
-1.497458014973715876e+02 1.797586469743987152e+02
-1.436874441286068702e+02 1.777128615938856342e+02
1.571579680002412260e+02 1.796976482744174746e+02
1.515734870410878727e+02 1.796909179184955576e+02
-2.892848901457125521e+01 1.797627451215582539e+02
1.440090839533634082e+01 1.796030453009651069e+02
2.626482567587868644e+01 1.795968926006191850e+02
4.262080067171417852e+01 1.798457899041098926e+02
-1.499026325071517931e+02 1.797387525228427592e+02
1.590075456696276319e+02 1.796541824014369411e+02
-3.078853452381087763e+01 1.797313209218818884e+02
1.792732535861418057e+02 1.797561854743192384e+02
-1.606874292768064549e+02 1.798237436549153756e+02
2.363039950376566889e+00 1.796568920571375827e+02
-1.423361293911598580e+02 1.077061433748582573e+02
1.793263818552921123e+02 1.797560557196519255e+02
3.918488962904148565e+01 1.794689457373032440e+02
4.880695688515709207e+01 8.875890310724518883e+01
-1.607196275728914259e+02 1.798096287987333710e+02
4.880204513179354109e+01 8.875684736833505895e+01
-1.423326011131268274e+02 1.077003051585732720e+02
-1.373444735684049647e+02 1.154639459060673516e+02
-1.610603100554018283e+02 1.209924618280261086e+02
5.715776195735190157e+01 6.510985178102684756e+01
-1.423398619325912193e+02 1.077026730727760366e+02
7.162851808357414995e+01 8.825108085223041599e+01
6.389535905239385016e+01 7.860295176067182865e+01
3.988874139487491988e+01 5.115927558332259650e+01
4.881723169503602833e+01 8.875261564171169937e+01
8.804861398733044098e+01 9.151106990934518137e+01
-9.025925355416197249e+01 8.923877464562301043e+01
8.846344250156734290e+01 9.119838908025565161e+01
1.669122531237847085e+01 2.046529505226067636e-01
1.487276223547750078e+02 4.563058239432529195e-01
-1.583691996054704703e+02 5.797725702977627460e-01
1.032745613372965465e+02 1.621561836883031460e-01
1.486986526394094597e+02 4.579692452130835201e-01
8.804907757350480324e+01 9.151074129240804211e+01
-9.025911356213015324e+01 8.923887191645268047e+01
8.846380282339993073e+01 9.119813852614095140e+01
3.404868379599642392e+00 1.747785680522402907e-01
3.837107292669836056e+01 6.992882049964045166e+01
-1.516665217311387721e+02 1.166508330776310665e+01
3.882980519080614812e+01 8.300895223727518157e+01
4.795263670664532185e+01 2.506959833457230724e-01
4.927138800316092926e+01 6.506467354294497341e+01
9.652562096917317547e+01 8.842660930987459267e+01
-1.100670091508410735e+02 9.254084872190431099e+01
3.617761330659920560e+01 5.909731874096813442e+01
-6.192698724047776437e+01 6.246027107678499135e+01
-9.435179719049186531e+01 9.505862251773409355e+01
8.705075465752602781e+01 8.732601987768414631e+01
3.836481057646336978e+01 6.994036394963279690e+01
-1.516657336328079850e+02 1.166390309327305985e+01
9.652783997872376176e+01 8.842839161932261050e+01
-1.277336146749757830e+02 4.340197950148729689e+01
-1.100670217534340054e+02 9.254116218460444543e+01
3.617567505602551137e+01 5.909342295171629189e+01
3.882389119851871584e+01 8.300954637572979777e+01
-6.191631353908641699e+01 6.246049461956824445e+01
4.924427200299939500e+01 6.507834892764481083e+01
-9.195138601266957323e+01 8.848893009065484705e+01
8.974074644583802751e+01 9.076122535437698957e+01
-9.153655749843267131e+01 8.880161091974436260e+01
-1.633087746876215078e+02 1.797953470494774137e+02
-3.127237764522499219e+01 1.795436941760567606e+02
2.163080039452952619e+01 1.794202274297022655e+02
-7.672543866270345347e+01 1.798378438163116755e+02
-3.130134736059052258e+01 1.795420307547869072e+02
-9.195092242649522518e+01 8.848925870759195789e+01
8.974088643786986097e+01 9.076112808354733374e+01
-9.153619717660009769e+01 8.880186147385906281e+01
-1.765951316204003660e+02 1.798252214319477673e+02
-1.416289270733016679e+02 1.100711795003595483e+02
2.833347826886122789e+01 1.683349166922369022e+02
-1.411701948091938448e+02 9.699104776272481843e+01
-1.320473632933546639e+02 1.797493040166542926e+02
-1.307286119968390778e+02 1.149353264570550408e+02
-8.347437903082682453e+01 9.157339069012543575e+01
6.993299084915894070e+01 8.745915127809571743e+01
-1.438223866934008015e+02 1.209026812590318798e+02
1.180730127595222427e+02 1.175397289232150086e+02
8.564820280950813469e+01 8.494137748226592066e+01
-9.294924534247398640e+01 9.267398012231586790e+01
-1.416351894235366160e+02 1.100596360503672173e+02
2.833426636719201852e+01 1.683360969067269366e+02
-8.347216002127625245e+01 9.157160838067740372e+01
5.226638532502423118e+01 1.365980204985127102e+02
6.993297824656599460e+01 8.745883781539555457e+01
-1.438243249439744886e+02 1.209065770482837081e+02
-1.411761088014812913e+02 9.699045362427020223e+01
1.180836864609135830e+02 1.175395053804317627e+02
-1.307557279970006050e+02 1.149216510723551892e+02
-1.662589200240878995e+02 1.163938975430580669e-01
-9.169159357998348980e+01 9.107748591279974448e+01
4.001290571817855835e+01 2.818191594035269887e+01
-1.663241587554536807e+02 1.157680319646535450e-01
8.958372066990143878e+01 8.998817955593847273e+01
1.445983513849654969e+02 5.192406696827071011e-01
1.780351649647866736e+02 2.841753500568410806e-01
1.131728475952460116e+02 1.936941249992064906e-01
1.432558584296783124e+02 4.733410635171739211e-01
4.004020242312123656e+01 2.812971782733846027e+01
-9.168338340805328812e+01 9.108926522014043314e+01
-1.743831971899556663e+02 8.345439409135399500e-02
-1.039497995936112034e+02 9.319479597771345425e+01
8.959200763276780322e+01 8.996908246312709423e+01
3.753066946362039147e+01 8.622349093277719589e+01
-1.752972890248321391e+02 8.881220574952990165e-02
5.419422686799711641e+01 3.027340276941811181e-01
3.764711185863724552e+01 6.987424012758766878e+01
3.467389543999907175e+01 6.746415904131188768e+01
3.971969946211423519e+01 6.097063880720222784e+01
-1.036354838580143820e+02 9.307148295483304423e+01
4.000745499823257489e+01 2.818863491495101670e+01
4.003474874668511774e+01 2.813642096306107376e+01
4.414439100505823177e+01 9.489524258527814027e+01
-1.066060440358192380e+02 9.425259084427969469e+01
9.415071746996729019e+01 9.106270760352961702e+01
9.194229678746474121e+01 9.127528789667471187e+01
1.452912912115548068e+02 8.145490312245608777e+01
3.760060469766634128e+01 8.679076360294000381e+01
4.414635754039280613e+01 9.489061413648209964e+01
-1.066053463250949136e+02 9.425270460566532904e+01
2.656217741184759618e+01 1.202713856633075125e+02
3.764428484259277496e+01 6.987249358667621379e+01
3.467442898006504493e+01 6.741825391218708319e+01
-1.440301716437145672e+02 1.275111720283537267e+02
4.003525265888316653e+01 2.812681808527614535e+01
3.971369891036116684e+01 6.097095371504164518e+01
-1.036389255251794026e+02 9.307232055024569206e+01
1.374107997591208630e+01 1.798836061024569517e+02
8.830840642001651020e+01 8.892251408720024131e+01
-1.399870942818214417e+02 1.518180840596473331e+02
1.367584124454633354e+01 1.798842319680353512e+02
-9.041627933009856122e+01 9.001182044406154148e+01
-3.540164861503448890e+01 1.794807593303173121e+02
-1.964835035213311043e+00 1.797158246499431584e+02
-6.682715240475400265e+01 1.798063058750007883e+02
-3.674414157032168049e+01 1.795266589364828462e+02
-1.399597975768787421e+02 1.518702821726615468e+02
8.831661659194672609e+01 8.891073477985955265e+01
5.616802810044334571e+00 1.799165456059086523e+02
7.605020040638881085e+01 8.680520402228654575e+01
-9.040799236723221100e+01 9.003091753687290577e+01
-1.424693305363796298e+02 9.377650906722278989e+01
4.702710975167885721e+00 1.799111877942504520e+02
-1.258057731320028978e+02 1.796972659723058428e+02
-1.423528881413627403e+02 1.101257598724123454e+02
-1.453261045600009425e+02 1.125358409586881265e+02
-1.402803005378857790e+02 1.190293611927977935e+02
7.636451614198561799e+01 8.692851704516696998e+01
-1.399925450017674109e+02 1.518113650850490046e+02
-1.399652512533148752e+02 1.518635790369389440e+02
-1.358556089949418038e+02 8.510475741472188815e+01
7.339395596418076195e+01 8.574740915572030531e+01
-8.584928253003270981e+01 8.893729239647039719e+01
-8.805770321253525879e+01 8.872471210332530234e+01
-3.470870878844520035e+01 9.854509687754394065e+01
-1.423993953023336871e+02 9.320923639706001040e+01
-1.358536424596071868e+02 8.510938586351788615e+01
7.339465367490510062e+01 8.574729539433467096e+01
-1.534378225881524145e+02 5.972861433669250175e+01
-1.423557151574072179e+02 1.101275064133238004e+02
-1.453255710199349551e+02 1.125817460878129168e+02
3.596982835628545416e+01 5.248882797164628045e+01
-1.399647473411168335e+02 1.518731819147238582e+02
-1.402863010896388403e+02 1.190290462849583548e+02
7.636107447482061161e+01 8.692767944975432215e+01
9.080375156813808246e+01 8.880277741596445651e+01
-9.166676486712914596e+01 9.166552342181924473e+01
3.094457917641489075e+01 1.364623841609207133e+00
9.024657461376054357e+01 8.902412240293116952e+01
3.101860137955128138e+01 1.352334431327319342e+00
3.494763915846219504e+01 8.494108001761543392e+01
8.995445971049390721e+01 8.992895463631059272e+01
-8.994195252820361475e+01 9.005813253969604659e+01
-8.990464404930943942e+01 9.006356836292434309e+01
9.081943775454477930e+01 8.879821326837996764e+01
-9.166081341737310595e+01 9.166691457118429298e+01
1.634290047776020316e+01 4.872774232962993612e-01
-8.992936916830623773e+01 9.006583410786817012e+01
9.024335987143103921e+01 8.902280295997611859e+01
-9.456788273138754164e+01 8.929745284150018847e+01
1.720979858579375232e+01 4.725920815624887195e-01
3.494821354199285679e+01 8.494141578220855138e+01
3.432683696473806378e+01 6.995889351882087226e+01
9.004685510613430210e+01 8.996796777089539887e+01
-9.456747046275584978e+01 8.929667397935483564e+01
3.493247598548033750e+01 8.483680364578378885e+01
3.432611034396509098e+01 6.995802881835777498e+01
-1.240260606852394005e+02 1.051935822199123294e+02
1.031006367345866153e+02 2.316578095251893643e+01
-1.401771071043683889e+02 1.261958175129360313e+02
-1.238064839510903568e+02 1.050599841530756180e+02
3.493304094128293258e+01 8.483706539757896792e+01
3.432708507102721995e+01 6.995977171287867691e+01
-9.456811293601738555e+01 8.929681894497781514e+01
-8.919624843186191754e+01 9.119722258403554349e+01
8.833323513287086826e+01 8.833447657818078369e+01
-1.490554208235851092e+02 1.786353761583907840e+02
-8.975342538623945643e+01 9.097587759706883048e+01
-1.489813986204487151e+02 1.786476655686726929e+02
-1.450523608415377907e+02 9.505891998238459450e+01
-9.004554028950609279e+01 9.007104536368943570e+01
9.005804747179638525e+01 8.994186746030398183e+01
9.009535595069056058e+01 8.993643163707565691e+01
-8.918056224545522070e+01 9.120178673162004657e+01
8.833918658262690826e+01 8.833308542881570702e+01
-1.636570995222398039e+02 1.795127225767037089e+02
9.007063083169374806e+01 8.993416589213182988e+01
-8.975664012856897500e+01 9.097719704002388141e+01
8.543211726861247257e+01 9.070254715849979732e+01
-1.627902014142062512e+02 1.795274079184375182e+02
-1.450517864580071432e+02 9.505858421779146283e+01
-1.456731630352619504e+02 1.100411064811791277e+02
-8.995314489386569790e+01 9.003203222910462955e+01
8.543252953724415022e+01 9.070332602064519278e+01
-1.450675240145196767e+02 9.516319635421622536e+01
-1.456738896560349019e+02 1.100419711816422250e+02
5.597393931476059947e+01 7.480641778008768483e+01
-7.689936326541339895e+01 1.568342190474810707e+02
3.982289289563159684e+01 5.380418248706398288e+01
5.619351604890965746e+01 7.494001584692438200e+01
-1.450669590587170887e+02 9.516293460242104629e+01
-1.456729149289728014e+02 1.100402282871213231e+02
8.543188706398262866e+01 9.070318105502221329e+01
9.027809145720458162e+01 8.875821045065568171e+01
-9.291003367151400028e+01 9.236433416258800833e+01
-9.016988267955699143e+01 9.002451711476977891e+01
8.970198919993035247e+01 8.887531625507017452e+01
-9.017784448616941972e+01 9.003635777257768780e+01
8.997819515926988743e+01 8.996059665545107009e+01
-8.996879979082139300e+01 9.003399711270523653e+01
-9.012733765938388331e+01 9.006205031741038169e+01
9.000292182484395198e+01 8.998232654570099953e+01
-9.003069099878189263e+01 9.003031042744399315e+01
-8.996860357530520957e+01 8.992433961947564569e+01
-9.016261676147375681e+01 8.976682717393993016e+01
9.027883587414889632e+01 8.874823923016560911e+01
-9.292991803270936657e+01 9.238040345668595421e+01
-9.016987880441669745e+01 9.002445361334456209e+01
9.001203856337713205e+01 8.997922997703763315e+01
-9.005138686328412234e+01 8.995578240849916085e+01
-8.995270637631341515e+01 8.997812781059798226e+01
8.993110009392927395e+01 8.997843771052437489e+01
8.982524436245107324e+01 9.011620660333421995e+01
8.983308195469849977e+01 9.011103905129886016e+01
-8.995708373891740450e+01 9.004023504371943432e+01
8.969907168686199839e+01 8.886576810019067807e+01
-9.733938369099043086e+01 9.220493280988425511e+01
8.997253299980742725e+01 9.006756527629575260e+01
8.945924676242083251e+01 9.038639002733904704e+01
8.993255854906635705e+01 9.000004662979432624e+01
1.430953857947818335e+02 1.169298006222952040e+02
-9.017782985501504811e+01 9.003629254837969142e+01
9.008916917787922785e+01 9.005598206362689950e+01
-9.018632072470482797e+01 9.010774812403265344e+01
1.161935757072321422e+02 1.058287154785968340e+02
-1.750011369857664363e+02 1.233766471578010879e+02
-9.733961749161728960e+01 9.220544845206251239e+01
1.405615508860057332e+02 1.158986444058883478e+02
-1.134595041955296750e+02 1.016043822901200144e+02
1.450844671408457032e+02 1.214638212549189973e+02
-6.135795354430950965e+01 7.246601222516508756e+01
1.405698129227062907e+02 1.159126111915733617e+02
-1.134605536668206724e+02 1.016029575567612824e+02
1.430884995317647110e+02 1.169293184722664733e+02
1.450842766596962861e+02 1.214677924212536198e+02
1.162871634734368058e+02 1.058821538607644897e+02
-1.751497131851392908e+02 1.233841915770913715e+02
-6.123411543353231679e+01 7.240072238879193378e+01
-9.733967363935636286e+01 9.220548639505312849e+01
-8.972190854279541838e+01 9.124178954934430408e+01
8.708996632848599972e+01 8.763566583741200589e+01
8.983011732044303699e+01 8.997548288523023530e+01
-9.029801080006964753e+01 9.112468374492982548e+01
8.982215551383058028e+01 8.996364222742231220e+01
-9.002180484073014100e+01 9.003940334454894412e+01
9.003120020917860700e+01 8.996600288729477768e+01
8.987266234061613090e+01 8.993794968258964673e+01
-8.999707817515604802e+01 9.001767345429902889e+01
8.996930900121809316e+01 8.996968957255602106e+01
9.003139642469480464e+01 9.007566038052435431e+01
8.983738323852627161e+01 9.023317282606006984e+01
-8.972116412585110368e+01 9.125176076983439089e+01
8.707008196729064764e+01 8.761959654331404579e+01
8.983012119558330255e+01 8.997554638665545212e+01
-8.998796143662286795e+01 9.002077002296239527e+01
8.994861313671586345e+01 9.004421759150083915e+01
9.004729362368659906e+01 9.002187218940203195e+01
-9.006889990607075447e+01 9.002156228947562511e+01
-9.017475563754892676e+01 8.988379339666579426e+01
-9.016691804530152865e+01 8.988896094870113984e+01
9.004291626108259550e+01 8.995976495628057990e+01
-9.030092831313800161e+01 9.113423189980932193e+01
8.266061630900958335e+01 8.779506719011575910e+01
-9.002746700019257275e+01 8.993243472370426161e+01
-9.054075323757915328e+01 8.961360997266095296e+01
-9.006744145093365717e+01 8.999995337020567376e+01
-3.690461420521815938e+01 6.307019937770480311e+01
8.982217014498493768e+01 8.996370745162032279e+01
-8.991083082212078637e+01 8.994401793637312892e+01
8.981367927529517203e+01 8.989225187596734656e+01
-6.380642429276787908e+01 7.417128452140316597e+01
4.998863014233547730e+00 5.662335284219892628e+01
8.266038250838269619e+01 8.779455154793750182e+01
-3.943844911399425968e+01 6.410135559411166639e+01
6.654049580447033918e+01 7.839561770987999978e+01
-3.491553285915432525e+01 5.853617874508100272e+01
1.186420464556905046e+02 1.075339877748349267e+02
-3.943018707729369510e+01 6.408738880842663832e+01
6.653944633317934176e+01 7.839704244323873183e+01
-3.691150046823528896e+01 6.307068152773352665e+01
-3.491572334030374236e+01 5.853220757874638736e+01
-6.371283652656320129e+01 7.411784613923551035e+01
4.850286814860729656e+00 5.661580842290863558e+01
1.187658845664676761e+02 1.075992776112080662e+02
8.266032636064365136e+01 8.779451360494688572e+01
9.051024534570002800e+01 8.870375651518250493e+01
-9.261561531699710770e+01 9.221897027865728091e+01
-9.007249499985739760e+01 9.002062665097882643e+01
8.990577792078155994e+01 8.886655672162264352e+01
-9.007848618595045309e+01 9.002697482042296429e+01
9.002315581071553652e+01 8.999065472899758333e+01
-8.996001730303022725e+01 9.002766518869420054e+01
-8.995560360824308077e+01 9.001370414635690054e+01
9.005442296396091706e+01 9.001368840428848728e+01
-9.023288833422162725e+01 8.985277913790122284e+01
9.051008744772654779e+01 8.870393197081800452e+01
-9.261520707776436723e+01 9.221865893897609112e+01
-9.006644585224482569e+01 9.001879720856828726e+01
-8.994308256053301420e+01 9.002461717815099007e+01
-9.005010743826466069e+01 8.995598501741945086e+01
8.997414822738973328e+01 9.006504138937251014e+01
-8.986651821783092942e+01 8.988918237609922812e+01
8.982313529449908174e+01 9.011588943728132506e+01
8.983165362564474776e+01 9.011036270407717552e+01
-8.995012107591108474e+01 9.003234933198223189e+01
8.990573606017993313e+01 8.886668816860093045e+01
-9.963408345583358994e+01 9.298985751084430262e+01
8.946551759154516503e+01 9.034892244438128728e+01
-1.629837691684587639e+02 1.220820645574888061e+02
1.435955497049825738e+02 1.182840536164205218e+02
-1.466029419604177804e+02 1.182931718905128093e+02
-9.007168907431038463e+01 9.002438607621952826e+01
-8.996627297036684467e+01 8.992612546363942272e+01
9.064917173949343976e+01 9.043673657343363459e+01
-2.167841661131670428e+00 5.704448933549619483e+01
-9.963421013473933385e+01 9.298937872042264985e+01
-1.639311330735699528e+02 1.222084315126448502e+02
1.427779387862132126e+02 1.170671495448469557e+02
1.434275402211422374e+02 1.120177866166477116e+02
-1.160832922010772279e+02 1.018965544547465640e+02
-1.466136282220224984e+02 1.182941814390627115e+02
1.427767708671253786e+02 1.170563830127712777e+02
-1.626311526234392488e+02 1.220335873218655962e+02
1.435918167095783531e+02 1.182858062632548979e+02
1.422179464072291069e+02 1.171247084583097262e+02
1.434225116345986066e+02 1.120081947201882144e+02
-1.160828474053688950e+02 1.018988757495536959e+02
-1.466127603288375383e+02 1.182916294582984875e+02
-1.884048811427394554e+00 5.703502435771908097e+01
-9.963269720512569450e+01 9.298913362746708344e+01
-8.948975465429998621e+01 9.129624348481750928e+01
8.738438468300289230e+01 8.778102972134271909e+01
8.992750500014261661e+01 8.997937334902118778e+01
-9.009422207921844006e+01 9.113344327837735648e+01
8.992151381404957533e+01 8.997302517957703571e+01
-8.997684418928444927e+01 9.000934527100240246e+01
9.003998269696980117e+01 8.997233481130579946e+01
9.004439639175694765e+01 8.998629585364309946e+01
-8.994557703603908294e+01 8.998631159571154114e+01
8.976711166577840117e+01 9.014722086209879137e+01
-8.948991255227348063e+01 9.129606802918199548e+01
8.738479292223564698e+01 8.778134106102392309e+01
8.993355414775518852e+01 8.998120279143171274e+01
9.005691743946698580e+01 8.997538282184899572e+01
8.994989256173535352e+01 9.004401498258054914e+01
-9.002585177261026672e+01 8.993495861062748986e+01
9.013348178216908479e+01 9.011081762390077188e+01
-9.017686470550091826e+01 8.988411056271867494e+01
-9.016834637435526645e+01 8.988963729592282448e+01
9.004987892408894368e+01 8.996765066801776811e+01
-9.009426393982006687e+01 9.113331183139909797e+01
8.036591654416639585e+01 8.701014248915568317e+01
-9.053448240845483497e+01 8.965107755561871272e+01
1.701623083154122895e+01 5.791793544251120807e+01
-3.640445029501744045e+01 6.171594638357948526e+01
3.339705803958222674e+01 6.170682810948719066e+01
8.992831092568962958e+01 8.997561392378047174e+01
9.003372702963315533e+01 9.007387453636057728e+01
-8.935082826050654603e+01 8.956326342656637962e+01
1.778321583388683678e+02 1.229555106645038194e+02
8.036578986526068036e+01 8.701062127957737857e+01
1.606886692643004366e+01 5.779156848735515695e+01
-3.722206121378676613e+01 6.293285045515305853e+01
-3.657245977885776966e+01 6.798221338335230257e+01
6.391670779892277920e+01 7.810344554525345018e+01
3.338637177797750866e+01 6.170581856093728845e+01
-3.722322913287464985e+01 6.294361698722874365e+01
1.736884737656075828e+01 5.796641267813440379e+01
-3.640818329042165402e+01 6.171419373674510211e+01
-3.778205359277090025e+01 6.287529154169028089e+01
-3.657748836540140758e+01 6.799180527981178557e+01
6.391715259463111209e+01 7.810112425044631834e+01
3.338723967116247593e+01 6.170837054170151958e+01
1.781159511885725806e+02 1.229649756422809190e+02
8.036730279487430550e+01 8.701086637253291656e+01
9.026349700848770397e+01 8.889743886234036552e+01
-9.273299569294410105e+01 9.215173781358012661e+01
-9.006701544835628681e+01 8.999482869097697346e+01
8.977931143808578440e+01 8.900171126588993786e+01
-9.006872492106867867e+01 9.000253613209216041e+01
9.003432401015116682e+01 9.000809347035011854e+01
-8.997039296391342589e+01 9.001157360148863518e+01
8.998841867046370169e+01 9.000792550277124349e+01
-9.000428280492732824e+01 8.999609033932614466e+01
-9.016556919837402972e+01 8.989562468248263372e+01
9.017771827481087143e+01 9.011693990066616777e+01
9.026358037007651092e+01 8.889732991561662345e+01
-9.273332144878146721e+01 9.215196938107624192e+01
8.998374426687693983e+01 9.001009443478558580e+01
-9.023187708139101915e+01 9.006004675708048524e+01
-9.006693203052593333e+01 8.999482723732246825e+01
8.995566643831757858e+01 9.004304872425505835e+01
-8.997756743640420041e+01 8.993768338326154321e+01
8.979337029128424774e+01 9.011794781931662612e+01
8.978377883047993180e+01 9.012444817027268584e+01
-8.996505300975329078e+01 9.001585006776159048e+01
-9.757074557989677999e+01 9.297781127343587571e+01
8.977932860096578338e+01 8.900162576462361130e+01
8.960940877450229891e+01 9.025802804158004733e+01
1.445690734892376668e+02 1.163337494871018549e+02
-8.990317922900430858e+01 8.993485117047093524e+01
-9.006863705776122231e+01 9.000252470920572989e+01
-8.998463452177739441e+01 8.994944911535890242e+01
9.015983167811505439e+01 9.013710373270153298e+01
1.558184954057715572e+02 1.201738635720647608e+02
-9.757114938086502320e+01 9.297767092796713939e+01
1.308072423010872853e+02 1.127055000351557368e+02
1.444605195643729303e+02 1.181193139893589006e+02
-1.207712358374854063e+02 1.079898189855097286e+02
1.412881548988970906e+02 1.168642571594408963e+02
-1.119435443660336063e+02 1.010585919759644185e+02
1.444547741141707036e+02 1.181064916511347462e+02
1.445626076660732053e+02 1.163348791403890488e+02
-1.206136437246635893e+02 1.079053460969430915e+02
1.412793617808540318e+02 1.168587597889587073e+02
-1.119438041155750199e+02 1.010604225610418041e+02
1.558487835906798296e+02 1.201853431375061803e+02
-9.756852553325126109e+01 9.297713173246708607e+01
1.309848482091678648e+02 1.127821404873338906e+02
-8.973650299151231025e+01 9.110256113765962027e+01
8.726700430705591316e+01 8.784826218641988760e+01
8.993298455164371319e+01 9.000517130902302654e+01
-9.022068856191422981e+01 9.099828873411006214e+01
8.993127507893130712e+01 8.999746386790783959e+01
-8.996567598984883318e+01 8.999190652964990988e+01
9.002960703608660253e+01 8.998842639851137903e+01
-9.001158132953629831e+01 8.999207449722875651e+01
8.999571719507268597e+01 9.000390966067384113e+01
8.983443080162598449e+01 9.010437531751739471e+01
-8.982228172518915699e+01 8.988306009933384644e+01
-8.973641962992348908e+01 9.110267008438337655e+01
8.726667855121853279e+01 8.784803061892375808e+01
-9.001625573312306017e+01 8.998990556521441420e+01
8.976812291860900928e+01 8.993995324291950055e+01
8.993306796947406667e+01 9.000517276267753175e+01
-9.004433356168240721e+01 8.995695127574494165e+01
9.002243256359582801e+01 9.006231661673848521e+01
-9.020662970871576647e+01 8.988205218068337388e+01
-9.021622116952006820e+01 8.987555182972732837e+01
9.003494699024672343e+01 8.998414993223839531e+01
8.242925442010322001e+01 8.702218872656413851e+01
-9.022067139903421662e+01 9.099837423537638870e+01
-9.039059122549772951e+01 8.974197195841995267e+01
-3.543092651076232613e+01 6.366625051289815218e+01
9.009682077099569142e+01 9.006514882952905054e+01
8.993136294223876348e+01 8.999747529079428432e+01
9.001536547822260559e+01 9.005055088464109758e+01
-8.984016832188493140e+01 8.986289626729849545e+01
-2.418150459422843568e+01 5.982613642793523923e+01
8.242885061913497680e+01 8.702232907203286061e+01
-4.919275769891272887e+01 6.729449996484426322e+01
-3.553948043562707682e+01 6.188068601064112073e+01
5.922876416251460086e+01 7.201018101449029984e+01
-3.871184510110292365e+01 6.313574284055911079e+01
6.805645563396639375e+01 7.894140802403558155e+01
-3.554522588582930354e+01 6.189350834886524666e+01
-3.543739233392680177e+01 6.366512085961095835e+01
5.938635627533641070e+01 7.209465390305692267e+01
-3.872063821914596815e+01 6.314124021104129980e+01
6.805619588442498014e+01 7.893957743895819590e+01
-2.415121640932016689e+01 5.981465686249383396e+01
8.243147446674872469e+01 8.702286826753291393e+01
-4.901515179083212814e+01 6.721785951266612358e+01
-9.126310235035575147e+01 9.125169658162168673e+01
9.061396013519734538e+01 8.898641200614279967e+01
-8.988195819636763417e+01 8.985447361413201861e+01
8.994092658133307339e+01 8.916578179000423177e+01
9.026147521083964875e+01 9.021631888137670785e+01
9.002871150713180270e+01 9.001118929313430783e+01
-8.997917985112266592e+01 9.000481353299092291e+01
-8.996440916631630103e+01 9.003024605216164389e+01
8.999950046266410197e+01 8.997355942898730063e+01
9.047057979773173031e+01 9.015851158374968577e+01
9.042502614462878796e+01 9.024403933987223070e+01
8.965000260656664466e+01 8.972323583844641348e+01
-9.126925307867537640e+01 9.124865413018569882e+01
9.061684165107030253e+01 8.898395347952779844e+01
-8.994794339094654845e+01 9.003927851076244337e+01
8.992028688357497401e+01 9.007200724031854122e+01
-8.954600951081258131e+01 8.967437199415455495e+01
-8.988210337836247277e+01 8.985449583424755815e+01
8.990620438588493357e+01 9.006712620811386216e+01
-8.999779237278245603e+01 8.997205131531104882e+01
8.992028977088284591e+01 9.007200573161118484e+01
-8.997536773071364280e+01 9.000654576397020890e+01
8.993195751545783878e+01 8.916778788523025412e+01
-9.306570137145705246e+01 9.017272828601875290e+01
-8.991318156450692811e+01 9.000518732598162330e+01
-9.150039433634762531e+01 9.095019141984148803e+01
-8.963590345213167154e+01 8.996265981430207148e+01
-1.793298104443073271e+02 1.221676960489929655e+02
1.571598658351871052e+02 1.201934983684469529e+02
1.810115469199297067e+01 5.548982107560262023e+01
-9.006003367593105224e+01 8.996025752354026395e+01
9.008167490121275023e+01 9.006279283426739823e+01
9.026128082063610236e+01 9.021624221910758479e+01
-1.200175836710559878e+02 1.074316731553487756e+02
-9.306595657612291461e+01 9.017295483981483528e+01
-1.788024894895625039e+02 1.221623024461660236e+02
1.049429895688468548e+02 9.677613670354521958e+01
-1.523502927660830721e+02 1.190429279386024746e+02
-9.306655734827536719e+01 9.017287093199888659e+01
1.796485710264906004e+02 1.221641102896279989e+02
1.569799271805574961e+02 1.201544494614081628e+02
1.810055570304629313e+01 5.550270293875079375e+01
1.049539659161600440e+02 9.678160411864824653e+01
-1.535210864901828529e+02 1.192842677165090066e+02
-1.190247199045945337e+02 1.069329931329046559e+02
-9.306681261981344733e+01 9.017309748536455061e+01
8.873689764964424853e+01 8.874830341837829906e+01
-8.938603986480266883e+01 9.101358799385720033e+01
9.011804180363239425e+01 9.014552638586798139e+01
-9.005907341866694082e+01 9.083421820999576823e+01
-8.973852478916035125e+01 8.978368111862329215e+01
-8.997128849286822572e+01 8.998881070686569217e+01
9.002082014887733408e+01 8.999518646700910551e+01
9.003559083368371319e+01 8.996975394783835611e+01
-9.000049953733591224e+01 9.002644057101271358e+01
-8.952942020226826969e+01 8.984148841625032844e+01
-8.957497385537122625e+01 8.975596066012775509e+01
-9.034999739343336955e+01 9.027676416155358652e+01
8.873074692132462360e+01 8.875134586981431539e+01
-8.938315834892971168e+01 9.101604652047220156e+01
9.005205660905345155e+01 8.996072148923755663e+01
-9.007971311642501178e+01 8.992799275968145878e+01
9.045399048918743290e+01 9.032562800584545926e+01
9.011789662163751302e+01 9.014550416575247027e+01
-9.009379561411506643e+01 8.993287379188615205e+01
9.000220762721755818e+01 9.002794868468895118e+01
-9.007971022911715409e+01 8.992799426838881516e+01
9.002463226928635720e+01 8.999345423602979110e+01
-9.006804248454218964e+01 9.083221211476976009e+01
8.693429862854296175e+01 8.982727171398126131e+01
9.008681843549307189e+01 8.999481267401837670e+01
8.849960566365236048e+01 8.904980858015851197e+01
9.036409654786834267e+01 9.003734018569794273e+01
6.701895556926642517e-01 5.783230395100704868e+01
-2.284013416481287706e+01 5.980650163155306842e+01
-1.618988453080070542e+02 1.245101789243973940e+02
8.993996632406896197e+01 9.003974247645973605e+01
-8.991832509878726398e+01 8.993720716573260177e+01
-8.973871917936391185e+01 8.978375778089242942e+01
5.998241632894401931e+01 7.256832684465121019e+01
8.693404342387708539e+01 8.982704516018517893e+01
1.197510510437501230e+00 5.783769755383396927e+01
-7.505701043115315940e+01 8.322386329645478042e+01
2.764970723391691720e+01 6.095707206139753964e+01
8.693344265172463281e+01 8.982712906800111341e+01
-3.514289735094093814e-01 5.783588971037199400e+01
-2.302007281944249684e+01 5.984555053859183715e+01
-1.618994442969537033e+02 1.244972970612492276e+02
-7.504603408383997021e+01 8.321839588135176768e+01
2.647891350981716130e+01 6.071573228349100049e+01
6.097528009540545924e+01 7.306700686709535830e+01
8.693318738018653846e+01 8.982690251463547781e+01
-8.999848165175376380e+01 8.997790683827538771e+01
9.000323036357372075e+01 8.999347188168209755e+01
-8.999884265461223265e+01 9.001054469225604748e+01
8.999506060905535776e+01 9.000142115558618627e+01
-8.999828851989450129e+01 9.001733768023939319e+01
-8.999940378922282491e+01 8.999811076028423429e+01
9.000151834824625041e+01 9.002209316172461229e+01
-8.999676963642627925e+01 9.000652811831790245e+01
9.000115734538779577e+01 8.998945530774396673e+01
-9.000493939094464224e+01 8.999857884441381373e+01
9.000171148010549871e+01 8.998266231976063523e+01
9.000059621077718930e+01 9.000188923971579413e+01
-8.999773348588172439e+01 8.998465885996176894e+01
8.999465188761341494e+01 8.998930953745058048e+01
8.999876012606971187e+01 8.998785901642413876e+01
8.999638163114202882e+01 8.999736987065492144e+01
-8.999990361459877874e+01 9.001368024358600906e+01
-9.000349844164520619e+01 8.999965609132613054e+01
9.000226651411828982e+01 9.001534114003824527e+01
-9.000534811238659927e+01 9.001069046254941952e+01
-9.000123987393030234e+01 9.001214098357588966e+01
-9.000361836885797118e+01 9.000263012934507856e+01
9.000009638540122126e+01 8.998631975641399094e+01
8.999650155835480803e+01 9.000034390867388367e+01
8.999638893464893385e+01 9.001569762329289404e+01
9.000264254069594472e+01 8.999225406379898118e+01
9.000398776518942157e+01 8.999397147152262733e+01
-8.999924196450743352e+01 8.999839394996213571e+01
8.997926931343079104e+01 8.997874761237241614e+01
-9.000688940266324778e+01 9.000307743355887169e+01
-9.000361106535108036e+01 8.998430237670712017e+01
-8.999735745930404107e+01 9.000774593620103303e+01
-8.999601223481057843e+01 9.000602852847738689e+01
9.000075803549258069e+01 9.000160605003786429e+01
-9.002073068656922317e+01 9.002125238762758386e+01
8.999311059733673801e+01 8.999692256644115673e+01
-8.999953632540156434e+01 8.997766679904661657e+01
9.000370340094319488e+01 8.998851424563270029e+01
9.000583887548573614e+01 8.998540422974934927e+01
-8.999452800652308326e+01 8.999981451416857681e+01
-8.999570819178157421e+01 9.001783087773313241e+01
-9.000225249618956980e+01 9.000045714044121326e+01
9.000046367459843566e+01 9.002233320095338343e+01
-8.999629659905680512e+01 9.001148575436731392e+01
-8.999416112451427807e+01 9.001459577025067915e+01
9.000547199347694516e+01 9.000018548583143740e+01
9.000429180821842579e+01 8.998216912226686759e+01
8.999774750381043020e+01 8.999954285955880096e+01
-8.999206241636019854e+01 8.998710316251745667e+01
-8.999093156723799325e+01 9.000742913343148643e+01
9.000273567221077542e+01 8.999242801883120535e+01
-8.999763103616419357e+01 8.999758395644869324e+01
-8.999183642949901696e+01 9.001443788882100705e+01
9.000654491824462866e+01 8.999400871504685995e+01
9.000793758363978725e+01 9.001289683748255754e+01
9.000906843276200675e+01 8.999257086656851357e+01
-8.999726432778923879e+01 9.000757198116880886e+01
9.000236896383580643e+01 9.000241604355132097e+01
9.000816357050098304e+01 8.998556211117899295e+01
-8.999345508175535713e+01 9.000599128495314005e+01
-8.999478776187136475e+01 8.998211001730372516e+01
-9.000016454709928837e+01 9.000442885490383560e+01
9.000193066414753673e+01 8.998981623655465967e+01
8.999579627286466632e+01 9.000094930731756904e+01
-8.999822115934358635e+01 9.001548116546474887e+01
9.000151009454327777e+01 9.000572353418358773e+01
9.000521223812866367e+01 9.001788998269630326e+01
8.999983545290071163e+01 8.999557114509616440e+01
-8.999806933585246327e+01 9.001018376344534033e+01
-9.000420372713533368e+01 8.999905069268243096e+01
9.000177884065641365e+01 8.998451883453526534e+01
-8.999848990545672223e+01 8.999427646581641227e+01
-8.999872407450855860e+01 8.997816083942828413e+01
-9.000776534331959056e+01 9.000132707416015876e+01
-9.001357891843834125e+01 9.000550820762076398e+01
8.999133939260579496e+01 9.000404980223532903e+01
8.999478776524738066e+01 8.998601762726637787e+01
9.000521560500601481e+01 9.000009429773339775e+01
9.000127592549145561e+01 9.002183916057171587e+01
8.999223465668042365e+01 8.999867292583984124e+01
8.998642108156167296e+01 8.999449179237923602e+01
-9.000866060739420504e+01 8.999595019776468519e+01
-9.000521223475264776e+01 9.001398237273362213e+01
-8.999478439499399940e+01 8.999990570226661646e+01
8.999475143899947227e+01 9.001155847490875317e+01
-8.999831221420313909e+01 9.001083962389164128e+01
-9.000307053090710951e+01 9.000655381307517189e+01
8.999818341033112290e+01 9.000347644000751757e+01
-8.998872096504616991e+01 9.001347255499564426e+01
8.999477022057462250e+01 9.000264258888037716e+01
-9.000524856100052773e+01 8.998844152509126104e+01
9.000168778579687512e+01 8.998916037610835872e+01
8.999692946909289049e+01 8.999344618692482811e+01
-9.000181658966886289e+01 8.999652355999251085e+01
9.001127903495381588e+01 8.998652744500435574e+01
-9.000522977942537750e+01 8.999735741111963705e+01
-9.000053555668988281e+01 8.998999302796569566e+01
9.000027904415280489e+01 8.998881817016285822e+01
-9.000116061100069942e+01 9.000621674980020259e+01
-9.000364025988015726e+01 8.999459235553570124e+01
8.998125733575810159e+01 8.997626208970348216e+01
8.999306695885259444e+01 9.000479488525812144e+01
8.999946444331014561e+01 9.001000697203431855e+01
-8.999972095584720932e+01 9.001118182983714178e+01
8.999883938899932900e+01 8.999378325019981162e+01
8.999635974011985695e+01 9.000540764446428454e+01
-9.001874266424188420e+01 9.002373791029650363e+01
-9.000693304114739135e+01 8.999520511474187856e+01
8.998279963491214062e+01 9.001820991776695280e+01
-9.000957128913459826e+01 9.000916571416763645e+01
8.999392431323428809e+01 8.999681597450238257e+01
8.999572795647053169e+01 9.000046541213851015e+01
8.998554125994601804e+01 8.998577122122499361e+01
-9.001714860397107998e+01 9.000349296875664606e+01
-9.001720036508788780e+01 8.998179008223306141e+01
8.999042871086540174e+01 8.999083428583236355e+01
-9.000607568676572612e+01 9.000318402549761743e+01
-9.000427204352946831e+01 8.999953458786150406e+01
-9.001445874005398196e+01 9.001422877877500639e+01
8.998285139602892002e+01 8.999650703124336815e+01
-9.000187554155873215e+01 8.998029311371593053e+01
-8.999564177509027729e+01 9.000784831586419443e+01
-9.000258853725138408e+01 9.000280454155401344e+01
-9.000029450197264680e+01 8.999435583639427705e+01
8.999290207525582730e+01 8.998282280459346794e+01
8.998906394747289994e+01 9.000356090765500028e+01
8.999812445844128206e+01 9.001970688628406947e+01
9.000435822490972271e+01 8.999215168413583399e+01
8.999741146274864434e+01 8.999719545844597235e+01
8.999970549802735320e+01 9.000564416360575137e+01
-9.000709792474417270e+01 9.001717719540653206e+01
-9.001093605252712848e+01 8.999643909234502814e+01
8.999953360174529848e+01 9.001771572902023877e+01
8.998567454022327183e+01 8.999697658698045188e+01
9.000677566253601469e+01 8.999880277851549693e+01
9.001054783084175881e+01 9.000422993731429244e+01
8.999546220333127167e+01 8.999072786003334556e+01
-9.001041606654092675e+01 9.000230948716671264e+01
-9.000046639825471573e+01 8.998228427097977544e+01
-9.001432545977674238e+01 9.000302341301954812e+01
-8.999322433746398531e+01 9.000119722148450307e+01
-8.998945216915824119e+01 8.999577006268572177e+01
-9.000453779666872833e+01 9.000927213996664022e+01
8.998958393345907325e+01 8.999769051283327315e+01
9.001318004634296699e+01 9.001027323647278422e+01
-9.000170344583652593e+01 9.000760113016220032e+01
9.000487918919885999e+01 8.999533364182201467e+01
-8.999748113700013619e+01 9.000235639405519805e+01
8.999545134086899623e+01 8.996376186793531815e+01
-9.000412885721712541e+01 9.000609950692057737e+01
-8.998681995365706143e+01 8.998972676352721578e+01
8.999829655416347407e+01 8.999239886983779968e+01
-8.999512081080115422e+01 9.000466635817798533e+01
9.000251886299986381e+01 8.999764360594478774e+01
-9.000454865913098956e+01 9.003623813206469606e+01
8.999587114278288880e+01 8.999390049307940842e+01
9.001400833969447035e+01 9.001700660981322244e+01
-9.000206038708063261e+01 9.002174636915916039e+01
9.000416509991931946e+01 8.999898602631057543e+01
8.999903705366740780e+01 9.000066551127909520e+01
8.998936596786549558e+01 8.994977792387344095e+01
-9.003726172322424759e+01 8.999739256804794252e+01
-8.998599166030554386e+01 8.998299339018679177e+01
8.999793961291936739e+01 8.997825363084086803e+01
-8.999583490008069475e+01 9.000101397368943879e+01
-9.000096294633260641e+01 8.999933448872090480e+01
-9.001063403213450442e+01 9.005022207612657326e+01
8.996273827677573820e+01 9.000260743195208590e+01
9.000044775558798449e+01 8.999656029758257603e+01
-9.002172364141354421e+01 9.000085502940072502e+01
-9.001084398710038670e+01 8.999536789655927294e+01
-8.999126287972161720e+01 8.999653251834077139e+01
-8.998465847232323256e+01 9.000618660670602367e+01
9.001342411415322431e+01 9.000643482625983438e+01
-1.403479158436852003e+02 6.552721109474764205e+01
-8.999955224441202972e+01 9.000343970241742397e+01
8.997827635858647000e+01 8.999914497059928919e+01
8.998915601289962751e+01 9.000463210344072706e+01
9.000873712027838280e+01 9.000346748165924282e+01
9.001534152767678165e+01 8.999381339329400475e+01
-8.998657588584680411e+01 8.999356517374016562e+01
3.965208415631479966e+01 1.144727889052523722e+02
8.999944710275308069e+01 8.996876215792239861e+01
-8.999834788914674277e+01 9.001129152693003732e+01
-9.000378156107483107e+01 9.002090062654525582e+01
9.000298956226654923e+01 8.998713767600908398e+01
-9.004819363299047552e+01 9.000662306889530839e+01
-9.001540816173277904e+01 9.000432999625883213e+01
6.532371930926115056e+01 1.373371011364962158e+02
-9.000055289724691931e+01 9.003123784207760139e+01
9.000165211085328565e+01 8.998870847306996268e+01
8.999621843892518314e+01 8.997909937345472997e+01
-8.999701043773343656e+01 9.001286232399091602e+01
8.995180636700952448e+01 8.999337693110470582e+01
8.998459183826723518e+01 8.999567000374118209e+01
-1.146762806907388637e+02 4.266289886350379135e+01
8.999896036396857824e+01 8.998312485729179855e+01
8.998521570753271703e+01 9.000253255826136467e+01
-8.997302250626120212e+01 9.000550635381995335e+01
-9.000274671276550009e+01 8.999609355874686401e+01
8.992822550305798757e+01 9.003507481734415308e+01
-9.001784089451798820e+01 8.999700178031255859e+01
4.249339018613981978e+01 1.152255230247246800e+02
-9.000103963603143598e+01 9.001687514270818724e+01
-9.001478429246726876e+01 8.999746744173864954e+01
9.002697749373879788e+01 8.999449364618004665e+01
8.999725328723448570e+01 9.000390644125312178e+01
-9.007177449694202664e+01 8.996492518265587535e+01
8.998215910548201180e+01 9.000299821968744141e+01
-1.375066098138601944e+02 6.477447697527532000e+01
8.998004590967381944e+01 8.997905047852607652e+01
9.000004919656592506e+01 9.000130376466853477e+01
9.001634158620593951e+01 9.000173837177020175e+01
-9.001535595751580843e+01 8.999666768045327103e+01
8.991314751497655777e+01 9.001120252385946685e+01
-9.000400250170559957e+01 8.999577462042776688e+01
1.246829960336249599e+01 1.140526836996604203e+02
4.083446261360194285e+01 1.134712377626700430e+02
-9.001995409032618056e+01 9.002094952147392348e+01
-8.999995080343410336e+01 8.999869623533146523e+01
-8.998365841379407470e+01 8.999826162822979825e+01
8.998464404248420578e+01 9.000333231954675739e+01
-9.008685248502345644e+01 8.998879747614056157e+01
8.999599749829440043e+01 9.000422537957223312e+01
-1.675317003966374898e+02 6.594731630033957970e+01
-1.391655373863980572e+02 6.652876223732997119e+01
-8.999842253079496857e+01 9.000963653011072552e+01
-9.001888594352469397e+01 8.999539465902776669e+01
9.000898402035902279e+01 9.000546979576667184e+01
9.000173199945623992e+01 9.000974976531500715e+01
8.992687402877028546e+01 9.002249793453661653e+01
8.998093193417747671e+01 8.999760408084136998e+01
3.924648889931650331e+01 1.146650735765077798e+02
9.000157746920503143e+01 8.999036346988930291e+01
8.998111405647529182e+01 9.000460534097221910e+01
-8.999101597964099142e+01 8.999453020423334237e+01
-8.999826800054377429e+01 8.999025023468497864e+01
-9.007312597122972875e+01 8.997750206546336926e+01
-9.001906806582253751e+01 9.000239591915863002e+01
-1.407535111006834825e+02 6.533492642349223445e+01
8.998783478161115568e+01 8.998736944321971976e+01
-8.998750866655777259e+01 8.999626800325641796e+01
-9.001566640950450449e+01 8.999925116233717404e+01
-9.000533376223981463e+01 8.999642404796918527e+01
-9.004676172535889123e+01 8.996842439998998486e+01
8.997106638992633521e+01 8.999943509881305204e+01
2.982152584844475385e+01 1.070384567108465035e+02
-9.001216521838887274e+01 9.001263055678030867e+01
9.001249133344221320e+01 9.000373199674359626e+01
8.998433359049552394e+01 9.000074883766282596e+01
8.999466623776018537e+01 9.000357595203081473e+01
8.995323827464110877e+01 9.003157560001002935e+01
-9.002893361007366479e+01 9.000056490118696217e+01
-1.501784741515552639e+02 7.296154328915349652e+01
9.000001077831400664e+01 8.999793520412053738e+01
9.000188700997740909e+01 8.999902528148926706e+01
9.001949526657143963e+01 9.000028445964557022e+01
9.000967758399005447e+01 8.999799329732053366e+01
9.005729051447200106e+01 8.999163065295201136e+01
8.997841085393473293e+01 8.998482849427315955e+01
-1.537093329337113801e+02 6.855153433147671649e+01
-8.999998922168599336e+01 9.000206479587947683e+01
-8.999811299002259091e+01 9.000097471851074715e+01
-8.998050473342856037e+01 8.999971554035442978e+01
-8.999032241600994553e+01 9.000200670267948055e+01
-8.994270948552801315e+01 9.000836934704797443e+01
-9.002158914606525286e+01 9.001517150572685466e+01
2.629066706628864125e+01 1.114484656685232835e+02
8.998948536910587848e+01 9.000108020829080147e+01
9.001257267230283787e+01 8.999319896620723114e+01
-8.998871906351654104e+01 9.000051091334223941e+01
-9.000147745818937040e+01 9.000050913679079656e+01
-9.003534862669688721e+01 8.998975544954618044e+01
-9.001680799705793845e+01 8.999180281112606394e+01
1.044245675906966540e+02 8.010434717509701841e+01
-9.001051463089412152e+01 8.999891979170919853e+01
-8.998742732769714792e+01 9.000680103379276886e+01
9.001128093648347317e+01 8.999948908665777481e+01
8.999852254181064382e+01 8.999949086320920344e+01
8.996465137330311279e+01 9.001024455045380535e+01
8.998319200294206155e+01 9.000819718887395027e+01
-7.557543240930333184e+01 9.989565282490299580e+01
-9.001188084976762127e+01 8.999695031209714102e+01
-9.000274643612242187e+01 9.000263103600214265e+01
-9.000264256236982874e+01 8.999172892121089262e+01
-9.000017380886924911e+01 8.988602281906587166e+01
-9.005728806438685297e+01 9.002898893224761423e+01
-9.001034461561195599e+01 8.999922600409917095e+01
-9.000017438050385010e+01 8.988601429413658650e+01
1.076449628634444444e+01 8.849776844705064605e+01
8.998811915023236452e+01 9.000304968790285898e+01
8.999725356387759234e+01 8.999736896399784314e+01
8.999735743763017126e+01 9.000827107878910738e+01
8.999982619113075089e+01 9.011397718093414255e+01
8.994271193561316124e+01 8.997101106775239998e+01
8.998965538438805822e+01 9.000077399590085747e+01
8.999982561949614990e+01 9.011398570586339929e+01
-1.692355037136555893e+02 9.150223155294938238e+01
9.001746003645646965e+01 9.000004121737697460e+01
9.000145645965416463e+01 8.999925034665785972e+01
8.999752714583414104e+01 9.000207431750045828e+01
-8.998890060805686630e+01 8.992604792682669768e+01
9.000475592479500619e+01 8.996493073105257565e+01
8.994240906157429549e+01 8.998905382506310957e+01
-9.805494168229682828e+01 8.878622556680579692e+01
9.786658240942935549e+01 1.747996669661521452e+01
-8.998890074000982509e+01 8.992602900108568065e+01
3.867283761291908206e+01 1.201541763077874947e+02
-9.805530628484765998e+01 8.878487610559953680e+01
9.786544167995397459e+01 1.748007016464505980e+01
-8.998253996354353035e+01 8.999995878262302540e+01
-8.999854354034584958e+01 9.000074965334214028e+01
-9.000247285416587317e+01 8.999792568249955593e+01
9.001109939194311949e+01 9.007395207317331653e+01
-8.999524407520499381e+01 9.003506926894743856e+01
-9.005759093842571872e+01 9.001094617493691885e+01
8.194505831770320015e+01 9.121377443319423151e+01
-8.213341759057067293e+01 1.625200333033847926e+02
9.001109925999018913e+01 9.007397099891431935e+01
-1.413271623870809321e+02 5.984582369221251241e+01
8.194469371515234002e+01 9.121512389440046320e+01
-8.213455832004601120e+01 1.625199298353549580e+02
9.001395714659683733e+01 8.999468875679116309e+01
8.999708192612953894e+01 8.999052992758525704e+01
8.999493994907443550e+01 8.999435451065538416e+01
-9.000443447312957801e+01 9.000126924300298015e+01
9.005519251132129455e+01 8.998012178621317503e+01
8.995101335302834400e+01 8.997355720299907489e+01
3.628712195617550407e+01 1.129981041218463247e+02
-8.855577364048380673e+01 8.912137193093637677e+01
-8.998604285340314846e+01 9.000531124320882270e+01
-9.000291807387048948e+01 9.000947007241474296e+01
-9.000506005092555029e+01 9.000564548934461584e+01
8.999556552687045041e+01 8.999873075699700564e+01
-8.994480748867871966e+01 9.001987821378685339e+01
-9.004898664697164179e+01 9.002644279700092511e+01
-1.437128780438245030e+02 6.700189587815367531e+01
9.144422635951622169e+01 9.087862806906363744e+01
9.001599537956765573e+01 8.999982293856781723e+01
-9.001120997002661284e+01 9.000414182180867328e+01
9.001873136598659642e+01 8.999010106111043683e+01
-8.999025972376280436e+01 9.024920698841363276e+01
9.006092434340546049e+01 8.996875218538293950e+01
8.993749865438273616e+01 8.996896081972710135e+01
-8.999022232218123918e+01 9.024900737447985932e+01
1.402791028735504995e+02 1.142793266479403229e+02
3.065338652250650853e+01 1.100821782413289611e+02
1.402655573610801980e+02 1.142791182965315357e+02
-8.998400462043237269e+01 9.000017706143219698e+01
8.998879002997338716e+01 8.999585817819132672e+01
-8.998126863401340358e+01 9.000989893888954896e+01
9.000974027623719564e+01 8.975079301158636724e+01
-8.993907565659453951e+01 9.003124781461707471e+01
-9.006250134561726384e+01 9.003103918027291286e+01
9.000977767781876082e+01 8.975099262552012647e+01
-3.972089712644949344e+01 6.572067335205967709e+01
-1.493466134774934915e+02 6.991782175867102467e+01
-3.973444263891980910e+01 6.572088170346846425e+01
9.000720751519601492e+01 8.999663438250607328e+01
9.000632307593512849e+01 9.001112631648810236e+01
-9.002290840059906429e+01 9.001642666662233694e+01
8.998166319959211989e+01 8.993136181807244611e+01
8.997083929877824460e+01 8.997708457157412454e+01
8.997263700572820255e+01 8.997552110076000531e+01
9.000722850481187720e+01 8.999661149482048472e+01
8.998109977632502421e+01 8.992346811988277011e+01
3.159144992040936728e+01 1.004790645726089053e+02
1.423614774953648521e+02 1.111550047762358417e+02
-8.999279248480399929e+01 9.000336561749394093e+01
-8.999367692406487151e+01 8.998887368351189764e+01
8.997709159940093571e+01 8.998357333337767727e+01
-9.001833680040789432e+01 9.006863818192755389e+01
-9.002916070122175540e+01 9.002291542842588967e+01
-9.002736299427178324e+01 9.002447889923999469e+01
-8.999277149518815122e+01 9.000338850517951528e+01
-9.001890022367497579e+01 9.007653188011725831e+01
-1.484085500795906398e+02 7.952093542739110887e+01
-3.763852250463516214e+01 6.884499522376418668e+01
-8.999368284413533559e+01 8.998642584167966163e+01
8.997815332645416220e+01 9.002065819051900064e+01
9.000254403409030601e+01 8.999648137284481209e+01
8.998924899249711018e+01 9.000532785356431020e+01
-9.005192530008983454e+01 8.995307888493434234e+01
-9.002109219140560015e+01 8.999228329824786954e+01
3.703700011629940292e+01 1.147027230389220733e+02
9.000631715586467863e+01 9.001357415832032416e+01
-9.002184667354583780e+01 8.997934180948101357e+01
-8.999745596590969399e+01 9.000351862715517370e+01
-9.001075100750291824e+01 8.999467214643570401e+01
8.994807469991017967e+01 9.004692111506567187e+01
8.997890780859439985e+01 9.000771670175213046e+01
-1.429629998837006042e+02 6.529727696107792667e+01
-8.999013816680363220e+01 9.001034392583868282e+01
-9.001001000651393724e+01 9.000266430795372230e+01
9.000029452748940173e+01 9.000151235463917487e+01
9.000421669758040366e+01 8.999876195022622483e+01
8.987291076434289039e+01 8.999809633099594919e+01
8.997933301636381032e+01 9.001310017025681987e+01
9.000986183319636780e+01 8.998965607416133139e+01
8.998998999348607697e+01 8.999733569204629191e+01
-8.999970547251059827e+01 8.999848764536082513e+01
-8.999578330241962476e+01 9.000123804977377517e+01
-9.012708923565713803e+01 9.000190366900407923e+01
-9.002066698363618968e+01 8.998689982974318013e+01
-8.998027727638176998e+01 9.001417080802023918e+01
-9.000039250079349529e+01 9.000444550351363660e+01
-9.000775108334050856e+01 8.999483950507790553e+01
-9.000332596767754012e+01 8.999783156311863763e+01
8.983532842681783848e+01 8.997915144471524229e+01
-8.998594976093997388e+01 8.998908320030722052e+01
9.001972272361821581e+01 8.998582919197976082e+01
8.999960749920651892e+01 8.999555449648636340e+01
8.999224891665949144e+01 9.000516049492209447e+01
8.999667403232245988e+01 9.000216843688136237e+01
-9.016467157318217573e+01 9.002084855528475771e+01
9.001405023906002612e+01 9.001091679969277948e+01
9.002892708587619097e+01 8.999207092658349438e+01
9.001377696256206207e+01 8.999589266885992345e+01
9.000905423848188036e+01 8.999631256856388006e+01
9.000595759315699240e+01 9.000112296292905967e+01
8.984350782403701885e+01 8.998167331219912057e+01
-8.999249255290459359e+01 8.998739414256182556e+01
-8.997107291412380903e+01 9.000792907341649141e+01
-8.998622303743795214e+01 9.000410733114007655e+01
-8.999094576151810543e+01 9.000368743143611994e+01
-8.999404240684300760e+01 8.999887703707094033e+01
-9.015649217596298115e+01 9.001832668780086522e+01
9.000750744709542062e+01 9.001260585743817444e+01
-8.997285705551509238e+01 9.001217583565328084e+01
-9.000972577683224074e+01 9.000736579786375557e+01
9.000464863090648748e+01 9.000373669819012434e+01
9.000053960134874842e+01 8.999807110708196944e+01
8.983088552977754659e+01 8.998599471864440602e+01
8.998737214175979204e+01 9.000507421036712685e+01
9.002714294448492183e+01 8.998782416434673337e+01
8.999027422316775926e+01 8.999263420213624443e+01
-8.999535136909351252e+01 8.999626330180987566e+01
-8.999946039865126579e+01 9.000192889291804477e+01
-9.016911447022246762e+01 9.001400528135562240e+01
-9.001262785824023638e+01 8.999492578963288736e+01
9.003589740659080576e+01 8.999449928567125312e+01
9.000246668333048206e+01 9.001239419902609029e+01
-9.000615370381974856e+01 9.000205612919427267e+01
9.000517214386962905e+01 8.999889489351586747e+01
8.983416366913719742e+01 8.998319371542729073e+01
9.001121424894849099e+01 9.002253728640307884e+01
-8.996410259340919424e+01 9.000550071432874688e+01
-8.999753331666951794e+01 8.998760580097389550e+01
8.999384629618026565e+01 8.999794387080572733e+01
-8.999482785613037095e+01 9.000110510648414675e+01
-9.016583633086281679e+01 9.001680628457272348e+01
-8.998878575105150901e+01 8.997746271359692116e+01
9.002933629792828185e+01 8.998322022717869118e+01
-9.001962907737514286e+01 9.001229320015393398e+01
-9.000304315033149294e+01 9.000409433788961167e+01
-9.000287681506638648e+01 9.000144873135739942e+01
8.985395607763859971e+01 8.997403909471583461e+01
-8.998106348825426437e+01 8.998697274179080807e+01
-8.997066370207171815e+01 9.001677977282133725e+01
8.998037092262487135e+01 8.998770679984606602e+01
8.999695684966853548e+01 8.999590566211038833e+01
8.999712318493361352e+01 8.999855126864260058e+01
-9.014604392236140029e+01 9.002596090528417960e+01
9.001893651174573563e+01 9.001302725820919193e+01
9.002905810046416946e+01 8.999969549421462034e+01
9.001233172673128990e+01 8.999823442089473247e+01
-9.000236787107424163e+01 8.999714872712375779e+01
9.001177451507093963e+01 9.000402454216529691e+01
8.984595854206668264e+01 8.998114412150370356e+01
9.001968734432583119e+01 9.001501389016898713e+01
-8.997094189953584475e+01 9.000030450578540808e+01
-8.998766827326872431e+01 9.000176557910529596e+01
8.999763212892578679e+01 9.000285127287624221e+01
-8.998822548492906037e+01 8.999597545783471730e+01
-9.015404145793331736e+01 9.001885587849629644e+01
-8.998031265567416881e+01 8.998498610983099866e+01
-8.997319169605933098e+01 9.000622994517907216e+01
-9.000467545283871118e+01 8.998622315926527904e+01
-9.000939225553052836e+01 9.000171111455496487e+01
-9.000460053354649403e+01 8.999424025318613474e+01
8.990237316260217426e+01 8.997197787965606608e+01
-8.998391301830989164e+01 8.998549150901791904e+01
9.002680830394068323e+01 8.999377005482094205e+01
8.999532454716127461e+01 9.001377684073473517e+01
8.999060774446950006e+01 8.999828888544504935e+01
8.999539946645352018e+01 9.000575974681386526e+01
-9.009762683739783995e+01 9.002802212034393392e+01
9.001608698169010836e+01 9.001450849098208096e+01
9.003883343491273195e+01 8.999954028327601918e+01
9.000631745808800588e+01 9.000109971004860654e+01
9.001045924660482456e+01 8.999946783142897289e+01
8.989797096377972707e+01 8.998708710936735145e+01
-8.999554829879251372e+01 8.977933741006735602e+01
-8.997823710848355461e+01 8.997716792386277973e+01
-8.999554764829774456e+01 8.977933278104519843e+01
1.021115954322072099e+02 5.381022693867858209e+01
1.021063573032330680e+02 5.380790846736201871e+01
-1.435085959074347670e+02 6.763081490437302534e+01
-8.996116656508726805e+01 9.000045971672398082e+01
-8.999368254191200833e+01 8.999890028995139346e+01
-8.998954075339518965e+01 9.000053216857104132e+01
-9.010202903622028714e+01 9.001291289063264855e+01
9.000445170120748628e+01 9.022066258993267240e+01
9.002176289151645960e+01 9.002283207613723448e+01
9.000445235170225544e+01 9.022066721895481578e+01
-7.788840456779279009e+01 1.261897730613214037e+02
-7.789364269676694619e+01 1.261920915326379884e+02
3.649140409256525430e+01 1.123691850956270031e+02
-9.000958738156222694e+01 9.000315733961497244e+01
9.001051922572032993e+01 8.993083284329675564e+01
8.997879991066552918e+01 8.983839595946400891e+01
-9.000130947920732183e+01 9.000013648906124786e+01
9.000115449279861934e+01 9.000238197598963552e+01
-8.996293583754902556e+01 8.997407751018479871e+01
-9.000958803649152173e+01 9.000315653678808303e+01
9.001051916595807256e+01 8.993082561914596340e+01
8.997879961508331803e+01 8.983840384160903625e+01
8.999041261843777306e+01 8.999684266038504177e+01
-8.998948077427965586e+01 9.006916715670324436e+01
-9.002120008933448503e+01 9.016160404053599109e+01
8.999869052079267817e+01 8.999986351093876635e+01
-8.999884550720140908e+01 8.999761802401036448e+01
9.003706416245097444e+01 9.002592248981521550e+01
8.999041196350849248e+01 8.999684346321193118e+01
-8.998948083404195586e+01 9.006917438085406502e+01
-9.002120038491671039e+01 9.016159615839096375e+01
-9.001425689324294410e+01 8.999038541767173172e+01
-8.998937175667266786e+01 8.999604788647887688e+01
9.000874082183804603e+01 8.999415903303093955e+01
9.000393484116855802e+01 8.999498814623758847e+01
9.000714627980623561e+01 9.004447046394425058e+01
9.003558980226901554e+01 9.000353229407139111e+01
8.998574310675705590e+01 9.000961458232828249e+01
9.001062824332734635e+01 9.000395211352115155e+01
-8.999125917816198239e+01 9.000584096696908887e+01
-8.999606515883147040e+01 9.000501185376242574e+01
-8.999285372019376439e+01 8.995552953605574942e+01
-8.996441019773097025e+01 8.999646770592862310e+01
9.001885865939472353e+01 9.000983508231871610e+01
8.999669389296198574e+01 9.000684914913246359e+01
9.002259835328607096e+01 8.999426658662930834e+01
9.000444498079697553e+01 9.000211181005492733e+01
9.004071241042380791e+01 9.005616477306783452e+01
9.004052963103140428e+01 8.999893938398393800e+01
-8.998114134060529068e+01 8.999016491768128390e+01
-9.000330610703800005e+01 8.999315085086752219e+01
-8.997740164671394325e+01 9.000573341337069166e+01
-8.999555501920301026e+01 8.999788818994508688e+01
-8.995928758957619209e+01 8.994383522693215127e+01
-8.995947036896860993e+01 9.000106061601606200e+01
-9.001451774266512018e+01 8.999303139574782051e+01
9.000263058603096056e+01 8.999612350914941317e+01
8.999183796984407024e+01 8.999445303189706635e+01
9.000125578656621883e+01 8.999836759441022593e+01
9.001104285132603877e+01 9.005447390352519221e+01
9.002781994296759649e+01 9.000291162908021647e+01
8.998548225733487982e+01 9.000696860425217949e+01
-8.999736941396903944e+01 9.000387649085058683e+01
-9.000816203015594397e+01 9.000554696810294786e+01
-8.999874421343378117e+01 9.000163240558977407e+01
-8.998895714867396123e+01 8.994552609647479358e+01
-8.997218005703243193e+01 8.999708837091979774e+01
-9.001419869467677870e+01 8.999594632996812038e+01
-9.000555647977107299e+01 8.999808760657306550e+01
-9.000015036254643519e+01 9.000319244492180815e+01
9.001152470735902966e+01 9.000279735930313052e+01
9.004064671761298655e+01 9.004176601662189228e+01
9.005175391090540415e+01 9.001254499736957371e+01
8.998580130532323551e+01 9.000405367003186541e+01
8.999444352022894122e+01 9.000191239342693450e+01
8.999984963745357902e+01 8.999680755507820606e+01
-8.998847529264097034e+01 8.999720264069688369e+01
-8.995935328238701345e+01 8.995823398337812193e+01
-8.994824608909459585e+01 8.998745500263042629e+01
9.000348950411114402e+01 9.000991631016100314e+01
-9.000162793970888231e+01 9.000028651240732813e+01
8.999899756178261612e+01 9.000077350454149894e+01
-9.000183143903882410e+01 8.999763147857679257e+01
8.998655076598221569e+01 8.992842272140815396e+01
9.000180058716104270e+01 8.999585215147098438e+01
1.417899809899829222e+02 1.093811261816636033e+02
1.581728352240573372e+02 1.184221058618956590e+02
-8.999651049588884177e+01 8.999008368983902528e+01
8.999837206029113190e+01 8.999971348759267187e+01
-9.000100243821738388e+01 8.999922649545850106e+01
8.999816856096117590e+01 9.000236852142322164e+01
-9.001344923401777010e+01 9.007157727859184604e+01
-8.999819941283898572e+01 9.000414784852904404e+01
-3.821001901001709200e+01 7.061887381833639665e+01
-2.182716477594266635e+01 6.157789413810435519e+01
-9.000119280545428069e+01 8.999344032943371019e+01
8.998184183288942961e+01 8.999843582874079573e+01
-8.999760369818812933e+01 9.001545157206200543e+01
9.001132279102081668e+01 8.999137561052981482e+01
9.001407765498424851e+01 8.991088868790637889e+01
9.002479159368039063e+01 8.999792476321567847e+01
1.431617451672629215e+02 1.147360227220332405e+02
1.431620643725057676e+02 1.147378719098341122e+02
1.519351679859193780e+02 1.180905767672320366e+02
-1.726464745215931273e+01 6.456174931564990516e+01
8.999880719454571931e+01 9.000655967056630402e+01
-9.001815816711058460e+01 9.000156417125921848e+01
9.000239630181188488e+01 8.998454842793799457e+01
-8.998867720897919753e+01 9.000862438947021360e+01
-8.998592234501575149e+01 9.008911131209363532e+01
-8.997520840631960937e+01 9.000207523678430732e+01
-3.683825483273709267e+01 6.526397727796675952e+01
-3.683793562749422534e+01 6.526212809016590199e+01
-2.806483201408062911e+01 6.190942323276797765e+01
1.627353525478406766e+02 1.154382506843500948e+02
9.001042301353861319e+01 9.000222626847542529e+01
-9.000261948288792269e+01 9.000046914907409246e+01
8.999633636763576305e+01 9.000199926412811635e+01
-8.999744473724781813e+01 8.999536168129185398e+01
8.996024199966765877e+01 9.003911216697127884e+01
-9.002853409548156094e+01 9.000434392360136826e+01
-8.998957698646140102e+01 8.999777373152460314e+01
8.999738051711207731e+01 8.999953085092590754e+01
-9.000366363236423695e+01 8.999800073587188365e+01
9.000255526275216766e+01 9.000463831870813181e+01
-9.003975800033235544e+01 8.996088783302873537e+01
8.997146590451846748e+01 8.999565607639864595e+01
-8.998525583165921660e+01 8.999638964121930940e+01
-9.003333135430467848e+01 9.000860005831060562e+01
8.998576042519115958e+01 9.000107474168895294e+01
-8.999031025341361101e+01 8.999768809584740836e+01
8.991035230609746520e+01 9.001856466876562024e+01
-9.000939977817843385e+01 9.000852475322588475e+01
9.001474416834078340e+01 9.000361035878070481e+01
8.996666864569530730e+01 8.999139994168939438e+01
-9.001423957480882621e+01 8.999892525831106127e+01
9.000968974658637478e+01 9.000231190415257743e+01
-9.008964769390254901e+01 8.998143533123437976e+01
8.999060022182155194e+01 8.999147524677412946e+01
9.003152970841274794e+01 9.000349642649689486e+01
-9.000543267535474001e+01 9.001153254979244878e+01
8.998137574705255304e+01 9.001391685630333939e+01
-9.000492178912567454e+01 8.999488262913423853e+01
8.978395001112551199e+01 9.003550470080003265e+01
-9.000598969006429684e+01 9.001184955068329430e+01
-8.996847029158725206e+01 8.999650357350311936e+01
8.999456732464527420e+01 8.998846745020757965e+01
-9.001862425294743275e+01 8.998608314369668904e+01
8.999507821087433967e+01 9.000511737086576147e+01
-9.021604998887448801e+01 8.996449529919998156e+01
8.999401030993571737e+01 8.998815044931671991e+01
9.002197169603981308e+01 9.000707509689320318e+01
8.996872551700438692e+01 8.999753082707017882e+01
8.998280095650819987e+01 9.001138840094942850e+01
-9.000978114953196041e+01 8.999253100238071568e+01
8.988419505860264280e+01 9.004266466606044617e+01
-9.000720506427008161e+01 9.000937281224726405e+01
-8.997802830396021534e+01 8.999292490310681103e+01
-9.003127448299561308e+01 9.000246917292983539e+01
-9.001719904349182855e+01 8.998861159905058571e+01
8.999021885046805380e+01 9.000746899761928432e+01
-9.011580494139735720e+01 8.995733533393955383e+01
8.999279493572993260e+01 8.999062718775275016e+01
9.000575806132054879e+01 9.000820222505146262e+01
-9.003973397111359134e+01 9.000814793192648722e+01
8.998575204145116402e+01 9.000752597477311667e+01
-9.001572357607948049e+01 8.999608031305663758e+01
8.983024795131986195e+01 9.005712299320009606e+01
-9.001209785448520506e+01 9.000598770019405492e+01
-1.411802838692795774e+02 6.852178645443962068e+01
-8.999424193867946542e+01 8.999179777494852317e+01
8.996026602888642287e+01 8.999185206807351278e+01
-9.001424795854883598e+01 8.999247402522689754e+01
8.998427642392051951e+01 9.000391968694337663e+01
-9.016975204868013805e+01 8.994287700679991815e+01
8.998790214551479494e+01 8.999401229980595929e+01
3.881971613072042260e+01 1.114782135455603793e+02
9.002548409703064181e+01 9.000760377085643427e+01
-9.003418977722702721e+01 9.000020041392970427e+01
-8.998897116520774375e+01 8.998713935216304094e+01
-9.000449453260546306e+01 8.999190699318616282e+01
8.990837363672807214e+01 9.004077556019369410e+01
9.000715893308975524e+01 8.999493682181534382e+01
-1.423868921949961077e+02 6.783812351937142182e+01
-1.423879249937448890e+02 6.783599080791893243e+01
-8.997451590296938662e+01 8.999239622914357994e+01
8.996581022277300121e+01 8.999979958607029573e+01
9.001102883479228467e+01 9.001286064783695906e+01
8.999550546739452273e+01 9.000809300681383718e+01
-9.009162636327194207e+01 8.995922443980633432e+01
-8.999284106691023055e+01 9.000506317818467039e+01
3.761310780500388518e+01 1.121618764806285782e+02
3.761207500625513944e+01 1.121640091920810818e+02
9.002436140267998610e+01 9.001547123208564471e+01
-9.003687690349640604e+01 8.999479684149977743e+01
-8.999388322604372092e+01 8.998144195934264644e+01
8.998771728556317839e+01 9.000959427329475204e+01
8.994728082613552544e+01 9.002850546892257455e+01
9.001658398945542672e+01 8.999218330048675796e+01
3.446643375083237260e+01 1.113183193891869252e+02
3.446338276091884012e+01 1.113187849710966333e+02
-8.997563859732002811e+01 8.998452876791436950e+01
8.996312309650357975e+01 9.000520315850022257e+01
9.000611677395629329e+01 9.001855804065738198e+01
-9.001228271443683582e+01 8.999040572670526217e+01
-9.005271917386448877e+01 8.997149453107741124e+01
-8.998341601054455907e+01 9.000781669951324204e+01
-1.455335662491676487e+02 6.868168061081308906e+01
-1.455366172390811528e+02 6.868121502890336671e+01
9.004069374901600042e+01 9.000413583376732163e+01
9.001644347482162800e+01 8.998852390065833617e+01
-8.998668969436847931e+01 8.998968905260763052e+01
9.000858586620486790e+01 8.999980269582073333e+01
8.987117751346197281e+01 8.999207861311141698e+01
9.002484130861613210e+01 8.998974518557812985e+01
-1.404852426857013938e+02 6.904713745639378430e+01
3.955756832326308370e+01 1.101329797095952898e+02
-1.404840432739271137e+02 6.904734116492684848e+01
-8.995930625098399958e+01 8.999586416623269258e+01
-8.998355652517838621e+01 9.001147609934166383e+01
9.001331030563154911e+01 9.001031094739238370e+01
-8.999141413379513210e+01 9.000019730417928088e+01
-9.012882248653801298e+01 9.000792138688858302e+01
-8.997515869138386790e+01 9.001025481442185594e+01
3.951475731429861327e+01 1.109528625436062299e+02
-1.404424316767369305e+02 6.986702029040469597e+01
3.951595672607288634e+01 1.109526588350731657e+02
8.998281708985490468e+01 8.999591776412229649e+01
-9.003274199419490742e+01 8.999937044908014627e+01
9.001037827429362892e+01 8.999712595369352641e+01
-9.000662527658202805e+01 8.999689332361471372e+01
-8.992978508667813742e+01 8.998500564634684906e+01
8.998745421298909264e+01 8.998771418768554042e+01
-9.001718291014509532e+01 9.000408223587771772e+01
8.996725800580509258e+01 9.000062955091986794e+01
-8.998962172570638529e+01 9.000287404630647359e+01
8.999337472341798616e+01 9.000310667638531470e+01
9.007021491332186258e+01 9.001499435365316515e+01
-9.001254578701089315e+01 9.001228581231447379e+01
9.000361532294724043e+01 8.999263273091619908e+01
-9.002159590972368619e+01 8.998679949671227973e+01
8.999172048692146575e+01 8.999859435902682492e+01
9.000710632425411006e+01 9.000308256849717736e+01
-9.012745654239783732e+01 8.997030623546723405e+01
-8.999767209785406408e+01 8.988293323016399938e+01
-8.999767228482146209e+01 8.988292302523412047e+01
-1.541709135487454034e+02 2.376381842939266420e+01
-8.999638467705278799e+01 9.000736726908382934e+01
8.997840409027632802e+01 9.001320050328770606e+01
-9.000827951307853425e+01 9.000140564097320350e+01
-8.999289367574588994e+01 8.999691743150282264e+01
8.987254345760217689e+01 9.002969376453278016e+01
9.000232790214593592e+01 9.011706676983601483e+01
9.000232771517853791e+01 9.011707697476586532e+01
2.582908645125458236e+01 1.562361815706073571e+02
9.000918494864258435e+01 8.974839751243868591e+01
-9.003719844785250359e+01 8.999269179377026262e+01
9.001186683883207706e+01 8.999680625478484330e+01
9.000740911473219796e+01 9.000464593782189127e+01
-9.012335307452073607e+01 8.995056397062397480e+01
-8.999392836296216558e+01 8.989599749737054424e+01
9.001164928026986445e+01 8.973962863759892628e+01
-8.999392835564874815e+01 8.989598303082988195e+01
3.992651532342524234e+01 1.687765235400939616e+02
1.333899337834974119e+02 9.904342956470718207e+01
5.747953205670155086e+01 1.721941025677061816e+02
-8.999081505135744408e+01 9.025160248756131409e+01
8.996280155214749641e+01 9.000730820622973738e+01
-8.998813316116795136e+01 9.000319374521515670e+01
-8.999259088526780204e+01 8.999535406217810873e+01
8.987664692547927814e+01 9.004943602937602520e+01
9.000607163703783442e+01 9.010400250262946997e+01
-8.998835071973013555e+01 9.026037136240108794e+01
9.000607164435125185e+01 9.010401696917013226e+01
-1.400734846765747648e+02 1.122347645990606146e+01
-4.661006621650258097e+01 8.095657043529283214e+01
-1.225204679432984420e+02 7.805897432293831706e+00
-8.999733171312226432e+01 9.003334765239527826e+01
-8.999733187814092616e+01 9.003333876882580000e+01
-9.000600041721581590e+01 8.999754501986068078e+01
-8.998860836619370218e+01 9.000525162962348702e+01
-9.009153160231622337e+01 8.997498568614224723e+01
-8.999903964957366043e+01 8.994475741280807313e+01
-8.997861442198295379e+01 8.976490021894356630e+01
-8.999903519012271147e+01 8.994497212651715756e+01
-8.997861453628085826e+01 8.976489327924097950e+01
-8.999740056044822722e+01 9.003358534131274382e+01
2.631097404254034799e+01 1.241621672071110964e+02
-4.377465949046388261e+01 7.435020621252724027e+01
2.632719825363838950e+01 1.241491414217199036e+02
9.000266828687774989e+01 8.996665234760473595e+01
9.000266812185908805e+01 8.996666123117418579e+01
8.999399958278421252e+01 9.000245498013931922e+01
9.001139163380628361e+01 8.999474837037652719e+01
8.990846839768379084e+01 9.002501431385775277e+01
9.000096035042636800e+01 9.005524258719192687e+01
9.002138557801706042e+01 9.023509978105646212e+01
9.000096480987728853e+01 9.005502787348284244e+01
9.002138546371915595e+01 9.023510672075903472e+01
9.000259943955178699e+01 8.996641465868725618e+01
-1.536890259574596485e+02 5.583783279288893198e+01
1.362253405095361245e+02 1.056497937874727739e+02
-1.536728017463616425e+02 5.585085857828011768e+01
9.001766211411761276e+01 8.999721663542658234e+01
-9.001729613825291665e+01 9.000828398246464701e+01
9.000875075695458349e+01 8.999264464610475045e+01
9.000197111312384379e+01 8.999347028817805949e+01
-9.002672562789435062e+01 8.999130925507840573e+01
8.999722675784377657e+01 8.997549345499213302e+01
8.999722672381570021e+01 8.997549250309889146e+01
-2.111112485064890976e+01 1.262218254004714453e+02
7.212486597500837426e+00 5.774233551600088532e+01
-2.111820080530059229e+01 1.262228903709257679e+02
-8.998233788588238724e+01 9.000278336457340345e+01
8.998270386174709756e+01 8.999171601753538141e+01
-8.999124924304544493e+01 9.000735535389524955e+01
-8.999802888687615621e+01 9.000652971182195472e+01
8.997327437210564938e+01 9.000869074492159427e+01
-9.000277324215623764e+01 9.002450654500788119e+01
-9.000277327618432821e+01 9.002450749690112275e+01
1.588888751493511222e+02 5.377817459952854762e+01
-1.727875134024991723e+02 1.222576644839991360e+02
1.588817991946994255e+02 5.377710962907424630e+01
9.001269837874259849e+01 8.999937622345849775e+01
-9.002978004108143750e+01 9.000411815056037312e+01
9.000152365517648434e+01 8.999162499307540486e+01
9.001563257658959571e+01 8.999473851761052856e+01
-9.002668628493096037e+01 9.001666565100246942e+01
-9.002209573533914977e+01 9.000148578202816907e+01
-8.998730162125738730e+01 9.000062377654153067e+01
8.997021995891856250e+01 8.999588184943964109e+01
-8.999847634482352987e+01 9.000837500692462356e+01
-8.998436742341039007e+01 9.000526148238948565e+01
8.997331371506902542e+01 8.998333434899753058e+01
8.997790426466085023e+01 8.999851421797183093e+01
8.996535454091439021e+01 8.998444450073135670e+01
-9.004203538615760749e+01 9.001763416576471855e+01
8.998209041186723312e+01 8.998770588970103290e+01
9.000027836798888359e+01 8.998808485207300123e+01
-9.011737924939362188e+01 9.003710130607207418e+01
9.005582810896822821e+01 9.000253441099387430e+01
-9.003464545908560979e+01 9.001555549926864330e+01
8.995796461384240672e+01 8.998236583423529567e+01
-9.001790958813278110e+01 9.001229411029898131e+01
-8.999972163201113062e+01 9.001191514792699877e+01
8.988262075060637812e+01 8.996289869392792582e+01
-8.994417189103177179e+01 8.999746558900612570e+01
8.999298913438893521e+01 9.000659029086355645e+01
-9.001366341608627408e+01 9.000211492707271077e+01
-9.001674926926206410e+01 9.000888198626611825e+01
9.000017852158696030e+01 8.999195868683864319e+01
8.994130811852953400e+01 9.000141225431424630e+01
9.008886503344383812e+01 8.999856280209124293e+01
-9.000701086561106479e+01 8.999340970913644355e+01
8.998633658391371171e+01 8.999788507292731765e+01
8.998325073073793590e+01 8.999111801373388175e+01
-8.999982147841303970e+01 9.000804131316138523e+01
-9.005869188147046600e+01 8.999858774568578212e+01
-8.991113496655614767e+01 9.000143719790875707e+01
8.998583136613260081e+01 8.997430015365699774e+01
-9.001616264050544203e+01 9.000834518590455957e+01
-8.999060088035075466e+01 9.000622839504127626e+01
-9.001038669977917550e+01 9.000820304686337181e+01
8.992447380956052427e+01 8.997712552985942125e+01
9.009866621940349773e+01 8.998597872295069067e+01
8.998784816052265967e+01 8.998001284729089377e+01
-9.001416863386739919e+01 9.002569984634300226e+01
8.998383735949457218e+01 8.999165481409545464e+01
9.000939911964927376e+01 8.999377160495872374e+01
8.998961330022083871e+01 8.999179695313665661e+01
-9.007552619043947573e+01 9.002287447014059296e+01
-8.990133378059648805e+01 9.001402127704932354e+01
-9.001215183947734033e+01 9.001998715270912044e+01
8.999797419292143275e+01 8.988557919505079497e+01
9.001366838940829496e+01 8.998810934112000837e+01
-8.998673318689954215e+01 9.000904108440889217e+01
-9.000360353993070817e+01 9.001146809209589605e+01
8.994534142341392169e+01 8.997438131709836284e+01
9.007964008568066561e+01 8.998906070775592525e+01
8.999796870632225421e+01 8.988586750995747821e+01
-9.000202580707856725e+01 9.011442080494920503e+01
-8.998633161059170504e+01 9.001189065887999163e+01
9.001326681310044364e+01 8.999095891559112204e+01
8.999639646006929183e+01 8.998853190790413237e+01
-9.005465857658607831e+01 9.002561868290163716e+01
-8.992035991431933439e+01 9.001093929224408896e+01
-9.000203129367773158e+01 9.011413249004255022e+01
9.001173934390858733e+01 8.998345811084419665e+01
9.001232015571251566e+01 8.997918651594980588e+01
8.998129197354542441e+01 8.999208740735888057e+01
-9.001667006184801778e+01 9.000690215786174520e+01
8.992058897289898312e+01 8.997340597771621162e+01
9.005867315194592493e+01 8.999609834400153829e+01
-8.998826065609141267e+01 9.001654188915581756e+01
-8.998767984428749855e+01 9.002081348405019412e+01
-9.001870802645456138e+01 9.000791259264110522e+01
8.998332993815198222e+01 8.999309784213826902e+01
-9.007941102710101688e+01 9.002659402228380259e+01
-8.994132684805407507e+01 9.000390165599846171e+01
8.998794784859911999e+01 8.997602734672757663e+01
-9.000693577008243551e+01 9.003684161576641998e+01
8.999550947169396409e+01 8.998370788250599617e+01
-9.002893578539077168e+01 9.000917172744114225e+01
9.000734038262913828e+01 8.998430599896765614e+01
9.006074123022349909e+01 8.999544912036081712e+01
-9.001205215140088001e+01 9.002397265327242337e+01
8.999306422991756449e+01 8.996315838423358002e+01
-9.000449052830606433e+01 9.001629211749400383e+01
8.997106421460922832e+01 8.999082827255884354e+01
-8.999265961737086172e+01 9.001569400103235807e+01
-8.993925876977651512e+01 9.000455087963916867e+01
8.996738657871171085e+01 8.996848540124813098e+01
9.000811032773425779e+01 8.996412203561990850e+01
-9.000942419695093122e+01 9.001367378944645736e+01
-9.001719058735403678e+01 9.000867139475752765e+01
9.001914378327207089e+01 8.998802379783623451e+01
9.004554152807182277e+01 8.999013572131823935e+01
-9.003261342128830336e+01 9.003151459875186902e+01
-8.999188967226574221e+01 9.003587796438011992e+01
8.999057580304909720e+01 8.998632621055357106e+01
8.998280941264597743e+01 8.999132860524247235e+01
-8.998085621672792911e+01 9.001197620216377970e+01
-8.995445847192819144e+01 9.000986427868177486e+01
-8.999534545048602752e+01 9.001887316824641516e+01
9.000956393438119107e+01 8.997089157323817687e+01
9.000796133865132731e+01 8.998834045353464717e+01
-9.000489412713174886e+01 9.000601842865886226e+01
9.000980157685981453e+01 8.998853091865356646e+01
9.003824746470623097e+01 9.000256095800246214e+01
9.000465454951398669e+01 8.998112683175359905e+01
-8.999043606561880893e+01 9.002910842676182313e+01
-8.999203866134867269e+01 9.001165954646536704e+01
8.999510587286823693e+01 8.999398157134115195e+01
-8.999019842314019968e+01 9.001146908134643354e+01
-8.996175253529376903e+01 8.999743904199753786e+01
8.998516341811649966e+01 8.999187364581698034e+01
8.998447429494090954e+01 8.999314772502648907e+01
-9.000520593971434380e+01 8.999600198648127503e+01
-9.005098189788053276e+01 8.998377860532684736e+01
9.001514517981924257e+01 9.000444560268543626e+01
9.006499991967375252e+01 9.000666023027041263e+01
-9.001483658188350034e+01 9.000812635418301966e+01
-9.001552570505911888e+01 9.000685227497351093e+01
8.999479406028567041e+01 9.000399801351875340e+01
8.994901810211949567e+01 9.001622139467315264e+01
-8.998485482018075743e+01 8.999555439731457795e+01
-8.993500008032627591e+01 8.999333976972958737e+01
8.999370912954512391e+01 8.997857441633014730e+01
-9.002763699472018288e+01 9.000240049962816613e+01
8.995841525518346771e+01 8.998929954723625713e+01
-9.005468227742419174e+01 8.998647533295954304e+01
9.006283687359373857e+01 8.999002449999849773e+01
9.005978613344362316e+01 9.000058893489352840e+01
-9.000629087045487609e+01 9.002142558366986691e+01
8.997236300527981712e+01 8.999759950037184808e+01
-9.004158474481653229e+01 9.001070045276377130e+01
8.994531772257580826e+01 9.001352466704045696e+01
-8.993716312640627564e+01 9.000997550000151648e+01
-8.994021386655637684e+01 8.999941106510648581e+01
8.998622286218255795e+01 8.999068326395237705e+01
-9.002992428892873988e+01 8.999927298059864711e+01
9.000510033282513689e+01 9.000489920446051428e+01
-9.000792939397774717e+01 8.999770998706355840e+01
9.008613974578932471e+01 9.000519712531040284e+01
9.007072428500002559e+01 9.001050311146403260e+01
8.998622210834660962e+01 8.999070322622549156e+01
3.518876188423999452e+01 1.147654984370021651e+02
3.519984853464838892e+01 1.147682375043787744e+02
-9.001377713781747048e+01 9.000931673604762295e+01
8.997007571107127433e+01 9.000072701940135289e+01
-8.999489966717486311e+01 8.999510079553949993e+01
8.999207060602226704e+01 9.000229001293642739e+01
-8.991386025421068950e+01 8.999480287468962558e+01
-8.992927571499998862e+01 8.998949688853596740e+01
-9.001377789165341881e+01 9.000929677377452265e+01
-1.448112381157600055e+02 6.523450156299786329e+01
-1.448001514653516324e+02 6.523176249562122564e+01
8.999121693069794503e+01 8.997506451607176814e+01
-9.002599098576594372e+01 9.000637982357356748e+01
-9.002025597808099633e+01 8.999765491863260536e+01
-9.001450744240024449e+01 8.990220547448184618e+01
9.005704973017626003e+01 8.997511384140604207e+01
9.008755836881744017e+01 9.000601738874118496e+01
-9.001450634379129667e+01 8.990334116512097751e+01
3.201294801853313032e+01 1.153152277353288611e+02
3.200296953827398028e+01 1.153104207460456223e+02
-9.000878306930206918e+01 9.002493548392824607e+01
8.997400901423408470e+01 8.999362017642643252e+01
8.997974402191901788e+01 9.000234508136740885e+01
8.998549255759975551e+01 9.009779452551815382e+01
-8.994295026982376839e+01 9.002488615859395793e+01
-8.991244163118257404e+01 8.999398261125882925e+01
8.998549365620870333e+01 9.009665883487902249e+01
-1.479870519814668910e+02 6.468477226467115315e+01
-1.479970304617260410e+02 6.468957925395437769e+01
-8.999437441422067252e+01 8.991817080550035257e+01
8.997829523358335280e+01 8.999367529200796412e+01
-9.000709809968478226e+01 9.000094323009190589e+01
-9.003972763296528115e+01 8.981427942811095022e+01
9.000124958236708039e+01 8.995437540690956268e+01
9.004980952192792643e+01 9.000121036397213459e+01
-8.999463528183633798e+01 8.992392569357733123e+01
-9.003892656488112323e+01 8.981281741171879673e+01
-1.415583890851471267e+02 6.607616134782759332e+01
3.958943222244700877e+01 1.082602438868903789e+02
-1.415622605820382489e+02 6.607854207579485717e+01
9.000562558577932748e+01 9.008182919449964743e+01
-9.002170476641663299e+01 9.000632470799205009e+01
8.999290190031521774e+01 8.999905676990809411e+01
8.996027236703471885e+01 9.018572057188904978e+01
-8.999875041763291961e+01 9.004562459309043732e+01
-8.995019047807205936e+01 8.999878963602789383e+01
9.000536471816367623e+01 9.007607430642266877e+01
8.996107343511890519e+01 9.018718258828123169e+01
3.844161091485286619e+01 1.139238386521724067e+02
-1.404105677775529841e+02 7.173975611310960687e+01
3.843773941796175819e+01 1.139214579242051428e+02
-9.000770486930937864e+01 9.001327373787441388e+01
8.999393103707103592e+01 8.990939310527947725e+01
-8.999317544575690420e+01 8.970687736705502857e+01
-9.008027063833063153e+01 8.956958938726309327e+01
9.005732469388604500e+01 8.997012043459739061e+01
9.001828297863114869e+01 8.999698386591938970e+01
8.999515548389082653e+01 8.991735570096868457e+01
-8.999396492313479712e+01 8.970214405988414796e+01
-9.008026911271443282e+01 8.956957842071001608e+01
6.396219348785356829e+01 1.119309206245271042e+02
-1.416490425137156706e+02 6.495115365803007990e+01
6.398886537055442858e+01 1.119178962262104022e+02
-1.416386355670587704e+02 6.494520721588824586e+01
8.999229513069063557e+01 8.998672626212558612e+01
-9.000606896292897829e+01 9.009060689472053696e+01
9.000682455424311001e+01 9.029312263294495722e+01
8.991972936166936847e+01 9.043041061273690673e+01
-8.994267530611396921e+01 9.002987956540262360e+01
-8.998171702136883709e+01 9.000301613408061030e+01
-9.000484451610917347e+01 9.008264429903132964e+01
9.000603507686520288e+01 9.029785594011585204e+01
8.991973088728558139e+01 9.043042157928996971e+01
-1.160378065121464317e+02 6.806907937547289578e+01
3.835095748628435075e+01 1.150488463419699201e+02
-1.160111346294455785e+02 6.808210377378959777e+01
3.836136443294124376e+01 1.150547927841117541e+02
-9.001643415996315412e+01 9.000124369117257572e+01
9.002983311617396112e+01 9.001646447739398127e+01
-9.002670255490858153e+01 8.999993264138159077e+01
9.008659123949142611e+01 9.000095706648090754e+01
-9.016471046016336288e+01 8.998512262499113490e+01
9.000831532739542240e+01 9.000369131074980089e+01
8.998356584003686010e+01 8.999875630882743849e+01
-8.997016688382603888e+01 8.998353552260601873e+01
8.997329744509144689e+01 9.000006735861840923e+01
-8.991340876050857389e+01 8.999904293351907825e+01
8.983528953983665133e+01 9.001487737500889352e+01
-8.999168467260456339e+01 8.999630868925018490e+01
-9.000681286655724023e+01 9.001252237438163206e+01
9.002758621103787107e+01 9.000506375432422601e+01
-9.002659138646249914e+01 9.000944928824388569e+01
-9.000273843010876362e+01 9.000325806473982482e+01
-9.024859458189568784e+01 9.002032801033729470e+01
9.002827308300506104e+01 9.000303540297952054e+01
8.999318713344274556e+01 8.998747762561838215e+01
-8.997241378896212893e+01 8.999493624567577399e+01
8.997340861353748664e+01 8.999055071175611431e+01
8.999726156989125059e+01 8.999674193526017518e+01
8.975140541810431216e+01 8.997967198966271951e+01
-8.997172691699495317e+01 8.999696459702050788e+01
-9.000480903751490303e+01 9.001252133910114139e+01
9.003046715982857506e+01 8.999845444944602946e+01
-9.002379673925791792e+01 9.000750661122083329e+01
9.006181778640042523e+01 9.000976834647501335e+01
-9.032439389619491976e+01 9.003054049603716180e+01
9.005240975112664614e+01 8.999948449103528958e+01
8.999519096248509697e+01 8.998747866089885861e+01
-8.996953284017142494e+01 9.000154555055398475e+01
8.997620326074208208e+01 8.999249338877919513e+01
-8.993818221359960319e+01 8.999023165352501508e+01
8.967560610380508024e+01 8.996945950396286662e+01
-8.994759024887336807e+01 9.000051550896472463e+01
9.002284289645872661e+01 8.999757098084521090e+01
9.001653125001365652e+01 9.000424846415964453e+01
-9.001138358189210464e+01 9.000115562829032001e+01
9.002385337756560091e+01 9.000439145884799075e+01
8.971445219933903559e+01 8.997994926475963950e+01
9.001969674386478459e+01 9.000226807521711692e+01
-8.997715710354128760e+01 9.000242901915478910e+01
-8.998346874998635769e+01 8.999575153584036968e+01
8.998861641810792378e+01 8.999884437170969420e+01
-8.997614662243442751e+01 8.999560854115203767e+01
-9.028554780066096441e+01 9.002005073524037471e+01
-8.998030325613522962e+01 8.999773192478289729e+01
9.001888597507441148e+01 8.999711656886231026e+01
9.001050114704855787e+01 9.000333330770759233e+01
-9.001084504645740481e+01 9.000211121925140390e+01
8.964647956249281435e+01 8.997273219477423822e+01
-8.997083652502941220e+01 9.013287122294698861e+01
-9.000804642446030357e+01 8.999330155181505120e+01
-8.999478650415071002e+01 9.011196533169065503e+01
-8.997083677224300402e+01 9.013286790435495277e+01
1.534932381878566900e+02 1.183036336056919424e+02
1.534932449196572861e+02 1.183036284107665921e+02
-8.998111402492560273e+01 9.000288343113770395e+01
-8.998949885295147055e+01 8.999666669229242189e+01
8.998915495354260941e+01 8.999788878074862453e+01
-9.035352043750718565e+01 9.002726780522577599e+01
9.002916347497058780e+01 8.986712877705303981e+01
8.999195357553971064e+01 9.000669844818496301e+01
9.000521349584928998e+01 8.988803466830934497e+01
9.002916322775698177e+01 8.986713209564507565e+01
-2.650676181214332772e+01 6.169636639430806468e+01
-2.650675508034271388e+01 6.169637158923341502e+01
9.002444996739117755e+01 8.999457812813353996e+01
9.002015680713722645e+01 9.000343298949178461e+01
-9.000271558109308501e+01 9.000499040295555631e+01
8.967131689549057683e+01 8.996860508058098560e+01
-8.998450382134539893e+01 9.032619871722799587e+01
-9.001563309988536332e+01 8.999987053424584360e+01
-8.999489091138616459e+01 9.000778154379744933e+01
-8.998450466072937104e+01 9.032621125256677885e+01
1.515759200328960787e+02 1.178392108835861478e+02
1.515759183231490113e+02 1.178392142302669328e+02
-8.997555003260882245e+01 9.000542187186646004e+01
-8.997984319286277355e+01 8.999656701050824381e+01
8.999728441890692920e+01 8.999500959704445791e+01
-9.032868310450943738e+01 9.003139491941901440e+01
9.001549617865461528e+01 8.967380128277200413e+01
8.998436690011466510e+01 9.000012946575415640e+01
9.000510908861382120e+01 8.999221845620256488e+01
9.001549533927064317e+01 8.967378874743322115e+01
-2.842407996710392837e+01 6.216078911641385218e+01
-2.842408167685102072e+01 6.216078576973307435e+01
9.000852011857371338e+01 8.999482747548896100e+01
9.005205046241746913e+01 9.000513241819754739e+01
-9.001895413819246983e+01 8.999759695317634112e+01
8.967035789370805787e+01 8.998878429425118952e+01
-9.000113618400337145e+01 8.989556565202754257e+01
-9.002428062049678203e+01 8.999774435275953977e+01
8.999535973780530185e+01 9.005138960410702964e+01
-9.000113618271701910e+01 8.989556568493267719e+01
1.433757114664361438e+02 1.161354572955230395e+02
1.433757154403272409e+02 1.161354529658608357e+02
-8.999147988142628662e+01 9.000517252451105321e+01
-8.994794953758253087e+01 8.999486758180246682e+01
8.998104586180754438e+01 9.000240304682367309e+01
-9.032964210629195634e+01 9.001121570574881048e+01
8.999886381599665697e+01 9.010443434797245743e+01
8.997571937950321797e+01 9.000225564724046023e+01
-9.000464026219472657e+01 8.994861039589297036e+01
8.999886381728299511e+01 9.010443431506730860e+01
-3.662428853356384906e+01 6.386454270447696757e+01
-3.662428455967274488e+01 6.386454703413918566e+01
-9.000454486162507806e+01 8.999942080692760271e+01
9.005493832591990611e+01 8.999667428922164447e+01
9.002855397901278423e+01 8.999928793310067476e+01
8.971096287138429659e+01 8.999874259980775548e+01
-8.997810142265898037e+01 9.006600876954317414e+01
9.009910593923284239e+01 8.999401545474502484e+01
-8.997574022561244078e+01 9.005167892008631725e+01
-8.997810142301101166e+01 9.006600875413947449e+01
1.480319783444901987e+02 1.166408999066880625e+02
1.480319954328437575e+02 1.166409068463830465e+02
8.999545513837490773e+01 9.000057919307242571e+01
-8.994506167408010811e+01 9.000332571077836974e+01
-8.997144602098721577e+01 9.000071206689932524e+01
-9.028903712861571762e+01 9.000125740019223031e+01
9.002189857734100542e+01 8.993399123045682586e+01
-8.990089406076718603e+01 9.000598454525497516e+01
9.002425977438758764e+01 8.994832107991368275e+01
9.002189857698898834e+01 8.993399124586053972e+01
-3.196802165550981556e+01 6.335910009331194459e+01
-3.196800456715625316e+01 6.335909315361695349e+01
9.005631730350314967e+01 8.998625498565684211e+01
9.003980682057785145e+01 8.998920224872856011e+01
9.001881563815976506e+01 8.998448557394749514e+01
8.997252767512846106e+01 8.995353744575466237e+01
-8.997271682622259448e+01 8.966251069563178078e+01
-9.004584653051080068e+01 9.002398697622672330e+01
8.998348585268369959e+01 9.004135995289777838e+01
-1.685118316408592705e+02 1.197811284832085761e+02
-8.997271682409737537e+01 8.966251070183000138e+01
9.279684324852347288e+01 9.060272812388390662e+01
1.484744950522331806e+02 1.153511425972669144e+02
-9.783205365534051623e+01 9.462392476932393492e+01
-9.740885374358545334e+01 9.288533236927688108e+01
1.437148998270984919e+02 1.110362301115780070e+02
-1.687231076641074310e+02 1.198020589888230489e+02
9.279617514413648394e+01 9.060260560602236524e+01
-9.740885333083464559e+01 9.288533213289208845e+01
1.484526517196436259e+02 1.153521515515631535e+02
-9.782666757670641289e+01 9.462108546069778470e+01
-8.994368269649687875e+01 9.001374501434318631e+01
-8.996019317942216276e+01 9.001079775127142568e+01
-8.998118436184022073e+01 9.001551442605250486e+01
-9.002747232487153894e+01 9.004646255424533763e+01
9.002728317377739131e+01 9.033748930436823343e+01
8.995415346948919932e+01 8.997601302377329091e+01
-9.001651414731631462e+01 8.995864004710222162e+01
1.148816835914072598e+01 6.021887151679143813e+01
9.002728317590263885e+01 9.033748929817001283e+01
-8.720315675147654133e+01 8.939727187611610759e+01
-3.152550494776684431e+01 6.464885740273309978e+01
8.216794634465949798e+01 8.537607523067606508e+01
8.259114625641457508e+01 8.711466763072313313e+01
-3.628510017290152945e+01 6.896376988842199296e+01
1.127689233589256723e+01 6.019794101117695106e+01
-8.720382485586353027e+01 8.939739439397762055e+01
8.259114666916536862e+01 8.711466786710792576e+01
-3.154734828035638117e+01 6.464784844843684652e+01
8.217333242329361553e+01 8.537891453930224372e+01
