# freq power
0.000000000000000000e+00 5.978167898658831923e-25
1.000000000000000000e+00 4.364188578785505379e+05
2.000000000000000000e+00 2.499788859260210884e+05
3.000000000000000000e+00 1.172738754745954648e+05
4.000000000000000000e+00 8.601290267447668884e+04
5.000000000000000000e+00 5.177064093653784948e+04
6.000000000000000000e+00 2.771086837655066483e+04
7.000000000000000000e+00 2.396493945037001322e+04
8.000000000000000000e+00 1.497429956978387600e+04
9.000000000000000000e+00 1.368009803872459452e+04
1.000000000000000000e+01 1.037131803634416246e+04
1.100000000000000000e+01 7.266730020251239694e+03
1.200000000000000000e+01 4.267388645284523591e+03
1.300000000000000000e+01 4.554352985702505975e+03
1.400000000000000000e+01 4.798569509338216449e+03
1.500000000000000000e+01 5.135940583188470555e+03
1.600000000000000000e+01 3.382494796425593904e+03
1.700000000000000000e+01 4.421918212211271566e+03
1.800000000000000000e+01 3.995083399238142192e+03
1.900000000000000000e+01 2.411245885987399561e+03
2.000000000000000000e+01 2.213414853657420281e+03
2.100000000000000000e+01 2.413847563601259935e+03
2.200000000000000000e+01 2.295284478804947412e+03
2.300000000000000000e+01 1.545489134585678585e+03
2.400000000000000000e+01 2.055729560477958330e+03
2.500000000000000000e+01 1.382465780503754786e+03
2.600000000000000000e+01 9.641457079274545094e+02
2.700000000000000000e+01 1.446588562393565326e+03
2.800000000000000000e+01 1.368898562094006820e+03
2.900000000000000000e+01 7.794444887474152210e+02
3.000000000000000000e+01 8.752425316159194608e+02
3.100000000000000000e+01 1.110675857839305081e+03
3.200000000000000000e+01 1.278356057444413409e+03
3.300000000000000000e+01 8.703475767208905154e+02
3.400000000000000000e+01 8.768538125849262315e+02
3.500000000000000000e+01 5.807367649724012608e+02
3.600000000000000000e+01 9.955832961487664079e+02
3.700000000000000000e+01 6.905729971472311490e+02
3.800000000000000000e+01 9.059971105770470103e+02
3.900000000000000000e+01 6.802185917927054106e+02
4.000000000000000000e+01 4.635805067468515972e+02
4.100000000000000000e+01 7.110932003141844007e+02
4.200000000000000000e+01 7.221241975025894817e+02
4.300000000000000000e+01 6.547079302665332534e+02
4.400000000000000000e+01 4.923192869536244984e+02
4.500000000000000000e+01 5.852558773212182359e+02
4.600000000000000000e+01 5.621925102993985774e+02
4.700000000000000000e+01 6.713857663988969762e+02
4.800000000000000000e+01 5.364834152651444583e+02
4.900000000000000000e+01 3.705703515556541561e+02
5.000000000000000000e+01 4.982324367234012357e+02
5.100000000000000000e+01 5.150034561510092317e+02
5.200000000000000000e+01 5.049335821591974423e+02
5.300000000000000000e+01 4.903293555546245557e+02
5.400000000000000000e+01 4.252059361028659623e+02
5.500000000000000000e+01 2.364570540427792480e+02
5.600000000000000000e+01 3.657432779542701269e+02
5.700000000000000000e+01 3.269537854093802025e+02
5.800000000000000000e+01 2.430704947809272767e+02
5.900000000000000000e+01 2.781689621961421608e+02
6.000000000000000000e+01 3.156310301510977183e+02
6.100000000000000000e+01 5.203166750280880706e+02
6.200000000000000000e+01 2.798992124177951837e+02
6.300000000000000000e+01 2.127856127071175933e+02
6.400000000000000000e+01 2.041694564675992183e+02
6.500000000000000000e+01 3.396695558028058599e+02
6.600000000000000000e+01 2.570036474532155921e+02
6.700000000000000000e+01 2.233524827628559990e+02
6.800000000000000000e+01 3.574148508637126156e+02
6.900000000000000000e+01 1.356535002924679816e+02
7.000000000000000000e+01 1.651313083097816161e+02
7.100000000000000000e+01 1.968446123458018064e+02
7.200000000000000000e+01 7.509181078416688138e+01
7.300000000000000000e+01 2.090355894967612471e+02
7.400000000000000000e+01 1.584096980191285127e+02
7.500000000000000000e+01 1.076742835115363164e+02
7.600000000000000000e+01 1.742697533368004201e+02
7.700000000000000000e+01 1.802910174811959507e+02
7.800000000000000000e+01 1.512857422868399340e+02
7.900000000000000000e+01 1.597457971553125731e+02
8.000000000000000000e+01 7.840783690356416002e+01
8.100000000000000000e+01 1.414972992835217553e+02
8.200000000000000000e+01 1.520172205943021879e+02
8.300000000000000000e+01 1.103378650342901750e+02
8.400000000000000000e+01 1.094100168503657073e+02
8.500000000000000000e+01 1.505088349861046026e+02
8.600000000000000000e+01 1.018991354111370384e+02
8.700000000000000000e+01 1.238829491938290772e+02
8.800000000000000000e+01 9.580733913850922079e+01
8.900000000000000000e+01 1.598918304471660008e+02
9.000000000000000000e+01 1.153479495950198697e+02
9.100000000000000000e+01 1.266643323106681294e+02
9.200000000000000000e+01 7.702637775558120836e+01
9.300000000000000000e+01 1.029036838074066651e+02
9.400000000000000000e+01 9.109842500044261726e+01
9.500000000000000000e+01 8.045234678540181505e+01
9.600000000000000000e+01 1.023830444771475356e+02
9.700000000000000000e+01 1.313828605627025752e+02
9.800000000000000000e+01 1.004310060764211130e+02
9.900000000000000000e+01 8.567425486619451647e+01
1.000000000000000000e+02 1.257316594929248481e+02
1.010000000000000000e+02 7.832092657998086338e+01
1.020000000000000000e+02 1.341741822556247143e+02
1.030000000000000000e+02 7.944315200356125217e+01
1.040000000000000000e+02 7.022974946273768637e+01
1.050000000000000000e+02 9.357931902418793868e+01
1.060000000000000000e+02 1.024527139482254654e+02
1.070000000000000000e+02 8.495601342949339596e+01
1.080000000000000000e+02 4.772360919252248124e+01
1.090000000000000000e+02 6.189989712512898734e+01
1.100000000000000000e+02 9.930729567864742080e+01
1.110000000000000000e+02 8.220106976496839479e+01
1.120000000000000000e+02 7.931470252327665094e+01
1.130000000000000000e+02 6.408578412193440954e+01
1.140000000000000000e+02 7.079218905556862751e+01
1.150000000000000000e+02 6.424904149623561977e+01
1.160000000000000000e+02 8.272113788263810363e+01
1.170000000000000000e+02 7.270755323898872291e+01
1.180000000000000000e+02 6.732162935976042206e+01
1.190000000000000000e+02 7.681984631397625662e+01
1.200000000000000000e+02 4.944277820158038139e+01
1.210000000000000000e+02 8.745984062829462857e+01
1.220000000000000000e+02 5.928309310636434759e+01
1.230000000000000000e+02 6.191455291873614186e+01
1.240000000000000000e+02 6.156019311148440920e+01
1.250000000000000000e+02 5.393662418432636940e+01
1.260000000000000000e+02 5.655190826831839246e+01
1.270000000000000000e+02 7.159714827931306047e+01
1.280000000000000000e+02 5.798936573505044123e+01
1.290000000000000000e+02 6.462069230606222447e+01
1.300000000000000000e+02 5.239870590335952016e+01
1.310000000000000000e+02 6.122271912207901323e+01
1.320000000000000000e+02 6.934819380768534813e+01
1.330000000000000000e+02 5.597609728821878861e+01
1.340000000000000000e+02 6.339042976205899294e+01
1.350000000000000000e+02 6.094072761171048569e+01
1.360000000000000000e+02 5.633958814874407039e+01
1.370000000000000000e+02 5.613483027553836990e+01
1.380000000000000000e+02 5.714993190280362256e+01
1.390000000000000000e+02 5.320581337726105176e+01
1.400000000000000000e+02 4.903249841061707315e+01
1.410000000000000000e+02 4.786926190727264441e+01
1.420000000000000000e+02 3.683770450760174953e+01
1.430000000000000000e+02 5.242343554732278932e+01
1.440000000000000000e+02 4.706925985670943646e+01
1.450000000000000000e+02 3.903217984944509311e+01
1.460000000000000000e+02 5.386464598387127722e+01
1.470000000000000000e+02 4.771945728261090380e+01
1.480000000000000000e+02 4.672598711204273059e+01
1.490000000000000000e+02 5.019908282345059547e+01
1.500000000000000000e+02 4.428415389456019824e+01
1.510000000000000000e+02 4.581011044076632999e+01
1.520000000000000000e+02 3.612385368981913558e+01
1.530000000000000000e+02 3.766612213440911461e+01
1.540000000000000000e+02 4.053351200667226806e+01
1.550000000000000000e+02 4.621321497955444357e+01
1.560000000000000000e+02 4.623102214804998766e+01
1.570000000000000000e+02 4.414820267061008252e+01
1.580000000000000000e+02 3.801315759130377359e+01
1.590000000000000000e+02 3.471510778110734918e+01
1.600000000000000000e+02 4.554419851198939995e+01
1.610000000000000000e+02 3.663907506156739657e+01
1.620000000000000000e+02 4.039469539691904032e+01
1.630000000000000000e+02 3.659146705235688302e+01
1.640000000000000000e+02 3.989119276373208578e+01
1.650000000000000000e+02 2.882095122118390051e+01
1.660000000000000000e+02 4.167906040211853025e+01
1.670000000000000000e+02 3.110840548113568715e+01
1.680000000000000000e+02 3.388096019232173006e+01
1.690000000000000000e+02 3.359374820408599049e+01
1.700000000000000000e+02 3.376637121460935731e+01
1.710000000000000000e+02 3.218579909588863330e+01
1.720000000000000000e+02 4.013494355030735505e+01
1.730000000000000000e+02 3.315294298643575388e+01
1.740000000000000000e+02 2.980636048890887224e+01
1.750000000000000000e+02 2.831941825219903208e+01
1.760000000000000000e+02 2.745315534968495896e+01
1.770000000000000000e+02 3.373848195136432082e+01
1.780000000000000000e+02 2.732989443535787899e+01
1.790000000000000000e+02 3.246324980427662865e+01
1.800000000000000000e+02 2.959255362046459226e+01
1.810000000000000000e+02 2.525735463068934195e+01
1.820000000000000000e+02 4.054353132127750570e+01
1.830000000000000000e+02 3.037973554866699999e+01
1.840000000000000000e+02 3.217602151703575686e+01
1.850000000000000000e+02 3.048990101728949398e+01
1.860000000000000000e+02 3.185837121544103923e+01
1.870000000000000000e+02 2.545731779096660574e+01
1.880000000000000000e+02 2.770837751320159725e+01
1.890000000000000000e+02 2.594843648193560881e+01
1.900000000000000000e+02 2.719618261966408923e+01
1.910000000000000000e+02 2.737116088882128651e+01
1.920000000000000000e+02 2.923731363782400905e+01
1.930000000000000000e+02 2.467139200238399610e+01
1.940000000000000000e+02 2.688801136890201349e+01
1.950000000000000000e+02 2.638038369358368840e+01
1.960000000000000000e+02 2.519603453731316733e+01
1.970000000000000000e+02 2.166485499588150887e+01
1.980000000000000000e+02 2.733748699819634354e+01
1.990000000000000000e+02 3.004409168935762153e+01
2.000000000000000000e+02 2.364876892678796594e+01
2.010000000000000000e+02 2.584662817858649930e+01
2.020000000000000000e+02 2.479774182229695967e+01
2.030000000000000000e+02 2.675058373803474154e+01
2.040000000000000000e+02 2.525868648760050306e+01
2.050000000000000000e+02 2.136845891600525249e+01
2.060000000000000000e+02 2.287158350364422432e+01
2.070000000000000000e+02 1.957005190813644546e+01
2.080000000000000000e+02 2.205807761010026979e+01
2.090000000000000000e+02 2.670141139999232038e+01
2.100000000000000000e+02 2.270843515225952203e+01
2.110000000000000000e+02 2.436049884772646124e+01
2.120000000000000000e+02 2.015430451723047156e+01
2.130000000000000000e+02 2.502394455918415161e+01
2.140000000000000000e+02 2.009802290052115481e+01
2.150000000000000000e+02 2.221519764985495371e+01
2.160000000000000000e+02 2.211761989075047907e+01
2.170000000000000000e+02 2.030242075554635406e+01
2.180000000000000000e+02 2.298371171842887151e+01
2.190000000000000000e+02 2.282421296400558219e+01
2.200000000000000000e+02 2.062923610679167297e+01
2.210000000000000000e+02 2.187177206639018578e+01
2.220000000000000000e+02 2.153930116357841129e+01
2.230000000000000000e+02 1.951414043034665013e+01
2.240000000000000000e+02 2.174526971082870830e+01
2.250000000000000000e+02 1.949483473666020217e+01
2.260000000000000000e+02 2.048300262307664354e+01
2.270000000000000000e+02 2.047709400070349162e+01
2.280000000000000000e+02 2.259810412752781517e+01
2.290000000000000000e+02 1.906962578852010637e+01
2.300000000000000000e+02 2.111136869172314334e+01
2.310000000000000000e+02 2.054999301608333795e+01
2.320000000000000000e+02 1.798535670933884845e+01
2.330000000000000000e+02 1.915263246271806352e+01
2.340000000000000000e+02 2.058113088637085752e+01
2.350000000000000000e+02 1.976148229848758220e+01
2.360000000000000000e+02 1.985737203140860885e+01
2.370000000000000000e+02 1.714098727129543676e+01
2.380000000000000000e+02 1.721764678284369410e+01
2.390000000000000000e+02 1.689027770822718111e+01
2.400000000000000000e+02 1.759404205359468065e+01
2.410000000000000000e+02 1.660640664088197838e+01
2.420000000000000000e+02 1.843985932651471060e+01
2.430000000000000000e+02 1.730040150841976399e+01
2.440000000000000000e+02 1.726198744944821684e+01
2.450000000000000000e+02 1.709382315715015821e+01
2.460000000000000000e+02 1.807577791486258434e+01
2.470000000000000000e+02 1.963956531968386443e+01
2.480000000000000000e+02 1.596585623235129248e+01
2.490000000000000000e+02 1.694533789730926188e+01
2.500000000000000000e+02 1.747848377406813825e+01
2.510000000000000000e+02 1.666235362163386924e+01
2.520000000000000000e+02 1.789180144495579583e+01
2.530000000000000000e+02 1.500997553982815447e+01
2.540000000000000000e+02 1.571425047122078311e+01
2.550000000000000000e+02 1.641878742587075379e+01
2.560000000000000000e+02 1.635693187980810492e+01
2.570000000000000000e+02 1.486803151278689228e+01
2.580000000000000000e+02 1.648566039883855439e+01
2.590000000000000000e+02 1.631554190419191386e+01
2.600000000000000000e+02 1.783536378844476644e+01
2.610000000000000000e+02 1.624920592226956728e+01
2.620000000000000000e+02 1.343070494631164280e+01
2.630000000000000000e+02 1.591035362934849218e+01
2.640000000000000000e+02 1.560330691787187618e+01
2.650000000000000000e+02 1.501064554782109894e+01
2.660000000000000000e+02 1.436187054984700140e+01
2.670000000000000000e+02 1.435365667878270379e+01
2.680000000000000000e+02 1.358527146748205006e+01
2.690000000000000000e+02 1.436002990892257358e+01
2.700000000000000000e+02 1.454708868241482733e+01
2.710000000000000000e+02 1.392466812596282466e+01
2.720000000000000000e+02 1.319759394930883012e+01
2.730000000000000000e+02 1.448197000497682652e+01
2.740000000000000000e+02 1.349019986788834657e+01
2.750000000000000000e+02 1.428425553468852272e+01
2.760000000000000000e+02 1.532560083167549259e+01
2.770000000000000000e+02 1.465433152303700304e+01
2.780000000000000000e+02 1.342346877810075334e+01
2.790000000000000000e+02 1.389034524470006282e+01
2.800000000000000000e+02 1.424737068511828575e+01
2.810000000000000000e+02 1.408457563806181945e+01
2.820000000000000000e+02 1.350721075909227054e+01
2.830000000000000000e+02 1.199772692487065662e+01
2.840000000000000000e+02 1.408991690142801367e+01
2.850000000000000000e+02 1.373185688640774238e+01
2.860000000000000000e+02 1.224339887424372009e+01
2.870000000000000000e+02 1.196876240950745363e+01
2.880000000000000000e+02 1.388489055080097856e+01
2.890000000000000000e+02 1.304842794494507352e+01
2.900000000000000000e+02 1.249638836964325250e+01
2.910000000000000000e+02 1.227430668167701988e+01
2.920000000000000000e+02 1.258740578792780340e+01
2.930000000000000000e+02 1.207734357278583737e+01
2.940000000000000000e+02 1.369661240879583985e+01
2.950000000000000000e+02 1.256018436053096465e+01
2.960000000000000000e+02 1.147813316533613559e+01
2.970000000000000000e+02 1.246740199554282746e+01
2.980000000000000000e+02 1.172975753745688543e+01
2.990000000000000000e+02 1.127481915779402044e+01
3.000000000000000000e+02 1.070957104790435643e+01
3.010000000000000000e+02 1.253891738395847177e+01
3.020000000000000000e+02 1.171491448070979402e+01
3.030000000000000000e+02 1.194676818664559725e+01
3.040000000000000000e+02 1.117912209712145355e+01
3.050000000000000000e+02 1.122453357643571970e+01
3.060000000000000000e+02 1.154759596564310797e+01
3.070000000000000000e+02 1.225758115106757629e+01
3.080000000000000000e+02 1.108268308742356467e+01
3.090000000000000000e+02 1.108904411741301921e+01
3.100000000000000000e+02 1.146476182690069656e+01
3.110000000000000000e+02 1.184855874707052159e+01
3.120000000000000000e+02 1.181316006546705744e+01
3.130000000000000000e+02 1.151687007718252254e+01
3.140000000000000000e+02 1.045548427717639939e+01
3.150000000000000000e+02 1.141736393802416849e+01
3.160000000000000000e+02 1.172527005186816318e+01
3.170000000000000000e+02 1.073533453359689815e+01
3.180000000000000000e+02 1.087082968951687256e+01
3.190000000000000000e+02 1.119118234850564875e+01
3.200000000000000000e+02 1.014806364813053641e+01
3.210000000000000000e+02 1.110076458912608111e+01
3.220000000000000000e+02 1.137279137389078620e+01
3.230000000000000000e+02 1.106348665583667845e+01
3.240000000000000000e+02 1.031136085192127538e+01
3.250000000000000000e+02 1.018408999458990039e+01
3.260000000000000000e+02 1.008565049722790086e+01
3.270000000000000000e+02 1.050884349020235042e+01
3.280000000000000000e+02 1.037414340347700303e+01
3.290000000000000000e+02 1.015428643787082663e+01
3.300000000000000000e+02 9.930431224387103128e+00
3.310000000000000000e+02 1.077587693607208763e+01
3.320000000000000000e+02 1.043246336100519756e+01
3.330000000000000000e+02 9.749962445542806222e+00
3.340000000000000000e+02 1.018294260067403911e+01
3.350000000000000000e+02 9.830966347673417260e+00
3.360000000000000000e+02 9.823949991729518771e+00
3.370000000000000000e+02 1.012427762996795622e+01
3.380000000000000000e+02 1.009985178880883439e+01
3.390000000000000000e+02 1.031636245009067920e+01
3.400000000000000000e+02 1.005880950844457900e+01
3.410000000000000000e+02 9.845703244828245104e+00
3.420000000000000000e+02 1.002813991682671713e+01
3.430000000000000000e+02 9.532975424510290452e+00
3.440000000000000000e+02 9.697463117406043054e+00
3.450000000000000000e+02 9.239383047641920754e+00
3.460000000000000000e+02 9.423329446532560993e+00
3.470000000000000000e+02 9.153005196007770294e+00
3.480000000000000000e+02 9.313107860146693895e+00
3.490000000000000000e+02 9.147627561598527635e+00
3.500000000000000000e+02 8.368051209278375424e+00
3.510000000000000000e+02 9.404573368686220292e+00
3.520000000000000000e+02 9.073622390157261464e+00
3.530000000000000000e+02 8.848564514104367618e+00
3.540000000000000000e+02 9.471037553215930771e+00
3.550000000000000000e+02 8.669553346145468353e+00
3.560000000000000000e+02 9.382085857270494600e+00
3.570000000000000000e+02 9.055225032240326044e+00
3.580000000000000000e+02 8.454123232854506398e+00
3.590000000000000000e+02 9.095128127112356964e+00
3.600000000000000000e+02 9.007367872153952959e+00
3.610000000000000000e+02 8.841823980322510934e+00
3.620000000000000000e+02 8.537277888759817301e+00
3.630000000000000000e+02 8.191713724174418232e+00
3.640000000000000000e+02 8.660445463634044216e+00
3.650000000000000000e+02 8.279323845069651355e+00
3.660000000000000000e+02 8.837637282235565550e+00
3.670000000000000000e+02 8.786914534352659345e+00
3.680000000000000000e+02 7.895345968649290391e+00
3.690000000000000000e+02 8.688428112453092211e+00
3.700000000000000000e+02 8.723473240164095088e+00
3.710000000000000000e+02 8.490866603553499203e+00
3.720000000000000000e+02 8.649660289167639959e+00
3.730000000000000000e+02 8.369681035724251927e+00
3.740000000000000000e+02 8.488444060808548741e+00
3.750000000000000000e+02 8.084166589196373209e+00
3.760000000000000000e+02 8.506529802042706478e+00
3.770000000000000000e+02 8.629899737836298712e+00
3.780000000000000000e+02 8.048802954555748457e+00
3.790000000000000000e+02 8.394068948260343888e+00
3.800000000000000000e+02 8.023004081929896003e+00
3.810000000000000000e+02 7.895614848540932762e+00
3.820000000000000000e+02 7.670508055350925503e+00
3.830000000000000000e+02 8.272617526474402183e+00
3.840000000000000000e+02 7.754216299414578906e+00
3.850000000000000000e+02 8.065283817475496164e+00
3.860000000000000000e+02 7.718395331989474251e+00
3.870000000000000000e+02 7.961855978001143974e+00
3.880000000000000000e+02 7.587554255755537547e+00
3.890000000000000000e+02 7.526026353295087290e+00
3.900000000000000000e+02 8.073916422895489831e+00
3.910000000000000000e+02 7.688212623171621907e+00
3.920000000000000000e+02 7.960809513837684648e+00
3.930000000000000000e+02 7.625484370677927615e+00
3.940000000000000000e+02 7.810195838250433731e+00
3.950000000000000000e+02 7.764042897828031364e+00
3.960000000000000000e+02 7.476809172472808740e+00
3.970000000000000000e+02 7.577236369366168844e+00
3.980000000000000000e+02 7.532525941545487491e+00
3.990000000000000000e+02 7.535124697099533364e+00
4.000000000000000000e+02 7.792456430405822587e+00
4.010000000000000000e+02 7.338014801204920445e+00
4.020000000000000000e+02 7.491612229034783077e+00
4.030000000000000000e+02 7.510661314179811754e+00
4.040000000000000000e+02 7.307350586398442260e+00
4.050000000000000000e+02 7.479216162064019180e+00
4.060000000000000000e+02 7.599394980626202667e+00
4.070000000000000000e+02 7.637684461311837758e+00
4.080000000000000000e+02 7.307525378359173374e+00
4.090000000000000000e+02 7.058468253040000029e+00
4.100000000000000000e+02 7.387125300819786133e+00
4.110000000000000000e+02 7.072853627455237380e+00
4.120000000000000000e+02 7.151224774831030473e+00
4.130000000000000000e+02 7.360846564546069004e+00
4.140000000000000000e+02 7.124615483217496603e+00
4.150000000000000000e+02 6.867535537351421304e+00
4.160000000000000000e+02 7.069241856075110242e+00
4.170000000000000000e+02 6.942904270356849317e+00
4.180000000000000000e+02 6.894536307606776937e+00
4.190000000000000000e+02 6.908871654299205467e+00
4.200000000000000000e+02 7.060441084906438292e+00
4.210000000000000000e+02 6.876292231414778300e+00
4.220000000000000000e+02 6.873807879704326496e+00
4.230000000000000000e+02 6.922187469403517923e+00
4.240000000000000000e+02 6.847388559024406796e+00
4.250000000000000000e+02 7.419579728396313634e+00
4.260000000000000000e+02 6.911403433411411612e+00
4.270000000000000000e+02 6.914966862722377705e+00
4.280000000000000000e+02 6.933797454666767557e+00
4.290000000000000000e+02 6.648524677184999732e+00
4.300000000000000000e+02 6.548024959930106803e+00
4.310000000000000000e+02 6.697282375308392766e+00
4.320000000000000000e+02 6.715071860329078213e+00
4.330000000000000000e+02 6.749172188255505134e+00
4.340000000000000000e+02 6.694493813205553145e+00
4.350000000000000000e+02 6.758859745854129741e+00
4.360000000000000000e+02 6.440985300493057508e+00
4.370000000000000000e+02 6.688430230536453358e+00
4.380000000000000000e+02 6.815875461620195530e+00
4.390000000000000000e+02 6.603479945448648358e+00
4.400000000000000000e+02 6.142090212233863866e+00
4.410000000000000000e+02 6.706447002077419839e+00
4.420000000000000000e+02 6.571966560842348315e+00
4.430000000000000000e+02 6.446720832618170860e+00
4.440000000000000000e+02 6.428484439450381061e+00
4.450000000000000000e+02 6.492393515285987959e+00
4.460000000000000000e+02 6.450794193610339455e+00
4.470000000000000000e+02 6.465200877776156929e+00
4.480000000000000000e+02 6.581571218065678686e+00
4.490000000000000000e+02 6.531930475250099732e+00
4.500000000000000000e+02 6.020079963865320849e+00
4.510000000000000000e+02 6.162306066537836635e+00
4.520000000000000000e+02 6.107986433659109871e+00
4.530000000000000000e+02 6.228212323719312771e+00
4.540000000000000000e+02 6.216294250699657020e+00
4.550000000000000000e+02 6.195302962675089731e+00
4.560000000000000000e+02 6.359542920894529772e+00
4.570000000000000000e+02 6.062068313796095786e+00
4.580000000000000000e+02 6.280588260684633717e+00
4.590000000000000000e+02 6.296632172504924796e+00
4.600000000000000000e+02 6.168759928399197179e+00
4.610000000000000000e+02 6.192246690478826920e+00
4.620000000000000000e+02 6.060625630041068135e+00
4.630000000000000000e+02 6.320897772888724120e+00
4.640000000000000000e+02 6.145239233060775241e+00
4.650000000000000000e+02 6.176748205684202020e+00
4.660000000000000000e+02 6.032590456712626725e+00
4.670000000000000000e+02 6.090634544016117147e+00
4.680000000000000000e+02 6.085514371944679368e+00
4.690000000000000000e+02 6.050297028196517601e+00
4.700000000000000000e+02 5.869564179434655138e+00
4.710000000000000000e+02 5.971321131513108504e+00
4.720000000000000000e+02 5.865029249362359032e+00
4.730000000000000000e+02 6.092292020069479896e+00
4.740000000000000000e+02 5.928273465223052874e+00
4.750000000000000000e+02 5.941880536154827475e+00
4.760000000000000000e+02 5.936783116856267029e+00
4.770000000000000000e+02 5.957534875623122339e+00
4.780000000000000000e+02 5.995580006150501795e+00
4.790000000000000000e+02 5.762350701241016004e+00
4.800000000000000000e+02 5.842027886325253050e+00
4.810000000000000000e+02 5.778547983680494937e+00
4.820000000000000000e+02 5.930944863827181557e+00
4.830000000000000000e+02 5.906969572579620298e+00
4.840000000000000000e+02 5.618522135799388195e+00
4.850000000000000000e+02 5.721037668610077453e+00
4.860000000000000000e+02 5.604813198709644340e+00
4.870000000000000000e+02 5.693261117408044747e+00
4.880000000000000000e+02 5.572336416554779071e+00
4.890000000000000000e+02 5.756658054227052901e+00
4.900000000000000000e+02 5.504950925655646365e+00
4.910000000000000000e+02 5.704000441995281001e+00
4.920000000000000000e+02 5.585716907968779843e+00
4.930000000000000000e+02 5.671626162667307902e+00
4.940000000000000000e+02 5.659357881141469093e+00
4.950000000000000000e+02 5.574823724668339864e+00
4.960000000000000000e+02 5.732040200722783752e+00
4.970000000000000000e+02 5.843555938754059653e+00
4.980000000000000000e+02 5.489827908504640419e+00
4.990000000000000000e+02 5.523207571429257001e+00
5.000000000000000000e+02 5.490211397047054298e+00
5.010000000000000000e+02 5.461422747051662974e+00
5.020000000000000000e+02 5.449515602613430154e+00
5.030000000000000000e+02 5.606922752694550205e+00
5.040000000000000000e+02 5.474049314029095115e+00
5.050000000000000000e+02 5.492802335560345028e+00
5.060000000000000000e+02 5.395584382554791780e+00
5.070000000000000000e+02 5.431911735266732322e+00
5.080000000000000000e+02 5.489652372659942436e+00
5.090000000000000000e+02 5.427117840280575756e+00
5.100000000000000000e+02 5.493649693459846439e+00
5.110000000000000000e+02 5.325025571639266708e+00
5.120000000000000000e+02 5.520100803336258188e+00
5.130000000000000000e+02 5.401622358110488520e+00
5.140000000000000000e+02 5.358090463325271280e+00
5.150000000000000000e+02 5.297550907523619124e+00
5.160000000000000000e+02 5.293111746849617383e+00
5.170000000000000000e+02 5.304605771829720595e+00
5.180000000000000000e+02 5.430297018303702927e+00
5.190000000000000000e+02 5.345084968661227620e+00
5.200000000000000000e+02 5.361958278692874558e+00
5.210000000000000000e+02 5.230828232798570454e+00
5.220000000000000000e+02 5.386251312897896604e+00
5.230000000000000000e+02 5.334488333014580697e+00
5.240000000000000000e+02 5.265372576565063412e+00
5.250000000000000000e+02 5.267651278734014397e+00
5.260000000000000000e+02 5.248240533741363123e+00
5.270000000000000000e+02 5.146166786003631088e+00
5.280000000000000000e+02 5.176733401688410119e+00
5.290000000000000000e+02 5.197363784498524097e+00
5.300000000000000000e+02 5.333124472244969994e+00
5.310000000000000000e+02 5.214511623626020942e+00
5.320000000000000000e+02 5.211096688487358186e+00
5.330000000000000000e+02 5.146504449442306672e+00
5.340000000000000000e+02 5.082917822111854278e+00
5.350000000000000000e+02 5.197749936522100711e+00
5.360000000000000000e+02 5.221086951823283862e+00
5.370000000000000000e+02 5.151553249266177303e+00
5.380000000000000000e+02 4.985681690198733307e+00
5.390000000000000000e+02 5.144759678351086052e+00
5.400000000000000000e+02 5.043973265640405934e+00
5.410000000000000000e+02 5.055440696552359725e+00
5.420000000000000000e+02 5.042887397868732968e+00
5.430000000000000000e+02 4.978235635498458045e+00
5.440000000000000000e+02 5.031442177019384232e+00
5.450000000000000000e+02 5.024534560577050613e+00
5.460000000000000000e+02 4.932067641539765290e+00
5.470000000000000000e+02 5.100045323967655087e+00
5.480000000000000000e+02 4.979373770038942659e+00
5.490000000000000000e+02 5.029390900124287356e+00
5.500000000000000000e+02 4.834788987434284202e+00
5.510000000000000000e+02 5.061567018377064464e+00
5.520000000000000000e+02 4.991017336623746914e+00
5.530000000000000000e+02 4.953403896213184332e+00
5.540000000000000000e+02 4.991435389330053596e+00
5.550000000000000000e+02 4.924960672475394929e+00
5.560000000000000000e+02 4.927890658404971091e+00
5.570000000000000000e+02 4.852027528883130714e+00
5.580000000000000000e+02 4.926100389674984648e+00
5.590000000000000000e+02 4.952490616976198190e+00
5.600000000000000000e+02 4.911295150346957072e+00
5.610000000000000000e+02 4.953791659491932009e+00
5.620000000000000000e+02 4.803359669546255262e+00
5.630000000000000000e+02 4.914604067178764524e+00
5.640000000000000000e+02 4.838541369250888735e+00
5.650000000000000000e+02 4.887846648292486940e+00
5.660000000000000000e+02 4.890735807811930513e+00
5.670000000000000000e+02 4.766576218600471648e+00
5.680000000000000000e+02 4.888266598071493441e+00
5.690000000000000000e+02 4.927048112368455079e+00
5.700000000000000000e+02 4.938510240392555595e+00
5.710000000000000000e+02 4.767879948265535184e+00
5.720000000000000000e+02 4.911668236414374888e+00
5.730000000000000000e+02 4.772550717581396817e+00
5.740000000000000000e+02 4.736623821020584657e+00
5.750000000000000000e+02 4.802112384008107249e+00
5.760000000000000000e+02 4.741681513477724152e+00
5.770000000000000000e+02 4.802549059254412001e+00
5.780000000000000000e+02 4.752532960392409578e+00
5.790000000000000000e+02 4.744479657947947793e+00
5.800000000000000000e+02 4.741791898229793745e+00
5.810000000000000000e+02 4.744422481031238981e+00
5.820000000000000000e+02 4.631906738563658088e+00
5.830000000000000000e+02 4.743574122982155750e+00
5.840000000000000000e+02 4.688108525087455902e+00
5.850000000000000000e+02 4.599435477492625601e+00
5.860000000000000000e+02 4.613062004561276019e+00
5.870000000000000000e+02 4.655435220953860309e+00
5.880000000000000000e+02 4.600449696644671072e+00
5.890000000000000000e+02 4.684918991793511012e+00
5.900000000000000000e+02 4.730074273321767109e+00
5.910000000000000000e+02 4.666441942313645619e+00
5.920000000000000000e+02 4.684356559762221650e+00
5.930000000000000000e+02 4.604760075880764525e+00
5.940000000000000000e+02 4.665199889330465588e+00
5.950000000000000000e+02 4.692073217246734096e+00
5.960000000000000000e+02 4.608048383270550552e+00
5.970000000000000000e+02 4.682933409762174648e+00
5.980000000000000000e+02 4.590909104845406929e+00
5.990000000000000000e+02 4.698252656104366487e+00
6.000000000000000000e+02 4.552101271733698162e+00
6.010000000000000000e+02 4.544834227747466926e+00
6.020000000000000000e+02 4.583296899650758149e+00
6.030000000000000000e+02 4.536497798861178765e+00
6.040000000000000000e+02 4.594395245599865341e+00
6.050000000000000000e+02 4.574347618607521149e+00
6.060000000000000000e+02 4.598857752789615283e+00
6.070000000000000000e+02 4.521609231933295447e+00
6.080000000000000000e+02 4.616170848848279995e+00
6.090000000000000000e+02 4.475025041204201415e+00
6.100000000000000000e+02 4.420453140501674483e+00
6.110000000000000000e+02 4.498270315225445515e+00
6.120000000000000000e+02 4.509861942068596363e+00
6.130000000000000000e+02 4.561169907508830335e+00
6.140000000000000000e+02 4.499528052390969535e+00
6.150000000000000000e+02 4.464307347935281278e+00
6.160000000000000000e+02 4.446852696017577600e+00
6.170000000000000000e+02 4.487492423982378575e+00
6.180000000000000000e+02 4.556327124498081638e+00
6.190000000000000000e+02 4.522737364787612790e+00
6.200000000000000000e+02 4.540356362435883142e+00
6.210000000000000000e+02 4.464654642206884461e+00
6.220000000000000000e+02 4.396314250721253813e+00
6.230000000000000000e+02 4.418560243055956960e+00
6.240000000000000000e+02 4.531498591431319944e+00
6.250000000000000000e+02 4.457803464269548321e+00
6.260000000000000000e+02 4.457554158077960516e+00
6.270000000000000000e+02 4.483359639501226290e+00
6.280000000000000000e+02 4.493887214727391388e+00
6.290000000000000000e+02 4.457901129969918941e+00
6.300000000000000000e+02 4.332665912761918925e+00
6.310000000000000000e+02 4.462981663061782456e+00
6.320000000000000000e+02 4.390606706287560890e+00
6.330000000000000000e+02 4.349971646402463143e+00
6.340000000000000000e+02 4.375454418422856762e+00
6.350000000000000000e+02 4.464234648977503106e+00
6.360000000000000000e+02 4.427808986634535593e+00
6.370000000000000000e+02 4.314033944496540762e+00
6.380000000000000000e+02 4.388487038758576375e+00
6.390000000000000000e+02 4.404869738515785116e+00
6.400000000000000000e+02 4.323899459312498195e+00
6.410000000000000000e+02 4.451569136895452417e+00
6.420000000000000000e+02 4.427240871690803381e+00
6.430000000000000000e+02 4.402727369319545225e+00
6.440000000000000000e+02 4.384325132988752927e+00
6.450000000000000000e+02 4.436192644295407383e+00
6.460000000000000000e+02 4.352699208380978568e+00
6.470000000000000000e+02 4.414813268031104521e+00
6.480000000000000000e+02 4.378920132397804643e+00
6.490000000000000000e+02 4.384235142428834386e+00
6.500000000000000000e+02 4.278831359518517452e+00
6.510000000000000000e+02 4.348589947797504962e+00
6.520000000000000000e+02 4.304084148729679704e+00
6.530000000000000000e+02 4.379483687437739192e+00
6.540000000000000000e+02 4.362455384916546386e+00
6.550000000000000000e+02 4.363631179925164361e+00
6.560000000000000000e+02 4.366457020018099655e+00
6.570000000000000000e+02 4.285184725489392221e+00
6.580000000000000000e+02 4.303384793900455918e+00
6.590000000000000000e+02 4.354087766057474163e+00
6.600000000000000000e+02 4.378065776590013058e+00
6.610000000000000000e+02 4.309915087236154463e+00
6.620000000000000000e+02 4.265845587701192265e+00
6.630000000000000000e+02 4.244430052468707970e+00
6.640000000000000000e+02 4.286729811036289917e+00
6.650000000000000000e+02 4.273215390313032991e+00
6.660000000000000000e+02 4.221090423227589206e+00
6.670000000000000000e+02 4.276968193235911819e+00
6.680000000000000000e+02 4.269294811953648683e+00
6.690000000000000000e+02 4.242071739561751542e+00
6.700000000000000000e+02 4.196040634544674575e+00
6.710000000000000000e+02 4.271386507860902348e+00
6.720000000000000000e+02 4.212955596328098906e+00
6.730000000000000000e+02 4.281345309826898315e+00
6.740000000000000000e+02 4.288025533696329994e+00
6.750000000000000000e+02 4.310640293276783552e+00
6.760000000000000000e+02 4.313015731920208040e+00
6.770000000000000000e+02 4.281746703516346564e+00
6.780000000000000000e+02 4.272371853583140755e+00
6.790000000000000000e+02 4.298858051768291055e+00
6.800000000000000000e+02 4.189100875416129632e+00
6.810000000000000000e+02 4.238981497949721344e+00
6.820000000000000000e+02 4.275255030368738218e+00
6.830000000000000000e+02 4.174173674224919139e+00
6.840000000000000000e+02 4.287577188012902774e+00
6.850000000000000000e+02 4.171205983380198212e+00
6.860000000000000000e+02 4.277811885983403783e+00
6.870000000000000000e+02 4.168372035392311048e+00
6.880000000000000000e+02 4.230757980519179284e+00
6.890000000000000000e+02 4.298200478699313543e+00
6.900000000000000000e+02 4.194252698704878490e+00
6.910000000000000000e+02 4.212991692884687112e+00
6.920000000000000000e+02 4.237224380842644855e+00
6.930000000000000000e+02 4.192822216132291224e+00
6.940000000000000000e+02 4.277690898404741482e+00
6.950000000000000000e+02 4.153774309301979883e+00
6.960000000000000000e+02 4.178933877282389631e+00
6.970000000000000000e+02 4.232140176104071116e+00
6.980000000000000000e+02 4.221945675418242061e+00
6.990000000000000000e+02 4.191325630549735948e+00
7.000000000000000000e+02 4.219055901613019799e+00
7.010000000000000000e+02 4.205558637123372634e+00
7.020000000000000000e+02 4.256460948861649385e+00
7.030000000000000000e+02 4.219386330084496706e+00
7.040000000000000000e+02 4.209860106812244318e+00
7.050000000000000000e+02 4.246495785753486629e+00
7.060000000000000000e+02 4.111268254697749924e+00
7.070000000000000000e+02 4.118990461869515229e+00
7.080000000000000000e+02 4.195236544915331045e+00
7.090000000000000000e+02 4.131831156369242919e+00
7.100000000000000000e+02 4.189050962149956980e+00
7.110000000000000000e+02 4.255936936643491819e+00
7.120000000000000000e+02 4.206960218031873922e+00
7.130000000000000000e+02 4.216078502126200611e+00
7.140000000000000000e+02 4.146956607495480895e+00
7.150000000000000000e+02 4.204047887512720294e+00
7.160000000000000000e+02 4.196375034355634526e+00
7.170000000000000000e+02 4.158277318141513135e+00
7.180000000000000000e+02 4.205829167373569710e+00
7.190000000000000000e+02 4.124626110396308221e+00
7.200000000000000000e+02 4.204658820388000429e+00
7.210000000000000000e+02 4.143974639401307059e+00
7.220000000000000000e+02 4.166742487755658253e+00
7.230000000000000000e+02 4.168414084443113232e+00
7.240000000000000000e+02 4.199772794489773808e+00
7.250000000000000000e+02 4.206674825439030485e+00
7.260000000000000000e+02 4.207407379680616621e+00
7.270000000000000000e+02 4.193778394096902673e+00
7.280000000000000000e+02 4.156131302792650750e+00
7.290000000000000000e+02 4.143067692628685350e+00
7.300000000000000000e+02 4.160345713170142012e+00
7.310000000000000000e+02 4.196106796332159661e+00
7.320000000000000000e+02 4.187272735994153727e+00
7.330000000000000000e+02 4.138255450055969398e+00
7.340000000000000000e+02 4.111298483546276472e+00
7.350000000000000000e+02 4.160774188923221040e+00
7.360000000000000000e+02 4.179405998722235616e+00
7.370000000000000000e+02 4.180961482671788687e+00
7.380000000000000000e+02 4.073089742677967529e+00
7.390000000000000000e+02 4.122724219598781659e+00
7.400000000000000000e+02 4.155204557558147549e+00
7.410000000000000000e+02 4.183846624212800513e+00
7.420000000000000000e+02 4.125195825582581577e+00
7.430000000000000000e+02 4.133741053453714009e+00
7.440000000000000000e+02 4.146934224289759108e+00
7.450000000000000000e+02 4.232290654161902310e+00
7.460000000000000000e+02 4.112552933669687327e+00
7.470000000000000000e+02 4.138057937685117871e+00
7.480000000000000000e+02 4.207784834824007447e+00
7.490000000000000000e+02 4.205190390674782286e+00
7.500000000000000000e+02 4.205190390674782286e+00
7.510000000000000000e+02 4.207784834823926623e+00
7.520000000000000000e+02 4.138057937685134746e+00
7.530000000000000000e+02 4.112552933669645583e+00
7.540000000000000000e+02 4.232290654162009780e+00
7.550000000000000000e+02 4.146934224289783977e+00
7.560000000000000000e+02 4.133741053453814374e+00
7.570000000000000000e+02 4.125195825582619769e+00
7.580000000000000000e+02 4.183846624212685938e+00
7.590000000000000000e+02 4.155204557558201728e+00
7.600000000000000000e+02 4.122724219598723927e+00
7.610000000000000000e+02 4.073089742677963976e+00
7.620000000000000000e+02 4.180961482671885499e+00
7.630000000000000000e+02 4.179405998722200977e+00
7.640000000000000000e+02 4.160774188923346273e+00
7.650000000000000000e+02 4.111298483546272919e+00
7.660000000000000000e+02 4.138255450056099072e+00
7.670000000000000000e+02 4.187272735994165274e+00
7.680000000000000000e+02 4.196106796332220945e+00
7.690000000000000000e+02 4.160345713170102044e+00
7.700000000000000000e+02 4.143067692628645382e+00
7.710000000000000000e+02 4.156131302792556603e+00
7.720000000000000000e+02 4.193778394096884021e+00
7.730000000000000000e+02 4.207407379680585535e+00
7.740000000000000000e+02 4.206674825438975418e+00
7.750000000000000000e+02 4.199772794489822658e+00
7.760000000000000000e+02 4.168414084443035073e+00
7.770000000000000000e+02 4.166742487755636937e+00
7.780000000000000000e+02 4.143974639401292848e+00
7.790000000000000000e+02 4.204658820388130103e+00
7.800000000000000000e+02 4.124626110396008905e+00
7.810000000000000000e+02 4.205829167373618560e+00
7.820000000000000000e+02 4.158277318141480272e+00
7.830000000000000000e+02 4.196375034355603439e+00
7.840000000000000000e+02 4.204047887512678550e+00
7.850000000000000000e+02 4.146956607495549285e+00
7.860000000000000000e+02 4.216078502126183736e+00
7.870000000000000000e+02 4.206960218031872145e+00
7.880000000000000000e+02 4.255936936643482937e+00
7.890000000000000000e+02 4.189050962149857504e+00
7.900000000000000000e+02 4.131831156369246472e+00
7.910000000000000000e+02 4.195236544915347032e+00
7.920000000000000000e+02 4.118990461869594277e+00
7.930000000000000000e+02 4.111268254697801439e+00
7.940000000000000000e+02 4.246495785753389818e+00
7.950000000000000000e+02 4.209860106812242542e+00
7.960000000000000000e+02 4.219386330084472725e+00
7.970000000000000000e+02 4.256460948861620075e+00
7.980000000000000000e+02 4.205558637123374410e+00
7.990000000000000000e+02 4.219055901613120163e+00
8.000000000000000000e+02 4.191325630549777692e+00
8.010000000000000000e+02 4.221945675418271371e+00
8.020000000000000000e+02 4.232140176104022267e+00
8.030000000000000000e+02 4.178933877282409171e+00
8.040000000000000000e+02 4.153774309302018075e+00
8.050000000000000000e+02 4.277690898404685527e+00
8.060000000000000000e+02 4.192822216132247704e+00
8.070000000000000000e+02 4.237224380842555149e+00
8.080000000000000000e+02 4.212991692884825667e+00
8.090000000000000000e+02 4.194252698704786120e+00
8.100000000000000000e+02 4.298200478699328642e+00
8.110000000000000000e+02 4.230757980519202377e+00
8.120000000000000000e+02 4.168372035392265751e+00
8.130000000000000000e+02 4.277811885983405560e+00
8.140000000000000000e+02 4.171205983380182225e+00
8.150000000000000000e+02 4.287577188012835272e+00
8.160000000000000000e+02 4.174173674224889830e+00
8.170000000000000000e+02 4.275255030368747988e+00
8.180000000000000000e+02 4.238981497949714239e+00
8.190000000000000000e+02 4.189100875416209568e+00
8.200000000000000000e+02 4.298858051768332800e+00
8.210000000000000000e+02 4.272371853583209145e+00
8.220000000000000000e+02 4.281746703516208896e+00
8.230000000000000000e+02 4.313015731920223139e+00
8.240000000000000000e+02 4.310640293276824409e+00
8.250000000000000000e+02 4.288025533696230518e+00
8.260000000000000000e+02 4.281345309826830814e+00
8.270000000000000000e+02 4.212955596328155750e+00
8.280000000000000000e+02 4.271386507860897019e+00
8.290000000000000000e+02 4.196040634544685233e+00
8.300000000000000000e+02 4.242071739561716903e+00
8.310000000000000000e+02 4.269294811953591839e+00
8.320000000000000000e+02 4.276968193235972215e+00
8.330000000000000000e+02 4.221090423227540356e+00
8.340000000000000000e+02 4.273215390313095163e+00
8.350000000000000000e+02 4.286729811036241955e+00
8.360000000000000000e+02 4.244430052468668890e+00
8.370000000000000000e+02 4.265845587701223351e+00
8.380000000000000000e+02 4.309915087236229958e+00
8.390000000000000000e+02 4.378065776589970426e+00
8.400000000000000000e+02 4.354087766057448405e+00
8.410000000000000000e+02 4.303384793900400851e+00
8.420000000000000000e+02 4.285184725489320279e+00
8.430000000000000000e+02 4.366457020018099655e+00
8.440000000000000000e+02 4.363631179925180348e+00
8.450000000000000000e+02 4.362455384916563261e+00
8.460000000000000000e+02 4.379483687437655703e+00
8.470000000000000000e+02 4.304084148729784509e+00
8.480000000000000000e+02 4.348589947797409927e+00
8.490000000000000000e+02 4.278831359518568966e+00
8.500000000000000000e+02 4.384235142428730470e+00
8.510000000000000000e+02 4.378920132397830400e+00
8.520000000000000000e+02 4.414813268031016591e+00
8.530000000000000000e+02 4.352699208380998996e+00
8.540000000000000000e+02 4.436192644295390508e+00
8.550000000000000000e+02 4.384325132988814211e+00
8.560000000000000000e+02 4.402727369319526574e+00
8.570000000000000000e+02 4.427240871690851343e+00
8.580000000000000000e+02 4.451569136895479062e+00
8.590000000000000000e+02 4.323899459312547933e+00
8.600000000000000000e+02 4.404869738515712285e+00
8.610000000000000000e+02 4.388487038758634107e+00
8.620000000000000000e+02 4.314033944496626027e+00
8.630000000000000000e+02 4.427808986634515165e+00
8.640000000000000000e+02 4.464234648977578601e+00
8.650000000000000000e+02 4.375454418422856762e+00
8.660000000000000000e+02 4.349971646402583048e+00
8.670000000000000000e+02 4.390606706287476513e+00
8.680000000000000000e+02 4.462981663061807325e+00
8.690000000000000000e+02 4.332665912761862970e+00
8.700000000000000000e+02 4.457901129969974896e+00
8.710000000000000000e+02 4.493887214727362966e+00
8.720000000000000000e+02 4.483359639501109939e+00
8.730000000000000000e+02 4.457554158077964068e+00
8.740000000000000000e+02 4.457803464269617599e+00
8.750000000000000000e+02 4.531498591431246226e+00
8.760000000000000000e+02 4.418560243055943637e+00
8.770000000000000000e+02 4.396314250721175654e+00
8.780000000000000000e+02 4.464654642206897783e+00
8.790000000000000000e+02 4.540356362435799653e+00
8.800000000000000000e+02 4.522737364787703385e+00
8.810000000000000000e+02 4.556327124498007031e+00
8.820000000000000000e+02 4.487492423982289758e+00
8.830000000000000000e+02 4.446852696017536744e+00
8.840000000000000000e+02 4.464307347935242198e+00
8.850000000000000000e+02 4.499528052390937560e+00
8.860000000000000000e+02 4.561169907508828558e+00
8.870000000000000000e+02 4.509861942068603469e+00
8.880000000000000000e+02 4.498270315225464167e+00
8.890000000000000000e+02 4.420453140501666489e+00
8.900000000000000000e+02 4.475025041204302667e+00
8.910000000000000000e+02 4.616170848848279995e+00
8.920000000000000000e+02 4.521609231933401141e+00
8.930000000000000000e+02 4.598857752789558440e+00
8.940000000000000000e+02 4.574347618607374599e+00
8.950000000000000000e+02 4.594395245599901756e+00
8.960000000000000000e+02 4.536497798861282682e+00
8.970000000000000000e+02 4.583296899650733280e+00
8.980000000000000000e+02 4.544834227747273303e+00
8.990000000000000000e+02 4.552101271733524968e+00
9.000000000000000000e+02 4.698252656104162206e+00
9.010000000000000000e+02 4.590909104845275479e+00
9.020000000000000000e+02 4.682933409762032539e+00
9.030000000000000000e+02 4.608048383270623383e+00
9.040000000000000000e+02 4.692073217246718109e+00
9.050000000000000000e+02 4.665199889330573058e+00
9.060000000000000000e+02 4.604760075880696135e+00
9.070000000000000000e+02 4.684356559762350436e+00
9.080000000000000000e+02 4.666441942313649172e+00
9.090000000000000000e+02 4.730074273321819511e+00
9.100000000000000000e+02 4.684918991793582066e+00
9.110000000000000000e+02 4.600449696644609787e+00
9.120000000000000000e+02 4.655435220953860309e+00
9.130000000000000000e+02 4.613062004561294671e+00
9.140000000000000000e+02 4.599435477492585633e+00
9.150000000000000000e+02 4.688108525087411493e+00
9.160000000000000000e+02 4.743574122982072261e+00
9.170000000000000000e+02 4.631906738563628778e+00
9.180000000000000000e+02 4.744422481031299377e+00
9.190000000000000000e+02 4.741791898229760882e+00
9.200000000000000000e+02 4.744479657947903384e+00
9.210000000000000000e+02 4.752532960392457539e+00
9.220000000000000000e+02 4.802549059254435093e+00
9.230000000000000000e+02 4.741681513477752574e+00
9.240000000000000000e+02 4.802112384007994450e+00
9.250000000000000000e+02 4.736623821020532255e+00
9.260000000000000000e+02 4.772550717581452773e+00
9.270000000000000000e+02 4.911668236414508115e+00
9.280000000000000000e+02 4.767879948265433931e+00
9.290000000000000000e+02 4.938510240392552042e+00
9.300000000000000000e+02 4.927048112368538568e+00
9.310000000000000000e+02 4.888266598071487223e+00
9.320000000000000000e+02 4.766576218600376613e+00
9.330000000000000000e+02 4.890735807811989133e+00
9.340000000000000000e+02 4.887846648292465623e+00
9.350000000000000000e+02 4.838541369250856761e+00
9.360000000000000000e+02 4.914604067178701463e+00
9.370000000000000000e+02 4.803359669546297894e+00
9.380000000000000000e+02 4.953791659491886712e+00
9.390000000000000000e+02 4.911295150346882465e+00
9.400000000000000000e+02 4.952490616976290561e+00
9.410000000000000000e+02 4.926100389674978430e+00
9.420000000000000000e+02 4.852027528883018803e+00
9.430000000000000000e+02 4.927890658404995072e+00
9.440000000000000000e+02 4.924960672475409140e+00
9.450000000000000000e+02 4.991435389330013628e+00
9.460000000000000000e+02 4.953403896213111501e+00
9.470000000000000000e+02 4.991017336623772671e+00
9.480000000000000000e+02 5.061567018377096439e+00
9.490000000000000000e+02 4.834788987434292196e+00
9.500000000000000000e+02 5.029390900124283803e+00
9.510000000000000000e+02 4.979373770038934666e+00
9.520000000000000000e+02 5.100045323967757227e+00
9.530000000000000000e+02 4.932067641539642722e+00
9.540000000000000000e+02 5.024534560577126108e+00
9.550000000000000000e+02 5.031442177019262552e+00
9.560000000000000000e+02 4.978235635498527323e+00
9.570000000000000000e+02 5.042887397868682342e+00
9.580000000000000000e+02 5.055440696552452096e+00
9.590000000000000000e+02 5.043973265640341985e+00
9.600000000000000000e+02 5.144759678351116250e+00
9.610000000000000000e+02 4.985681690198763505e+00
9.620000000000000000e+02 5.151553249266221712e+00
9.630000000000000000e+02 5.221086951823290079e+00
9.640000000000000000e+02 5.197749936522082059e+00
9.650000000000000000e+02 5.082917822111766348e+00
9.660000000000000000e+02 5.146504449442362628e+00
9.670000000000000000e+02 5.211096688487252493e+00
9.680000000000000000e+02 5.214511623626047587e+00
9.690000000000000000e+02 5.333124472244952230e+00
9.700000000000000000e+02 5.197363784498445050e+00
9.710000000000000000e+02 5.176733401688478509e+00
9.720000000000000000e+02 5.146166786003653293e+00
9.730000000000000000e+02 5.248240533741334701e+00
9.740000000000000000e+02 5.267651278734053477e+00
9.750000000000000000e+02 5.265372576565071405e+00
9.760000000000000000e+02 5.334488333014613559e+00
9.770000000000000000e+02 5.386251312897954335e+00
9.780000000000000000e+02 5.230828232798511834e+00
9.790000000000000000e+02 5.361958278692794622e+00
9.800000000000000000e+02 5.345084968661299563e+00
9.810000000000000000e+02 5.430297018303796186e+00
9.820000000000000000e+02 5.304605771829757010e+00
9.830000000000000000e+02 5.293111746849588961e+00
9.840000000000000000e+02 5.297550907523744357e+00
9.850000000000000000e+02 5.358090463325312136e+00
9.860000000000000000e+02 5.401622358110442335e+00
9.870000000000000000e+02 5.520100803336264406e+00
9.880000000000000000e+02 5.325025571639263156e+00
9.890000000000000000e+02 5.493649693459773609e+00
9.900000000000000000e+02 5.427117840280606842e+00
9.910000000000000000e+02 5.489652372659963753e+00
9.920000000000000000e+02 5.431911735266792718e+00
9.930000000000000000e+02 5.395584382554746483e+00
9.940000000000000000e+02 5.492802335560305949e+00
9.950000000000000000e+02 5.474049314029053370e+00
9.960000000000000000e+02 5.606922752694625700e+00
9.970000000000000000e+02 5.449515602613448806e+00
9.980000000000000000e+02 5.461422747051708271e+00
9.990000000000000000e+02 5.490211397047071173e+00
1.000000000000000000e+03 5.523207571429388452e+00
1.001000000000000000e+03 5.489827908504561371e+00
1.002000000000000000e+03 5.843555938754177781e+00
1.003000000000000000e+03 5.732040200722750001e+00
1.004000000000000000e+03 5.574823724668306113e+00
1.005000000000000000e+03 5.659357881141599655e+00
1.006000000000000000e+03 5.671626162667327442e+00
1.007000000000000000e+03 5.585716907968723000e+00
1.008000000000000000e+03 5.704000441995264126e+00
1.009000000000000000e+03 5.504950925655673011e+00
1.010000000000000000e+03 5.756658054227035137e+00
1.011000000000000000e+03 5.572336416554769301e+00
1.012000000000000000e+03 5.693261117408082939e+00
1.013000000000000000e+03 5.604813198709829081e+00
1.014000000000000000e+03 5.721037668610064131e+00
1.015000000000000000e+03 5.618522135799403294e+00
1.016000000000000000e+03 5.906969572579768624e+00
1.017000000000000000e+03 5.930944863827202873e+00
1.018000000000000000e+03 5.778547983680422995e+00
1.019000000000000000e+03 5.842027886325169561e+00
1.020000000000000000e+03 5.762350701241060413e+00
1.021000000000000000e+03 5.995580006150503571e+00
1.022000000000000000e+03 5.957534875623066384e+00
1.023000000000000000e+03 5.936783116856353182e+00
1.024000000000000000e+03 5.941880536154693360e+00
1.025000000000000000e+03 5.928273465223096395e+00
1.026000000000000000e+03 6.092292020069487002e+00
1.027000000000000000e+03 5.865029249362399888e+00
1.028000000000000000e+03 5.971321131513177782e+00
1.029000000000000000e+03 5.869564179434635598e+00
1.030000000000000000e+03 6.050297028196744975e+00
1.031000000000000000e+03 6.085514371944659828e+00
1.032000000000000000e+03 6.090634544016033658e+00
1.033000000000000000e+03 6.032590456712569882e+00
1.034000000000000000e+03 6.176748205684292614e+00
1.035000000000000000e+03 6.145239233060515893e+00
1.036000000000000000e+03 6.320897772888679711e+00
1.037000000000000000e+03 6.060625630041072576e+00
1.038000000000000000e+03 6.192246690478859783e+00
1.039000000000000000e+03 6.168759928399265569e+00
1.040000000000000000e+03 6.296632172504725844e+00
1.041000000000000000e+03 6.280588260684586643e+00
1.042000000000000000e+03 6.062068313796211250e+00
1.043000000000000000e+03 6.359542920894535989e+00
1.044000000000000000e+03 6.195302962674968050e+00
1.045000000000000000e+03 6.216294250699692547e+00
1.046000000000000000e+03 6.228212323719206189e+00
1.047000000000000000e+03 6.107986433659021941e+00
1.048000000000000000e+03 6.162306066537815319e+00
1.049000000000000000e+03 6.020079963865383910e+00
1.050000000000000000e+03 6.531930475250101509e+00
1.051000000000000000e+03 6.581571218065605855e+00
1.052000000000000000e+03 6.465200877776290156e+00
1.053000000000000000e+03 6.450794193610357219e+00
1.054000000000000000e+03 6.492393515285875161e+00
1.055000000000000000e+03 6.428484439450313559e+00
1.056000000000000000e+03 6.446720832618190400e+00
1.057000000000000000e+03 6.571966560842425586e+00
1.058000000000000000e+03 6.706447002077488229e+00
1.059000000000000000e+03 6.142090212233879853e+00
1.060000000000000000e+03 6.603479945448636812e+00
1.061000000000000000e+03 6.815875461620207076e+00
1.062000000000000000e+03 6.688430230536495102e+00
1.063000000000000000e+03 6.440985300493161425e+00
1.064000000000000000e+03 6.758859745854168821e+00
1.065000000000000000e+03 6.694493813205463439e+00
1.066000000000000000e+03 6.749172188255458948e+00
1.067000000000000000e+03 6.715071860329059561e+00
1.068000000000000000e+03 6.697282375308411417e+00
1.069000000000000000e+03 6.548024959930104139e+00
1.070000000000000000e+03 6.648524677184983744e+00
1.071000000000000000e+03 6.933797454666896343e+00
1.072000000000000000e+03 6.914966862722417673e+00
1.073000000000000000e+03 6.911403433411355657e+00
1.074000000000000000e+03 7.419579728396211493e+00
1.075000000000000000e+03 6.847388559024501831e+00
1.076000000000000000e+03 6.922187469403424664e+00
1.077000000000000000e+03 6.873807879704266099e+00
1.078000000000000000e+03 6.876292231414729450e+00
1.079000000000000000e+03 7.060441084906424081e+00
1.080000000000000000e+03 6.908871654299254317e+00
1.081000000000000000e+03 6.894536307606744074e+00
1.082000000000000000e+03 6.942904270357057150e+00
1.083000000000000000e+03 7.069241856075034747e+00
1.084000000000000000e+03 6.867535537351444397e+00
1.085000000000000000e+03 7.124615483217636935e+00
1.086000000000000000e+03 7.360846564545987292e+00
1.087000000000000000e+03 7.151224774831115738e+00
1.088000000000000000e+03 7.072853627455253367e+00
1.089000000000000000e+03 7.387125300819607610e+00
1.090000000000000000e+03 7.058468253040079965e+00
1.091000000000000000e+03 7.307525378359166268e+00
1.092000000000000000e+03 7.637684461311800455e+00
1.093000000000000000e+03 7.599394980626119178e+00
1.094000000000000000e+03 7.479216162063943685e+00
1.095000000000000000e+03 7.307350586398511538e+00
1.096000000000000000e+03 7.510661314179758463e+00
1.097000000000000000e+03 7.491612229034768866e+00
1.098000000000000000e+03 7.338014801204679749e+00
1.099000000000000000e+03 7.792456430405817258e+00
1.100000000000000000e+03 7.535124697099671920e+00
1.101000000000000000e+03 7.532525941545402226e+00
1.102000000000000000e+03 7.577236369366159074e+00
1.103000000000000000e+03 7.476809172472961507e+00
1.104000000000000000e+03 7.764042897827902578e+00
1.105000000000000000e+03 7.810195838250622025e+00
1.106000000000000000e+03 7.625484370677998669e+00
1.107000000000000000e+03 7.960809513837563856e+00
1.108000000000000000e+03 7.688212623171644111e+00
1.109000000000000000e+03 8.073916422895546674e+00
1.110000000000000000e+03 7.526026353295153015e+00
1.111000000000000000e+03 7.587554255755471821e+00
1.112000000000000000e+03 7.961855978001064038e+00
1.113000000000000000e+03 7.718395331989469810e+00
1.114000000000000000e+03 8.065283817475521033e+00
1.115000000000000000e+03 7.754216299414531832e+00
1.116000000000000000e+03 8.272617526474414618e+00
1.117000000000000000e+03 7.670508055351056065e+00
1.118000000000000000e+03 7.895614848540854602e+00
1.119000000000000000e+03 8.023004081929908438e+00
1.120000000000000000e+03 8.394068948260256846e+00
1.121000000000000000e+03 8.048802954555705824e+00
1.122000000000000000e+03 8.629899737836415952e+00
1.123000000000000000e+03 8.506529802042859245e+00
1.124000000000000000e+03 8.084166589196438935e+00
1.125000000000000000e+03 8.488444060808534530e+00
1.126000000000000000e+03 8.369681035724207518e+00
1.127000000000000000e+03 8.649660289167611538e+00
1.128000000000000000e+03 8.490866603553632430e+00
1.129000000000000000e+03 8.723473240164043574e+00
1.130000000000000000e+03 8.688428112453117080e+00
1.131000000000000000e+03 7.895345968649268187e+00
1.132000000000000000e+03 8.786914534352741057e+00
1.133000000000000000e+03 8.837637282235661473e+00
1.134000000000000000e+03 8.279323845069523458e+00
1.135000000000000000e+03 8.660445463634125929e+00
1.136000000000000000e+03 8.191713724174494615e+00
1.137000000000000000e+03 8.537277888759653877e+00
1.138000000000000000e+03 8.841823980322605081e+00
1.139000000000000000e+03 9.007367872154079080e+00
1.140000000000000000e+03 9.095128127112252159e+00
1.141000000000000000e+03 8.454123232854552583e+00
1.142000000000000000e+03 9.055225032240320715e+00
1.143000000000000000e+03 9.382085857270697105e+00
1.144000000000000000e+03 8.669553346145521644e+00
1.145000000000000000e+03 9.471037553215978733e+00
1.146000000000000000e+03 8.848564514104241496e+00
1.147000000000000000e+03 9.073622390157217055e+00
1.148000000000000000e+03 9.404573368686286017e+00
1.149000000000000000e+03 8.368051209278407399e+00
1.150000000000000000e+03 9.147627561598405066e+00
1.151000000000000000e+03 9.313107860146633499e+00
1.152000000000000000e+03 9.153005196007775623e+00
1.153000000000000000e+03 9.423329446532600073e+00
1.154000000000000000e+03 9.239383047641933189e+00
1.155000000000000000e+03 9.697463117406098121e+00
1.156000000000000000e+03 9.532975424510338414e+00
1.157000000000000000e+03 1.002813991682674377e+01
1.158000000000000000e+03 9.845703244828202472e+00
1.159000000000000000e+03 1.005880950844449728e+01
1.160000000000000000e+03 1.031636245009070052e+01
1.161000000000000000e+03 1.009985178880893919e+01
1.162000000000000000e+03 1.012427762996775726e+01
1.163000000000000000e+03 9.823949991729564957e+00
1.164000000000000000e+03 9.830966347673490091e+00
1.165000000000000000e+03 1.018294260067399115e+01
1.166000000000000000e+03 9.749962445542685430e+00
1.167000000000000000e+03 1.043246336100526328e+01
1.168000000000000000e+03 1.077587693607221730e+01
1.169000000000000000e+03 9.930431224387062272e+00
1.170000000000000000e+03 1.015428643787086926e+01
1.171000000000000000e+03 1.037414340347718600e+01
1.172000000000000000e+03 1.050884349020232733e+01
1.173000000000000000e+03 1.008565049722784757e+01
1.174000000000000000e+03 1.018408999458975650e+01
1.175000000000000000e+03 1.031136085192130913e+01
1.176000000000000000e+03 1.106348665583666424e+01
1.177000000000000000e+03 1.137279137389078798e+01
1.178000000000000000e+03 1.110076458912606334e+01
1.179000000000000000e+03 1.014806364813014916e+01
1.180000000000000000e+03 1.119118234850554572e+01
1.181000000000000000e+03 1.087082968951690809e+01
1.182000000000000000e+03 1.073533453359672940e+01
1.183000000000000000e+03 1.172527005186803528e+01
1.184000000000000000e+03 1.141736393802417915e+01
1.185000000000000000e+03 1.045548427717668361e+01
1.186000000000000000e+03 1.151687007718249234e+01
1.187000000000000000e+03 1.181316006546709296e+01
1.188000000000000000e+03 1.184855874707035106e+01
1.189000000000000000e+03 1.146476182690086709e+01
1.190000000000000000e+03 1.108904411741311158e+01
1.191000000000000000e+03 1.108268308742355579e+01
1.192000000000000000e+03 1.225758115106759050e+01
1.193000000000000000e+03 1.154759596564314528e+01
1.194000000000000000e+03 1.122453357643561844e+01
1.195000000000000000e+03 1.117912209712144644e+01
1.196000000000000000e+03 1.194676818664524554e+01
1.197000000000000000e+03 1.171491448071006580e+01
1.198000000000000000e+03 1.253891738395863342e+01
1.199000000000000000e+03 1.070957104790394965e+01
1.200000000000000000e+03 1.127481915779373267e+01
1.201000000000000000e+03 1.172975753745709504e+01
1.202000000000000000e+03 1.246740199554252015e+01
1.203000000000000000e+03 1.147813316533609651e+01
1.204000000000000000e+03 1.256018436053110321e+01
1.205000000000000000e+03 1.369661240879604414e+01
1.206000000000000000e+03 1.207734357278591020e+01
1.207000000000000000e+03 1.258740578792779807e+01
1.208000000000000000e+03 1.227430668167709449e+01
1.209000000000000000e+03 1.249638836964325961e+01
1.210000000000000000e+03 1.304842794494515346e+01
1.211000000000000000e+03 1.388489055080093948e+01
1.212000000000000000e+03 1.196876240950738968e+01
1.213000000000000000e+03 1.224339887424394036e+01
1.214000000000000000e+03 1.373185688640783653e+01
1.215000000000000000e+03 1.408991690142801723e+01
1.216000000000000000e+03 1.199772692487064774e+01
1.217000000000000000e+03 1.350721075909211599e+01
1.218000000000000000e+03 1.408457563806172530e+01
1.219000000000000000e+03 1.424737068511823779e+01
1.220000000000000000e+03 1.389034524470026533e+01
1.221000000000000000e+03 1.342346877810065209e+01
1.222000000000000000e+03 1.465433152303702613e+01
1.223000000000000000e+03 1.532560083167552101e+01
1.224000000000000000e+03 1.428425553468840903e+01
1.225000000000000000e+03 1.349019986788833059e+01
1.226000000000000000e+03 1.448197000497696862e+01
1.227000000000000000e+03 1.319759394930891361e+01
1.228000000000000000e+03 1.392466812596258485e+01
1.229000000000000000e+03 1.454708868241461950e+01
1.230000000000000000e+03 1.436002990892246522e+01
1.231000000000000000e+03 1.358527146748220282e+01
1.232000000000000000e+03 1.435365667878252260e+01
1.233000000000000000e+03 1.436187054984685396e+01
1.234000000000000000e+03 1.501064554782109894e+01
1.235000000000000000e+03 1.560330691787192237e+01
1.236000000000000000e+03 1.591035362934853126e+01
1.237000000000000000e+03 1.343070494631186484e+01
1.238000000000000000e+03 1.624920592226956018e+01
1.239000000000000000e+03 1.783536378844488013e+01
1.240000000000000000e+03 1.631554190419176820e+01
1.241000000000000000e+03 1.648566039883845846e+01
1.242000000000000000e+03 1.486803151278686030e+01
1.243000000000000000e+03 1.635693187980814045e+01
1.244000000000000000e+03 1.641878742587076800e+01
1.245000000000000000e+03 1.571425047122083818e+01
1.246000000000000000e+03 1.500997553982787558e+01
1.247000000000000000e+03 1.789180144495569991e+01
1.248000000000000000e+03 1.666235362163378753e+01
1.249000000000000000e+03 1.747848377406810627e+01
1.250000000000000000e+03 1.694533789730960649e+01
1.251000000000000000e+03 1.596585623235149498e+01
1.252000000000000000e+03 1.963956531968415575e+01
1.253000000000000000e+03 1.807577791486259144e+01
1.254000000000000000e+03 1.709382315715012979e+01
1.255000000000000000e+03 1.726198744944832697e+01
1.256000000000000000e+03 1.730040150841999491e+01
1.257000000000000000e+03 1.843985932651490955e+01
1.258000000000000000e+03 1.660640664088220575e+01
1.259000000000000000e+03 1.759404205359453144e+01
1.260000000000000000e+03 1.689027770822742980e+01
1.261000000000000000e+03 1.721764678284364436e+01
1.262000000000000000e+03 1.714098727129519517e+01
1.263000000000000000e+03 1.985737203140832463e+01
1.264000000000000000e+03 1.976148229848740812e+01
1.265000000000000000e+03 2.058113088637115595e+01
1.266000000000000000e+03 1.915263246271821984e+01
1.267000000000000000e+03 1.798535670933883068e+01
1.268000000000000000e+03 2.054999301608297557e+01
1.269000000000000000e+03 2.111136869172282715e+01
1.270000000000000000e+03 1.906962578851981860e+01
1.271000000000000000e+03 2.259810412752788267e+01
1.272000000000000000e+03 2.047709400070366925e+01
1.273000000000000000e+03 2.048300262307682829e+01
1.274000000000000000e+03 1.949483473666028743e+01
1.275000000000000000e+03 2.174526971082905291e+01
1.276000000000000000e+03 1.951414043034685619e+01
1.277000000000000000e+03 2.153930116357833668e+01
1.278000000000000000e+03 2.187177206639036697e+01
1.279000000000000000e+03 2.062923610679168007e+01
1.280000000000000000e+03 2.282421296400558930e+01
1.281000000000000000e+03 2.298371171842879335e+01
1.282000000000000000e+03 2.030242075554615511e+01
1.283000000000000000e+03 2.211761989075042223e+01
1.284000000000000000e+03 2.221519764985501411e+01
1.285000000000000000e+03 2.009802290052121521e+01
1.286000000000000000e+03 2.502394455918416938e+01
1.287000000000000000e+03 2.015430451723060656e+01
1.288000000000000000e+03 2.436049884772668150e+01
1.289000000000000000e+03 2.270843515225974230e+01
1.290000000000000000e+03 2.670141139999251934e+01
1.291000000000000000e+03 2.205807761010019163e+01
1.292000000000000000e+03 1.957005190813636020e+01
1.293000000000000000e+03 2.287158350364431669e+01
1.294000000000000000e+03 2.136845891600549052e+01
1.295000000000000000e+03 2.525868648760091162e+01
1.296000000000000000e+03 2.675058373803478773e+01
1.297000000000000000e+03 2.479774182229690638e+01
1.298000000000000000e+03 2.584662817858648864e+01
1.299000000000000000e+03 2.364876892678804410e+01
1.300000000000000000e+03 3.004409168935724139e+01
1.301000000000000000e+03 2.733748699819600247e+01
1.302000000000000000e+03 2.166485499588156571e+01
1.303000000000000000e+03 2.519603453731322062e+01
1.304000000000000000e+03 2.638038369358378077e+01
1.305000000000000000e+03 2.688801136890188559e+01
1.306000000000000000e+03 2.467139200238380070e+01
1.307000000000000000e+03 2.923731363782389181e+01
1.308000000000000000e+03 2.737116088882098808e+01
1.309000000000000000e+03 2.719618261966396844e+01
1.310000000000000000e+03 2.594843648193575092e+01
1.311000000000000000e+03 2.770837751320172870e+01
1.312000000000000000e+03 2.545731779096665193e+01
1.313000000000000000e+03 3.185837121544079764e+01
1.314000000000000000e+03 3.048990101728930924e+01
1.315000000000000000e+03 3.217602151703574265e+01
1.316000000000000000e+03 3.037973554866686143e+01
1.317000000000000000e+03 4.054353132127752701e+01
1.318000000000000000e+03 2.525735463068956577e+01
1.319000000000000000e+03 2.959255362046488358e+01
1.320000000000000000e+03 3.246324980427701945e+01
1.321000000000000000e+03 2.732989443535824847e+01
1.322000000000000000e+03 3.373848195136447004e+01
1.323000000000000000e+03 2.745315534968493054e+01
1.324000000000000000e+03 2.831941825219881537e+01
1.325000000000000000e+03 2.980636048890911383e+01
1.326000000000000000e+03 3.315294298643576809e+01
1.327000000000000000e+03 4.013494355030703531e+01
1.328000000000000000e+03 3.218579909588842725e+01
1.329000000000000000e+03 3.376637121460937152e+01
1.330000000000000000e+03 3.359374820408597628e+01
1.331000000000000000e+03 3.388096019232184375e+01
1.332000000000000000e+03 3.110840548113554860e+01
1.333000000000000000e+03 4.167906040211848762e+01
1.334000000000000000e+03 2.882095122118370156e+01
1.335000000000000000e+03 3.989119276373212841e+01
1.336000000000000000e+03 3.659146705235691144e+01
1.337000000000000000e+03 4.039469539691896216e+01
1.338000000000000000e+03 3.663907506156706972e+01
1.339000000000000000e+03 4.554419851198942126e+01
1.340000000000000000e+03 3.471510778110729234e+01
1.341000000000000000e+03 3.801315759130371674e+01
1.342000000000000000e+03 4.414820267060997594e+01
1.343000000000000000e+03 4.623102214805003740e+01
1.344000000000000000e+03 4.621321497955429436e+01
1.345000000000000000e+03 4.053351200667223964e+01
1.346000000000000000e+03 3.766612213440906487e+01
1.347000000000000000e+03 3.612385368981924216e+01
1.348000000000000000e+03 4.581011044076647920e+01
1.349000000000000000e+03 4.428415389456016271e+01
1.350000000000000000e+03 5.019908282345051020e+01
1.351000000000000000e+03 4.672598711204293664e+01
1.352000000000000000e+03 4.771945728261102460e+01
1.353000000000000000e+03 5.386464598387122749e+01
1.354000000000000000e+03 3.903217984944503627e+01
1.355000000000000000e+03 4.706925985670982726e+01
1.356000000000000000e+03 5.242343554732310196e+01
1.357000000000000000e+03 3.683770450760169268e+01
1.358000000000000000e+03 4.786926190727237440e+01
1.359000000000000000e+03 4.903249841061682446e+01
1.360000000000000000e+03 5.320581337726087412e+01
1.361000000000000000e+03 5.714993190280384994e+01
1.362000000000000000e+03 5.613483027553847649e+01
1.363000000000000000e+03 5.633958814874415566e+01
1.364000000000000000e+03 6.094072761171074859e+01
1.365000000000000000e+03 6.339042976205929136e+01
1.366000000000000000e+03 5.597609728821851860e+01
1.367000000000000000e+03 6.934819380768513497e+01
1.368000000000000000e+03 6.122271912207881428e+01
1.369000000000000000e+03 5.239870590335952016e+01
1.370000000000000000e+03 6.462069230606248027e+01
1.371000000000000000e+03 5.798936573505029202e+01
1.372000000000000000e+03 7.159714827931308889e+01
1.373000000000000000e+03 5.655190826831799455e+01
1.374000000000000000e+03 5.393662418432624861e+01
1.375000000000000000e+03 6.156019311148423867e+01
1.376000000000000000e+03 6.191455291873619871e+01
1.377000000000000000e+03 5.928309310636408469e+01
1.378000000000000000e+03 8.745984062829403172e+01
1.379000000000000000e+03 4.944277820158028192e+01
1.380000000000000000e+03 7.681984631397573082e+01
1.381000000000000000e+03 6.732162935976006679e+01
1.382000000000000000e+03 7.270755323898812605e+01
1.383000000000000000e+03 8.272113788263833101e+01
1.384000000000000000e+03 6.424904149623542082e+01
1.385000000000000000e+03 7.079218905556884067e+01
1.386000000000000000e+03 6.408578412193449481e+01
1.387000000000000000e+03 7.931470252327652304e+01
1.388000000000000000e+03 8.220106976496832374e+01
1.389000000000000000e+03 9.930729567864717922e+01
1.390000000000000000e+03 6.189989712512895892e+01
1.391000000000000000e+03 4.772360919252269440e+01
1.392000000000000000e+03 8.495601342949375123e+01
1.393000000000000000e+03 1.024527139482262470e+02
1.394000000000000000e+03 9.357931902418873449e+01
1.395000000000000000e+03 7.022974946273826902e+01
1.396000000000000000e+03 7.944315200356140849e+01
1.397000000000000000e+03 1.341741822556241175e+02
1.398000000000000000e+03 7.832092657998074969e+01
1.399000000000000000e+03 1.257316594929243792e+02
1.400000000000000000e+03 8.567425486619421804e+01
1.401000000000000000e+03 1.004310060764208998e+02
1.402000000000000000e+03 1.313828605627025752e+02
1.403000000000000000e+03 1.023830444771477772e+02
1.404000000000000000e+03 8.045234678540207085e+01
1.405000000000000000e+03 9.109842500044237568e+01
1.406000000000000000e+03 1.029036838074066651e+02
1.407000000000000000e+03 7.702637775558110889e+01
1.408000000000000000e+03 1.266643323106680441e+02
1.409000000000000000e+03 1.153479495950198270e+02
1.410000000000000000e+03 1.598918304471660292e+02
1.411000000000000000e+03 9.580733913850897920e+01
1.412000000000000000e+03 1.238829491938287646e+02
1.413000000000000000e+03 1.018991354111368963e+02
1.414000000000000000e+03 1.505088349861046026e+02
1.415000000000000000e+03 1.094100168503657784e+02
1.416000000000000000e+03 1.103378650342906582e+02
1.417000000000000000e+03 1.520172205943029269e+02
1.418000000000000000e+03 1.414972992835227501e+02
1.419000000000000000e+03 7.840783690356425950e+01
1.420000000000000000e+03 1.597457971553122036e+02
1.421000000000000000e+03 1.512857422868397350e+02
1.422000000000000000e+03 1.802910174811955244e+02
1.423000000000000000e+03 1.742697533367998517e+02
1.424000000000000000e+03 1.076742835115362453e+02
1.425000000000000000e+03 1.584096980191287116e+02
1.426000000000000000e+03 2.090355894967609629e+02
1.427000000000000000e+03 7.509181078416666821e+01
1.428000000000000000e+03 1.968446123458014370e+02
1.429000000000000000e+03 1.651313083097815309e+02
1.430000000000000000e+03 1.356535002924678679e+02
1.431000000000000000e+03 3.574148508637130135e+02
1.432000000000000000e+03 2.233524827628554306e+02
1.433000000000000000e+03 2.570036474532147395e+02
1.434000000000000000e+03 3.396695558028071673e+02
1.435000000000000000e+03 2.041694564676000141e+02
1.436000000000000000e+03 2.127856127071180765e+02
1.437000000000000000e+03 2.798992124177954111e+02
1.438000000000000000e+03 5.203166750280889801e+02
1.439000000000000000e+03 3.156310301510979457e+02
1.440000000000000000e+03 2.781689621961411945e+02
1.441000000000000000e+03 2.430704947809277883e+02
1.442000000000000000e+03 3.269537854093802025e+02
1.443000000000000000e+03 3.657432779542699564e+02
1.444000000000000000e+03 2.364570540427791911e+02
1.445000000000000000e+03 4.252059361028652233e+02
1.446000000000000000e+03 4.903293555546243851e+02
1.447000000000000000e+03 5.049335821591971012e+02
1.448000000000000000e+03 5.150034561510107096e+02
1.449000000000000000e+03 4.982324367234026568e+02
1.450000000000000000e+03 3.705703515556549519e+02
1.451000000000000000e+03 5.364834152651470731e+02
1.452000000000000000e+03 6.713857663988986815e+02
1.453000000000000000e+03 5.621925102993997143e+02
1.454000000000000000e+03 5.852558773212188044e+02
1.455000000000000000e+03 4.923192869536243279e+02
1.456000000000000000e+03 6.547079302665329124e+02
1.457000000000000000e+03 7.221241975025901638e+02
1.458000000000000000e+03 7.110932003141847417e+02
1.459000000000000000e+03 4.635805067468522225e+02
1.460000000000000000e+03 6.802185917927070022e+02
1.461000000000000000e+03 9.059971105770462145e+02
1.462000000000000000e+03 6.905729971472302395e+02
1.463000000000000000e+03 9.955832961487656121e+02
1.464000000000000000e+03 5.807367649724021703e+02
1.465000000000000000e+03 8.768538125849270273e+02
1.466000000000000000e+03 8.703475767208915386e+02
1.467000000000000000e+03 1.278356057444415455e+03
1.468000000000000000e+03 1.110675857839307128e+03
1.469000000000000000e+03 8.752425316159204840e+02
1.470000000000000000e+03 7.794444887474168127e+02
1.471000000000000000e+03 1.368898562094009321e+03
1.472000000000000000e+03 1.446588562393568054e+03
1.473000000000000000e+03 9.641457079274551916e+02
1.474000000000000000e+03 1.382465780503755923e+03
1.475000000000000000e+03 2.055729560477959240e+03
1.476000000000000000e+03 1.545489134585680858e+03
1.477000000000000000e+03 2.295284478804950140e+03
1.478000000000000000e+03 2.413847563601262664e+03
1.479000000000000000e+03 2.213414853657422100e+03
1.480000000000000000e+03 2.411245885987402289e+03
1.481000000000000000e+03 3.995083399238142192e+03
1.482000000000000000e+03 4.421918212211273385e+03
1.483000000000000000e+03 3.382494796425594359e+03
1.484000000000000000e+03 5.135940583188476921e+03
1.485000000000000000e+03 4.798569509338213720e+03
1.486000000000000000e+03 4.554352985702505975e+03
1.487000000000000000e+03 4.267388645284525410e+03
1.488000000000000000e+03 7.266730020251242422e+03
1.489000000000000000e+03 1.037131803634416246e+04
1.490000000000000000e+03 1.368009803872459088e+04
1.491000000000000000e+03 1.497429956978386872e+04
1.492000000000000000e+03 2.396493945036999867e+04
1.493000000000000000e+03 2.771086837655064664e+04
1.494000000000000000e+03 5.177064093653784948e+04
1.495000000000000000e+03 8.601290267447673250e+04
1.496000000000000000e+03 1.172738754745954648e+05
1.497000000000000000e+03 2.499788859260209720e+05
1.498000000000000000e+03 4.364188578785503632e+05
