# size duration
4.300000000000012146e-03 3.957086125791803077e+00
3.699999999999994960e-03 2.011386189209730446e+00
3.799999999999997824e-03 2.125233448881755471e+00
3.549999999999997602e-03 1.637361188594522732e+00
4.099999999999992539e-03 2.458346298616336245e+00
4.249999999999976019e-03 7.844869920729451440e-01
4.000000000000003553e-03 1.328786138072841849e+00
4.500000000000059508e-04 3.235807942881369081e-02
3.400000000000014122e-03 5.690299703811864118e-01
1.000000000000000888e-03 7.762723934672002835e-02
3.299999999999969624e-03 7.699487678469804086e-01
4.649999999999987477e-03 5.939973831475162669e-01
3.099999999999991651e-03 3.393154743594946066e-01
5.799999999999971845e-03 1.404830236200420357e+00
2.799999999999969180e-03 3.850429228331864184e-01
1.050000000000050893e-03 8.406790573583851345e-02
7.500000000000284217e-04 5.614973725910792773e-02
6.650000000000044764e-03 1.126834923896734564e+00
2.550000000000052225e-03 3.250607136417412724e-01
4.750000000000031974e-03 2.772629291760019488e+00
1.044999999999995932e-02 1.763693694293763770e+00
1.100000000000000977e-02 3.475956109500451863e+00
3.550000000000053113e-03 2.989785773074912223e-01
7.000000000000339284e-04 5.026578902357207307e-02
3.650000000000042100e-03 4.926651267453358574e-01
7.599999999999940137e-03 1.119839528367220005e+00
1.265000000000005009e-02 3.490932820194511343e+00
