# itime ezz other fcc hcp bcc cubicDiamond hexDiamond
0.000000000000000000e+00 0.000000000000000000e+00 2.275830678197541916e-03 9.977241693218024121e-01 0.000000000000000000e+00 0.000000000000000000e+00 0.000000000000000000e+00 0.000000000000000000e+00
3.000000000000000000e+01 1.199996087320620575e-02 1.024123805188893906e-03 9.989758761948110966e-01 0.000000000000000000e+00 0.000000000000000000e+00 0.000000000000000000e+00 0.000000000000000000e+00
6.000000000000000000e+01 2.399992174641218945e-02 7.851615839781519654e-03 9.921483841602184439e-01 0.000000000000000000e+00 0.000000000000000000e+00 0.000000000000000000e+00 0.000000000000000000e+00
9.000000000000000000e+01 3.599988261961839520e-02 7.851615839781519654e-03 9.921483841602184439e-01 0.000000000000000000e+00 0.000000000000000000e+00 0.000000000000000000e+00 0.000000000000000000e+00
1.200000000000000000e+02 4.799984349282437890e-02 1.900318616294947513e-02 9.809968138370505075e-01 0.000000000000000000e+00 0.000000000000000000e+00 0.000000000000000000e+00 0.000000000000000000e+00
1.500000000000000000e+02 5.999980436603058465e-02 3.288575329995448160e-02 9.671142467000455323e-01 0.000000000000000000e+00 0.000000000000000000e+00 0.000000000000000000e+00 0.000000000000000000e+00
1.800000000000000000e+02 7.199976523923656835e-02 6.383705052344106068e-02 9.361629494765589810e-01 0.000000000000000000e+00 0.000000000000000000e+00 0.000000000000000000e+00 0.000000000000000000e+00
2.100000000000000000e+02 8.399972611244277410e-02 1.022985889849795244e-01 8.977014110150204340e-01 0.000000000000000000e+00 0.000000000000000000e+00 0.000000000000000000e+00 0.000000000000000000e+00
2.400000000000000000e+02 9.599968698564897984e-02 1.760355029585798925e-01 8.239644970414201630e-01 0.000000000000000000e+00 0.000000000000000000e+00 0.000000000000000000e+00 0.000000000000000000e+00
2.700000000000000000e+02 1.079996478588549635e-01 3.082612653618570508e-01 6.917387346381429492e-01 0.000000000000000000e+00 0.000000000000000000e+00 0.000000000000000000e+00 0.000000000000000000e+00
3.000000000000000000e+02 1.199996087320611693e-01 4.754210286754665393e-01 5.245789713245334607e-01 0.000000000000000000e+00 0.000000000000000000e+00 0.000000000000000000e+00 0.000000000000000000e+00
3.300000000000000000e+02 1.319995696052671530e-01 6.446290395994538347e-01 3.548020027309968238e-01 5.689576695493854790e-04 0.000000000000000000e+00 0.000000000000000000e+00 0.000000000000000000e+00
3.600000000000000000e+02 1.439995304784733587e-01 8.043923532089212181e-01 1.940145653163404538e-01 1.593081474738279385e-03 0.000000000000000000e+00 0.000000000000000000e+00 0.000000000000000000e+00
3.900000000000000000e+02 1.559994913516795645e-01 8.924670004551661373e-01 1.015020482476103741e-01 6.030951297223486815e-03 0.000000000000000000e+00 0.000000000000000000e+00 0.000000000000000000e+00
4.200000000000000000e+02 1.679994522248855482e-01 9.313837050523441352e-01 5.769230769230769551e-02 1.092398725534820224e-02 0.000000000000000000e+00 0.000000000000000000e+00 0.000000000000000000e+00
4.500000000000000000e+02 1.799994130980917539e-01 9.425352753755120716e-01 3.948566226672735324e-02 1.797906235776058209e-02 0.000000000000000000e+00 0.000000000000000000e+00 0.000000000000000000e+00
4.800000000000000000e+02 1.919993739712977376e-01 9.476558944014564778e-01 3.106508875739644876e-02 2.127901684114701791e-02 0.000000000000000000e+00 0.000000000000000000e+00 0.000000000000000000e+00
5.100000000000000000e+02 2.039993348445039434e-01 9.541420118343195700e-01 2.196176604460628110e-02 2.389622212107419055e-02 0.000000000000000000e+00 0.000000000000000000e+00 0.000000000000000000e+00
5.400000000000000000e+02 2.159992957177099271e-01 9.577833409194356218e-01 1.945835229858898507e-02 2.275830678197542090e-02 0.000000000000000000e+00 0.000000000000000000e+00 0.000000000000000000e+00
5.700000000000000000e+02 2.279992565909161328e-01 9.594902139280837572e-01 1.866181156121984527e-02 2.184797451069640448e-02 0.000000000000000000e+00 0.000000000000000000e+00 0.000000000000000000e+00
6.000000000000000000e+02 2.399992174641223386e-01 9.638142922166590409e-01 1.627218934911242587e-02 1.991351843422849502e-02 0.000000000000000000e+00 0.000000000000000000e+00 0.000000000000000000e+00
6.300000000000000000e+02 2.519991783373283223e-01 9.626763768775603580e-01 1.729631315430131891e-02 2.002730996813837164e-02 0.000000000000000000e+00 0.000000000000000000e+00 0.000000000000000000e+00
6.600000000000000000e+02 2.639991392105345280e-01 9.638142922166590409e-01 1.604460628129267263e-02 2.014110150204824826e-02 0.000000000000000000e+00 0.000000000000000000e+00 0.000000000000000000e+00
6.900000000000000000e+02 2.759991000837405117e-01 9.677969959035047642e-01 1.251706873008648184e-02 1.968593536640873831e-02 0.000000000000000000e+00 0.000000000000000000e+00 0.000000000000000000e+00
7.200000000000000000e+02 2.879990609569467175e-01 9.701866181156122426e-01 1.092398725534820224e-02 1.888939462903959851e-02 0.000000000000000000e+00 0.000000000000000000e+00 0.000000000000000000e+00
7.500000000000000000e+02 2.999990218301529232e-01 9.733727810650887324e-01 1.012744651797906244e-02 1.649977241693217911e-02 0.000000000000000000e+00 0.000000000000000000e+00 0.000000000000000000e+00
7.800000000000000000e+02 3.119989827033589069e-01 9.715521165225307065e-01 1.115157032316795548e-02 1.729631315430131891e-02 0.000000000000000000e+00 0.000000000000000000e+00 0.000000000000000000e+00
8.100000000000000000e+02 3.239989435765651127e-01 9.788347746927628101e-01 8.534365043240782836e-03 1.263086026399635846e-02 0.000000000000000000e+00 0.000000000000000000e+00 0.000000000000000000e+00
8.400000000000000000e+02 3.359989044497710964e-01 9.800864815657714946e-01 8.420573509330906217e-03 1.149294492489758707e-02 0.000000000000000000e+00 0.000000000000000000e+00 0.000000000000000000e+00
8.700000000000000000e+02 3.479988653229773021e-01 9.790623577605825911e-01 6.941283568502503235e-03 1.399635867091488309e-02 0.000000000000000000e+00 0.000000000000000000e+00 0.000000000000000000e+00
9.000000000000000000e+02 3.599988261961832858e-01 9.820209376422394110e-01 7.510241238051888930e-03 1.046882111970869403e-02 0.000000000000000000e+00 0.000000000000000000e+00 0.000000000000000000e+00
9.300000000000000000e+02 3.719987870693897136e-01 9.844105598543468894e-01 6.144742831133363434e-03 9.444697314519799256e-03 0.000000000000000000e+00 0.000000000000000000e+00 0.000000000000000000e+00
9.600000000000000000e+02 3.839987479425956973e-01 9.857760582612653533e-01 6.372325898953117539e-03 7.851615839781519654e-03 0.000000000000000000e+00 0.000000000000000000e+00 0.000000000000000000e+00
9.900000000000000000e+02 3.959987088158016810e-01 9.860036413290851343e-01 5.461993627674101119e-03 8.534365043240782836e-03 0.000000000000000000e+00 0.000000000000000000e+00 0.000000000000000000e+00
1.020000000000000000e+03 4.079986696890078868e-01 9.875967228038233792e-01 4.665452890304961318e-03 7.737824305871643035e-03 0.000000000000000000e+00 0.000000000000000000e+00 0.000000000000000000e+00
1.050000000000000000e+03 4.199986305622140925e-01 9.882794720072826111e-01 4.779244424214838804e-03 6.941283568502503235e-03 0.000000000000000000e+00 0.000000000000000000e+00 0.000000000000000000e+00
1.080000000000000000e+03 4.319985914354200762e-01 9.905553026854801990e-01 4.210286754665453109e-03 5.234410559854347014e-03 0.000000000000000000e+00 0.000000000000000000e+00 0.000000000000000000e+00
1.110000000000000000e+03 4.439985523086260599e-01 9.915794264906691025e-01 3.755120619025944465e-03 4.665452890304961318e-03 0.000000000000000000e+00 0.000000000000000000e+00 0.000000000000000000e+00
1.140000000000000000e+03 4.559985131818322657e-01 9.931725079654073474e-01 2.617205279927173507e-03 4.210286754665453109e-03 0.000000000000000000e+00 0.000000000000000000e+00 0.000000000000000000e+00
1.170000000000000000e+03 4.679984740550382494e-01 9.923759672280382249e-01 2.844788347746927612e-03 4.779244424214838804e-03 0.000000000000000000e+00 0.000000000000000000e+00 0.000000000000000000e+00
1.200000000000000000e+03 4.799984349282444551e-01 9.931725079654073474e-01 3.186162949476558769e-03 3.641329085116067413e-03 0.000000000000000000e+00 0.000000000000000000e+00 0.000000000000000000e+00
1.230000000000000000e+03 4.919983958014504388e-01 9.930587164314974569e-01 2.844788347746927612e-03 4.096495220755575623e-03 0.000000000000000000e+00 0.000000000000000000e+00 0.000000000000000000e+00
1.260000000000000000e+03 5.039983566746566446e-01 9.929449248975875664e-01 2.958579881656804664e-03 4.096495220755575623e-03 0.000000000000000000e+00 0.000000000000000000e+00 0.000000000000000000e+00
1.290000000000000000e+03 5.159983175478626283e-01 9.948793809740554828e-01 1.479289940828402332e-03 3.641329085116067413e-03 0.000000000000000000e+00 0.000000000000000000e+00 0.000000000000000000e+00
1.320000000000000000e+03 5.279982784210690561e-01 9.946517979062358128e-01 1.934456076467910759e-03 3.413746017296313308e-03 0.000000000000000000e+00 0.000000000000000000e+00 0.000000000000000000e+00
1.350000000000000000e+03 5.399982392942750398e-01 9.965862539827037292e-01 1.024123805188893906e-03 2.389622212107419402e-03 0.000000000000000000e+00 0.000000000000000000e+00 0.000000000000000000e+00
1.380000000000000000e+03 5.519982001674812455e-01 9.968138370505233992e-01 1.479289940828402332e-03 1.706873008648156654e-03 0.000000000000000000e+00 0.000000000000000000e+00 0.000000000000000000e+00
1.410000000000000000e+03 5.639981610406872292e-01 9.964724624487938387e-01 1.479289940828402332e-03 2.048247610377787811e-03 0.000000000000000000e+00 0.000000000000000000e+00 0.000000000000000000e+00
1.440000000000000000e+03 5.759981219138934350e-01 9.963586709148839482e-01 1.251706873008648227e-03 2.389622212107419402e-03 0.000000000000000000e+00 0.000000000000000000e+00 0.000000000000000000e+00
1.470000000000000000e+03 5.879980827870994187e-01 9.972690031861629611e-01 1.137915339098770958e-03 1.593081474738279385e-03 0.000000000000000000e+00 0.000000000000000000e+00 0.000000000000000000e+00
1.500000000000000000e+03 5.999980436603056244e-01 9.973827947200728516e-01 1.365498406918525280e-03 1.251706873008648227e-03 0.000000000000000000e+00 0.000000000000000000e+00 0.000000000000000000e+00
1.530000000000000000e+03 6.119980045335116081e-01 9.974965862539827421e-01 9.103322712790168532e-04 1.593081474738279385e-03 0.000000000000000000e+00 0.000000000000000000e+00 0.000000000000000000e+00
1.560000000000000000e+03 6.239979654067178139e-01 9.963586709148839482e-01 1.365498406918525280e-03 2.275830678197541916e-03 0.000000000000000000e+00 0.000000000000000000e+00 0.000000000000000000e+00
1.590000000000000000e+03 6.359979262799237976e-01 9.968138370505233992e-01 1.137915339098770958e-03 2.048247610377787811e-03 0.000000000000000000e+00 0.000000000000000000e+00 0.000000000000000000e+00
1.620000000000000000e+03 6.479978871531300033e-01 9.972690031861629611e-01 1.251706873008648227e-03 1.479289940828402332e-03 0.000000000000000000e+00 0.000000000000000000e+00 0.000000000000000000e+00
1.650000000000000000e+03 6.599978480263359870e-01 9.979517523896221931e-01 6.827492034592626399e-04 1.365498406918525280e-03 0.000000000000000000e+00 0.000000000000000000e+00 0.000000000000000000e+00
1.680000000000000000e+03 6.719978088995424148e-01 9.972690031861629611e-01 1.365498406918525280e-03 1.365498406918525280e-03 0.000000000000000000e+00 0.000000000000000000e+00 0.000000000000000000e+00
1.710000000000000000e+03 6.839977697727483985e-01 9.976103777878926326e-01 1.024123805188893906e-03 1.365498406918525280e-03 0.000000000000000000e+00 0.000000000000000000e+00 0.000000000000000000e+00
1.740000000000000000e+03 6.959977306459546043e-01 9.971552116522530707e-01 1.479289940828402332e-03 1.365498406918525280e-03 0.000000000000000000e+00 0.000000000000000000e+00 0.000000000000000000e+00
1.770000000000000000e+03 7.079976915191608100e-01 9.973827947200728516e-01 1.024123805188893906e-03 1.593081474738279385e-03 0.000000000000000000e+00 0.000000000000000000e+00 0.000000000000000000e+00
1.800000000000000000e+03 7.199976523923667937e-01 9.982931269913518646e-01 7.965407373691396923e-04 9.103322712790168532e-04 0.000000000000000000e+00 0.000000000000000000e+00 0.000000000000000000e+00
1.830000000000000000e+03 7.319976132655727774e-01 9.978379608557123026e-01 5.689576695493854790e-04 1.593081474738279385e-03 0.000000000000000000e+00 0.000000000000000000e+00 0.000000000000000000e+00
1.860000000000000000e+03 7.439975741387789832e-01 9.980655439235320836e-01 5.689576695493854790e-04 1.365498406918525280e-03 0.000000000000000000e+00 0.000000000000000000e+00 0.000000000000000000e+00
1.890000000000000000e+03 7.559975350119851889e-01 9.982931269913518646e-01 5.689576695493854790e-04 1.137915339098770958e-03 0.000000000000000000e+00 0.000000000000000000e+00 0.000000000000000000e+00
1.920000000000000000e+03 7.679974958851911726e-01 9.979517523896221931e-01 6.827492034592626399e-04 1.365498406918525280e-03 0.000000000000000000e+00 0.000000000000000000e+00 0.000000000000000000e+00
1.950000000000000000e+03 7.799974567583971563e-01 9.984069185252617551e-01 6.827492034592626399e-04 9.103322712790168532e-04 0.000000000000000000e+00 0.000000000000000000e+00 0.000000000000000000e+00
1.980000000000000000e+03 7.919974176316033621e-01 9.986345015930814251e-01 5.689576695493854790e-04 7.965407373691396923e-04 0.000000000000000000e+00 0.000000000000000000e+00 0.000000000000000000e+00
2.010000000000000000e+03 8.039973785048097898e-01 9.984069185252617551e-01 6.827492034592626399e-04 9.103322712790168532e-04 0.000000000000000000e+00 0.000000000000000000e+00 0.000000000000000000e+00
2.040000000000000000e+03 8.159973393780157735e-01 9.980655439235320836e-01 2.275830678197542133e-04 1.706873008648156654e-03 0.000000000000000000e+00 0.000000000000000000e+00 0.000000000000000000e+00
2.070000000000000000e+03 8.279973002512217573e-01 9.986345015930814251e-01 2.275830678197542133e-04 1.137915339098770958e-03 0.000000000000000000e+00 0.000000000000000000e+00 0.000000000000000000e+00
2.100000000000000000e+03 8.399972611244279630e-01 9.982931269913518646e-01 5.689576695493854790e-04 1.137915339098770958e-03 0.000000000000000000e+00 0.000000000000000000e+00 0.000000000000000000e+00
2.130000000000000000e+03 8.519972219976341687e-01 9.989758761948110966e-01 1.137915339098771066e-04 9.103322712790168532e-04 0.000000000000000000e+00 0.000000000000000000e+00 0.000000000000000000e+00
2.160000000000000000e+03 8.639971828708401524e-01 9.990896677287209870e-01 2.275830678197542133e-04 6.827492034592626399e-04 0.000000000000000000e+00 0.000000000000000000e+00 0.000000000000000000e+00
2.190000000000000000e+03 8.759971437440461361e-01 9.984069185252617551e-01 5.689576695493854790e-04 1.024123805188893906e-03 0.000000000000000000e+00 0.000000000000000000e+00 0.000000000000000000e+00
2.220000000000000000e+03 8.879971046172521199e-01 9.984069185252617551e-01 6.827492034592626399e-04 9.103322712790168532e-04 0.000000000000000000e+00 0.000000000000000000e+00 0.000000000000000000e+00
2.250000000000000000e+03 8.999970654904583256e-01 9.988620846609012061e-01 3.413746017296313199e-04 7.965407373691396923e-04 0.000000000000000000e+00 0.000000000000000000e+00 0.000000000000000000e+00
2.280000000000000000e+03 9.119970263636645313e-01 9.988620846609012061e-01 2.275830678197542133e-04 9.103322712790168532e-04 0.000000000000000000e+00 0.000000000000000000e+00 0.000000000000000000e+00
2.310000000000000000e+03 9.239969872368705150e-01 9.990896677287209870e-01 2.275830678197542133e-04 6.827492034592626399e-04 0.000000000000000000e+00 0.000000000000000000e+00 0.000000000000000000e+00
2.340000000000000000e+03 9.359969481100764988e-01 9.988620846609012061e-01 3.413746017296313199e-04 7.965407373691396923e-04 0.000000000000000000e+00 0.000000000000000000e+00 0.000000000000000000e+00
2.370000000000000000e+03 9.479969089832827045e-01 9.987482931269913156e-01 4.551661356395084266e-04 7.965407373691396923e-04 0.000000000000000000e+00 0.000000000000000000e+00 0.000000000000000000e+00
2.400000000000000000e+03 9.599968698564891323e-01 9.985207100591716456e-01 3.413746017296313199e-04 1.137915339098770958e-03 0.000000000000000000e+00 0.000000000000000000e+00 0.000000000000000000e+00
2.430000000000000000e+03 9.719968307296951160e-01 9.990896677287209870e-01 3.413746017296313199e-04 5.689576695493854790e-04 0.000000000000000000e+00 0.000000000000000000e+00 0.000000000000000000e+00
2.460000000000000000e+03 9.839967916029008776e-01 9.979517523896221931e-01 6.827492034592626399e-04 1.365498406918525280e-03 0.000000000000000000e+00 0.000000000000000000e+00 0.000000000000000000e+00
2.490000000000000000e+03 9.959967524761073054e-01 9.986345015930814251e-01 6.827492034592626399e-04 6.827492034592626399e-04 0.000000000000000000e+00 0.000000000000000000e+00 0.000000000000000000e+00
