9.316680149066287886e-03 9.485981000000006443e-05
1.692738008981588618e-02 9.217425635990782185e-03
1.937666025993651717e-02 2.335126470857199453e-03
2.466428194778902058e-02 5.674440000000002815e-03
2.675333943034411202e-02 7.658770483904907105e-03
3.259204805549079098e-02 9.887492965647053100e-03
3.853787411106271432e-02 5.309721000000000753e-03
4.299943255439694217e-02 4.334467999999999308e-03
5.344212289944978711e-02 7.448244000000000566e-03
6.407188779567457582e-02 5.038868338817954762e-03
7.588339607582031410e-02 5.617826000000001110e-03
8.820140714210633615e-02 5.014701725648497768e-03
1.047175351451551939e-01 6.125208073757579079e-03
1.211999773102309524e-01 7.522617999999996544e-03
1.436142138217041397e-01 6.889948242281068377e-03
1.686730323044071667e-01 6.605092000000002510e-03
2.007899864978580917e-01 6.213987000000002411e-03
2.386011669150100434e-01 5.456321531033244375e-03
2.815694695477492515e-01 4.949354624076661435e-03
3.325746845446898581e-01 5.649413000000002433e-03
3.912966465483629364e-01 4.849029375449174714e-03
4.641481726653542417e-01 3.846186999999999610e-03
5.446736997331390606e-01 3.772416999999998830e-03
6.430222513799659367e-01 3.660730000000000928e-03
7.618769418986020003e-01 3.536184181741670700e-03
8.948031227094841444e-01 3.154525625304699984e-03
1.058158916079130041e+00 3.296029999999999707e-03
1.246923028843224035e+00 3.472835999999999979e-03
1.456419853890528859e+00 2.787550149927352401e-03
1.667891502537720338e+00 3.351567896896168620e-03
