# size duration
6.875000000000000000e+00 1.172395313324865462e+00
4.875000000000000000e+00 5.735764056393586330e-01
1.275000000000000000e+01 2.881230061983980129e+00
3.750000000000000000e+00 3.149888959844178160e-01
5.075000000000000000e+01 6.692273632643029657e+00
1.125000000000000000e+00 2.926062497079506830e-02
4.000000000000000000e+00 2.174961571771096835e-01
8.250000000000000000e+00 1.558787455305443936e+00
3.500000000000000000e+00 1.776184551600206163e-01
6.500000000000000000e+00 3.287445718118968685e-01
7.625000000000000000e+00 4.218531948332473469e-01
4.250000000000000000e+00 1.812758131135216999e-01
2.375000000000000000e+00 8.213914565806801349e-02
1.050000000000000000e+01 9.330308737704648969e-01
2.525000000000000000e+01 2.308683858466584748e+00
3.625000000000000000e+00 1.133237105543458689e-01
2.000000000000000000e+00 5.937639808834616062e-02
3.500000000000000000e+00 1.171239664203787001e-01
5.625000000000000000e+00 2.731633903391030849e-01
9.625000000000000000e+00 4.984047696753535206e-01
1.625000000000000000e+00 4.485033167805063670e-02
6.625000000000000000e+00 3.536797450187059155e-01
7.750000000000000000e+00 2.988118027429855772e-01
3.875000000000000000e+00 1.596264540865157677e-01
3.500000000000000000e+00 1.491870326728648166e-01
7.000000000000000000e+00 4.165576173019036599e-01
5.000000000000000000e-01 1.257269188803933346e-02
3.375000000000000000e+00 1.422172328990523038e-01
2.250000000000000000e+00 7.282655277114424841e-02
2.500000000000000000e+00 7.858427406060464193e-02
4.250000000000000000e+00 1.426926592461650323e-01
6.750000000000000000e+00 2.577831529443752601e-01
1.250000000000000000e-01 3.109670081739235314e-03
5.250000000000000000e+00 2.211737169381509105e-01
3.500000000000000000e+00 1.221639771428666421e-01
4.750000000000000000e+00 1.730310219190365206e-01
5.000000000000000000e-01 1.253970938132975554e-02
1.000000000000000000e+00 2.589061800142689052e-02
3.250000000000000000e+00 1.261946996727547621e-01
3.625000000000000000e+00 1.268361077821351657e-01
3.250000000000000000e+00 1.220525471077889001e-01
