# size duration
3.099999999999998312e-01 7.340716328255585399e-01
7.500000000000017764e-02 1.073543624366335852e-01
1.949999999999998401e-01 3.629202646544216759e-01
8.900000000000001243e-01 3.209564460504693351e+00
3.250000000000001776e-01 7.210572549370366513e-01
9.499999999999975131e-02 1.597145799493242257e-01
1.250000000000000000e-01 1.644425099049425520e-01
9.999999999999964473e-02 2.211608544992614001e-01
4.000000000000003553e-02 4.628748963549932094e-02
8.000000000000007105e-02 1.260012380736653670e-01
2.500000000000035527e-02 2.507271407982365752e-02
3.000000000000024869e-02 3.304571693048821007e-02
4.999999999999982236e-02 8.047718343525354923e-02
1.999999999999957367e-02 1.985572777936866692e-02
6.999999999999939604e-02 8.278239755519672949e-02
2.999999999999936051e-02 3.482068905956946930e-02
5.999999999999960920e-02 1.050469929312153883e-01
8.499999999999996447e-02 1.653987265180486277e-01
4.499999999999992895e-02 6.164947795252128521e-02
3.500000000000014211e-02 4.132114653886403977e-02
2.000000000000046185e-02 2.052831781857366103e-02
6.999999999999939604e-02 1.106454997062928797e-01
5.499999999999971578e-02 8.200723014593598592e-02
3.500000000000014211e-02 3.467921460699972119e-02
2.499999999999857891e-02 2.397197232995076574e-02
1.050000000000004263e-01 1.667835363808647664e-01
5.000000000000071054e-02 6.028716521075103141e-02
7.500000000000106581e-02 8.983356038444492708e-02
3.500000000000014211e-02 4.703954301065362692e-02
1.500000000000056843e-02 1.493397925106189350e-02
6.499999999999950262e-02 1.169716478572167678e-01
1.250000000000000000e-01 2.032565152153058829e-01
4.999999999999005240e-03 4.729315432006356464e-03
1.999999999999957367e-02 2.199511120292141006e-02
4.499999999999992895e-02 5.053659392250631210e-02
5.500000000000149214e-02 6.657713978218356143e-02
3.999999999999914735e-02 5.686276989936756010e-02
6.000000000000049738e-02 1.190515378580510458e-01
2.500000000000035527e-02 2.626903831667534717e-02
5.000000000000071054e-02 5.534569473463944733e-02
3.999999999999914735e-02 4.542696328384766141e-02
