# freq power
0.000000000000000000e+00 1.013994412000102271e-26
1.000000000000000000e+00 4.758002344094146392e+05
2.000000000000000000e+00 3.285068870512705180e+05
3.000000000000000000e+00 1.602964317552651046e+05
4.000000000000000000e+00 6.862094882094471541e+04
5.000000000000000000e+00 2.621939916794737655e+04
6.000000000000000000e+00 6.533051307088554495e+03
7.000000000000000000e+00 3.504834434964600860e+03
8.000000000000000000e+00 4.426057724635527848e+03
9.000000000000000000e+00 6.150241567314254098e+03
1.000000000000000000e+01 5.343981338783488354e+03
1.100000000000000000e+01 4.001674478345509215e+03
1.200000000000000000e+01 2.714073734830553803e+03
1.300000000000000000e+01 2.178828319103733065e+03
1.400000000000000000e+01 1.934558776247892183e+03
1.500000000000000000e+01 1.767510514689060528e+03
1.600000000000000000e+01 1.562805600735905273e+03
1.700000000000000000e+01 1.301966158380059824e+03
1.800000000000000000e+01 1.206957582122402528e+03
1.900000000000000000e+01 9.784600762245398755e+02
2.000000000000000000e+01 9.007232207477878774e+02
2.100000000000000000e+01 9.073949331670308993e+02
2.200000000000000000e+01 7.985186486882834060e+02
2.300000000000000000e+01 8.847311470720012494e+02
2.400000000000000000e+01 6.890344191843307726e+02
2.500000000000000000e+01 5.495162031432115555e+02
2.600000000000000000e+01 6.613138902086067219e+02
2.700000000000000000e+01 5.024380875564182816e+02
2.800000000000000000e+01 4.981566087808748762e+02
2.900000000000000000e+01 4.774207984335846504e+02
3.000000000000000000e+01 4.776703887567559264e+02
3.100000000000000000e+01 3.732341464516936185e+02
3.200000000000000000e+01 4.255490544550088430e+02
3.300000000000000000e+01 4.621025882202001753e+02
3.400000000000000000e+01 2.705755958804913917e+02
3.500000000000000000e+01 3.136657265163344732e+02
3.600000000000000000e+01 3.009125074311602361e+02
3.700000000000000000e+01 2.920044737653201423e+02
3.800000000000000000e+01 2.719966837938306412e+02
3.900000000000000000e+01 2.531830416989478181e+02
4.000000000000000000e+01 2.298664077632284375e+02
4.100000000000000000e+01 1.957521976598758897e+02
4.200000000000000000e+01 2.439778133736007248e+02
4.300000000000000000e+01 2.301670646942788494e+02
4.400000000000000000e+01 2.568541696671725845e+02
4.500000000000000000e+01 2.126822877823262843e+02
4.600000000000000000e+01 1.989940711431032412e+02
4.700000000000000000e+01 1.731588851634706998e+02
4.800000000000000000e+01 1.964717389950073709e+02
4.900000000000000000e+01 1.536466377187825572e+02
5.000000000000000000e+01 1.328568808509086523e+02
5.100000000000000000e+01 1.600343472271549388e+02
5.200000000000000000e+01 1.317380833739254342e+02
5.300000000000000000e+01 1.721924199345448301e+02
5.400000000000000000e+01 1.342764991023051380e+02
5.500000000000000000e+01 1.354093294782789769e+02
5.600000000000000000e+01 1.302755664489160381e+02
5.700000000000000000e+01 1.193352812463096484e+02
5.800000000000000000e+01 1.110544480992095089e+02
5.900000000000000000e+01 1.192532981107438985e+02
6.000000000000000000e+01 1.044780060621860116e+02
6.100000000000000000e+01 9.792116222911079149e+01
6.200000000000000000e+01 9.597560211742313641e+01
6.300000000000000000e+01 1.273129911520467772e+02
6.400000000000000000e+01 9.779166942424195952e+01
6.500000000000000000e+01 9.540646139832331585e+01
6.600000000000000000e+01 9.361312163564457478e+01
6.700000000000000000e+01 1.110998504169503605e+02
6.800000000000000000e+01 1.012419829707593237e+02
6.900000000000000000e+01 7.656127057324508201e+01
7.000000000000000000e+01 8.032075430024383422e+01
7.100000000000000000e+01 7.214941033720377561e+01
7.200000000000000000e+01 9.393167809651158962e+01
7.300000000000000000e+01 8.483459891535852648e+01
7.400000000000000000e+01 6.855647763374629733e+01
7.500000000000000000e+01 8.455789026095143868e+01
7.600000000000000000e+01 7.681960531644187995e+01
7.700000000000000000e+01 6.593023606574908513e+01
7.800000000000000000e+01 6.029842703654010450e+01
7.900000000000000000e+01 5.661985662019210963e+01
8.000000000000000000e+01 5.976879906193405390e+01
8.100000000000000000e+01 4.435647513648511620e+01
8.200000000000000000e+01 5.779762640470921298e+01
8.300000000000000000e+01 4.772211196929076493e+01
8.400000000000000000e+01 5.788433538444494530e+01
8.500000000000000000e+01 5.518924615635935993e+01
8.600000000000000000e+01 5.938782743315346124e+01
8.700000000000000000e+01 5.547129132474091762e+01
8.800000000000000000e+01 5.174261905393865391e+01
8.900000000000000000e+01 6.126004360401902460e+01
9.000000000000000000e+01 3.914992333605935926e+01
9.100000000000000000e+01 5.371381224789438846e+01
9.200000000000000000e+01 4.632554358957392537e+01
9.300000000000000000e+01 4.257480643931025099e+01
9.400000000000000000e+01 5.060524100679183590e+01
9.500000000000000000e+01 4.092972642900561908e+01
9.600000000000000000e+01 4.046023128373889222e+01
9.700000000000000000e+01 3.986204335128918075e+01
9.800000000000000000e+01 4.628715318190513273e+01
9.900000000000000000e+01 3.906449789614982393e+01
1.000000000000000000e+02 4.358491048264897927e+01
1.010000000000000000e+02 4.149017107488180756e+01
1.020000000000000000e+02 4.786999932111730516e+01
1.030000000000000000e+02 3.572667538552025945e+01
1.040000000000000000e+02 3.964622506606628605e+01
1.050000000000000000e+02 3.560067325486190981e+01
1.060000000000000000e+02 3.252425044547748456e+01
1.070000000000000000e+02 4.058563982366160161e+01
1.080000000000000000e+02 3.608497845749009514e+01
1.090000000000000000e+02 3.102703037377543183e+01
1.100000000000000000e+02 3.645567423332295220e+01
1.110000000000000000e+02 2.915611464023858090e+01
1.120000000000000000e+02 3.600335741482238205e+01
1.130000000000000000e+02 2.797383702965244368e+01
1.140000000000000000e+02 3.699920989201363852e+01
1.150000000000000000e+02 2.564735852943490357e+01
1.160000000000000000e+02 3.162957886880343494e+01
1.170000000000000000e+02 3.359636052681146623e+01
1.180000000000000000e+02 2.420741234639997685e+01
1.190000000000000000e+02 2.966236048204109821e+01
1.200000000000000000e+02 3.138741648909593707e+01
1.210000000000000000e+02 3.033394375892739703e+01
1.220000000000000000e+02 2.673032765102754382e+01
1.230000000000000000e+02 2.623936779047991408e+01
1.240000000000000000e+02 2.888419423718983126e+01
1.250000000000000000e+02 3.087563490760998164e+01
1.260000000000000000e+02 2.365132644472538814e+01
1.270000000000000000e+02 2.635828121791817580e+01
1.280000000000000000e+02 2.331614675607533371e+01
1.290000000000000000e+02 2.534616258188517435e+01
1.300000000000000000e+02 2.560085594143949805e+01
1.310000000000000000e+02 2.534474023484266070e+01
1.320000000000000000e+02 1.956345662267163732e+01
1.330000000000000000e+02 2.685093262751794185e+01
1.340000000000000000e+02 2.387333100567263955e+01
1.350000000000000000e+02 2.041492752068468519e+01
1.360000000000000000e+02 2.243069611232011695e+01
1.370000000000000000e+02 2.182991076774935379e+01
1.380000000000000000e+02 1.912054882596300232e+01
1.390000000000000000e+02 1.892620042895581989e+01
1.400000000000000000e+02 2.378994042432998413e+01
1.410000000000000000e+02 2.042382091814632261e+01
1.420000000000000000e+02 2.000977492087781684e+01
1.430000000000000000e+02 1.915906485875181886e+01
1.440000000000000000e+02 2.236912890546761190e+01
1.450000000000000000e+02 1.962420384356722991e+01
1.460000000000000000e+02 1.971309021088373825e+01
1.470000000000000000e+02 1.521523897647961299e+01
1.480000000000000000e+02 2.141886614204321404e+01
1.490000000000000000e+02 1.780531801843389061e+01
1.500000000000000000e+02 1.658456920717625849e+01
1.510000000000000000e+02 1.860843159616079490e+01
1.520000000000000000e+02 1.505549265394747316e+01
1.530000000000000000e+02 1.809028607230798258e+01
1.540000000000000000e+02 1.831979244967315168e+01
1.550000000000000000e+02 1.674972542754490235e+01
1.560000000000000000e+02 1.786287221018291049e+01
1.570000000000000000e+02 1.752850825887704289e+01
1.580000000000000000e+02 1.813770477475653564e+01
1.590000000000000000e+02 1.677746975793808204e+01
1.600000000000000000e+02 1.567969253718202438e+01
1.610000000000000000e+02 1.836665660419212998e+01
1.620000000000000000e+02 1.645045089692123241e+01
1.630000000000000000e+02 1.613406311179450014e+01
1.640000000000000000e+02 1.379162347407329747e+01
1.650000000000000000e+02 1.558450787700245321e+01
1.660000000000000000e+02 1.437474415268883909e+01
1.670000000000000000e+02 1.604766905348402872e+01
1.680000000000000000e+02 1.235009699146584516e+01
1.690000000000000000e+02 1.632239759472229323e+01
1.700000000000000000e+02 1.376592925022362124e+01
1.710000000000000000e+02 1.538712243316454575e+01
1.720000000000000000e+02 1.309189459868957428e+01
1.730000000000000000e+02 1.290636521213574994e+01
1.740000000000000000e+02 1.320669859898702114e+01
1.750000000000000000e+02 1.409487934154529576e+01
1.760000000000000000e+02 1.237348764783988742e+01
1.770000000000000000e+02 1.352850611686794657e+01
1.780000000000000000e+02 1.474189369468366806e+01
1.790000000000000000e+02 1.209726910121693777e+01
1.800000000000000000e+02 1.335751813917253195e+01
1.810000000000000000e+02 1.393410033274268756e+01
1.820000000000000000e+02 9.283271730495222585e+00
1.830000000000000000e+02 1.179409826996360522e+01
1.840000000000000000e+02 1.176567115709624112e+01
1.850000000000000000e+02 1.415268997766074754e+01
1.860000000000000000e+02 1.224431456980780020e+01
1.870000000000000000e+02 1.149872696652457194e+01
1.880000000000000000e+02 1.197096897869458942e+01
1.890000000000000000e+02 1.105602100166944979e+01
1.900000000000000000e+02 1.169989755826083844e+01
1.910000000000000000e+02 1.281824219191255487e+01
1.920000000000000000e+02 1.166498752795839167e+01
1.930000000000000000e+02 1.154639647315879536e+01
1.940000000000000000e+02 1.042919177717565127e+01
1.950000000000000000e+02 1.132954545536277635e+01
1.960000000000000000e+02 1.060189558633399720e+01
1.970000000000000000e+02 1.050424952983673599e+01
1.980000000000000000e+02 9.531518194662373489e+00
1.990000000000000000e+02 1.311714255197400902e+01
2.000000000000000000e+02 1.019129456443865678e+01
2.010000000000000000e+02 1.050989932427249407e+01
2.020000000000000000e+02 1.022899501523522225e+01
2.030000000000000000e+02 1.030813515578159034e+01
2.040000000000000000e+02 1.027962499998257684e+01
2.050000000000000000e+02 1.144974688186855261e+01
2.060000000000000000e+02 1.061295425266827763e+01
2.070000000000000000e+02 9.044184562388862147e+00
2.080000000000000000e+02 9.600290233417627661e+00
2.090000000000000000e+02 1.116376649596517190e+01
2.100000000000000000e+02 9.697346544329104034e+00
2.110000000000000000e+02 9.669827827401311637e+00
2.120000000000000000e+02 1.008912719267561187e+01
2.130000000000000000e+02 7.397748967042363510e+00
2.140000000000000000e+02 9.021415072392223067e+00
2.150000000000000000e+02 1.004913613201606992e+01
2.160000000000000000e+02 1.022865677127948913e+01
2.170000000000000000e+02 7.759149401122239276e+00
2.180000000000000000e+02 8.532005293692144221e+00
2.190000000000000000e+02 8.387555221294828556e+00
2.200000000000000000e+02 8.839803476726849851e+00
2.210000000000000000e+02 9.746515133086601779e+00
2.220000000000000000e+02 9.632301899249998911e+00
2.230000000000000000e+02 9.342518075031588154e+00
2.240000000000000000e+02 7.911612811399345802e+00
2.250000000000000000e+02 7.593118888034577907e+00
2.260000000000000000e+02 8.832191481306555403e+00
2.270000000000000000e+02 7.878437331327263315e+00
2.280000000000000000e+02 8.045017409100751138e+00
2.290000000000000000e+02 8.058323304667004194e+00
2.300000000000000000e+02 8.617458817207397814e+00
2.310000000000000000e+02 6.693463127915637578e+00
2.320000000000000000e+02 7.392971335415890799e+00
2.330000000000000000e+02 8.067558284310758054e+00
2.340000000000000000e+02 8.355429321197973991e+00
2.350000000000000000e+02 9.090671604244414894e+00
2.360000000000000000e+02 8.895033494051533651e+00
2.370000000000000000e+02 6.540057215205882457e+00
2.380000000000000000e+02 6.908671072537598157e+00
2.390000000000000000e+02 7.742650525189992194e+00
2.400000000000000000e+02 8.783505509994556704e+00
2.410000000000000000e+02 7.660715014265046641e+00
2.420000000000000000e+02 6.918015228113564064e+00
2.430000000000000000e+02 6.865646795029370253e+00
2.440000000000000000e+02 7.788832158524989779e+00
2.450000000000000000e+02 6.967502390757855046e+00
2.460000000000000000e+02 6.816911747994964799e+00
2.470000000000000000e+02 7.093548249061618627e+00
2.480000000000000000e+02 7.520096038820577533e+00
2.490000000000000000e+02 6.933598397744140662e+00
2.500000000000000000e+02 7.323529011891578122e+00
2.510000000000000000e+02 6.576498840526962653e+00
2.520000000000000000e+02 6.694275394282659164e+00
2.530000000000000000e+02 6.189158386160061198e+00
2.540000000000000000e+02 6.611676948636270090e+00
2.550000000000000000e+02 6.913450426802961069e+00
2.560000000000000000e+02 6.996817181250761131e+00
2.570000000000000000e+02 6.810956976000675844e+00
2.580000000000000000e+02 5.878625309596904991e+00
2.590000000000000000e+02 6.551810142396527148e+00
2.600000000000000000e+02 6.916243260413542870e+00
2.610000000000000000e+02 6.683802068539804964e+00
2.620000000000000000e+02 5.817035454795367322e+00
2.630000000000000000e+02 5.664441147802216747e+00
2.640000000000000000e+02 6.777383038622806666e+00
2.650000000000000000e+02 6.718638381631835799e+00
2.660000000000000000e+02 6.302694964210443729e+00
2.670000000000000000e+02 6.067921913146333779e+00
2.680000000000000000e+02 6.420276358626039404e+00
2.690000000000000000e+02 5.876337670459605533e+00
2.700000000000000000e+02 5.719914965780414917e+00
2.710000000000000000e+02 6.160596934311572070e+00
2.720000000000000000e+02 5.696421893823793603e+00
2.730000000000000000e+02 5.800594863592378303e+00
2.740000000000000000e+02 5.415750992133058439e+00
2.750000000000000000e+02 6.396394055902812070e+00
2.760000000000000000e+02 6.034568270109224919e+00
2.770000000000000000e+02 5.759998674068041780e+00
2.780000000000000000e+02 4.792346479456841557e+00
2.790000000000000000e+02 5.726685318858907081e+00
2.800000000000000000e+02 6.129684480806347757e+00
2.810000000000000000e+02 6.000562753944025829e+00
2.820000000000000000e+02 5.395424353455011257e+00
2.830000000000000000e+02 5.385006380500670708e+00
2.840000000000000000e+02 5.549666196241048510e+00
2.850000000000000000e+02 5.483644462968455535e+00
2.860000000000000000e+02 5.772900069490152219e+00
2.870000000000000000e+02 5.549734251433767973e+00
2.880000000000000000e+02 5.428433188952051403e+00
2.890000000000000000e+02 5.267032226287670760e+00
2.900000000000000000e+02 5.712277230049620513e+00
2.910000000000000000e+02 5.426124602703787048e+00
2.920000000000000000e+02 5.715051094849616042e+00
2.930000000000000000e+02 5.097597103644722516e+00
2.940000000000000000e+02 4.687628473111456806e+00
2.950000000000000000e+02 5.358960845528204509e+00
2.960000000000000000e+02 5.649502783312176035e+00
2.970000000000000000e+02 5.585830097701896868e+00
2.980000000000000000e+02 4.708967900423894903e+00
2.990000000000000000e+02 4.906602645283669517e+00
3.000000000000000000e+02 4.435313355687991788e+00
3.010000000000000000e+02 5.301326475018207418e+00
3.020000000000000000e+02 4.971997830975987576e+00
3.030000000000000000e+02 4.950373075485313912e+00
3.040000000000000000e+02 4.968030664137248920e+00
3.050000000000000000e+02 4.936630300055946385e+00
3.060000000000000000e+02 5.157599486458480875e+00
3.070000000000000000e+02 4.456818003126893579e+00
3.080000000000000000e+02 5.272039911897946851e+00
3.090000000000000000e+02 4.711805605901087546e+00
3.100000000000000000e+02 4.411062685710013476e+00
3.110000000000000000e+02 4.934657492849330751e+00
3.120000000000000000e+02 5.064766845633538850e+00
3.130000000000000000e+02 4.515079374637419818e+00
3.140000000000000000e+02 4.232950713568614631e+00
3.150000000000000000e+02 4.556785162766055386e+00
3.160000000000000000e+02 5.208686570814127670e+00
3.170000000000000000e+02 4.677035787356429886e+00
3.180000000000000000e+02 4.542192307790553052e+00
3.190000000000000000e+02 4.381301538829210251e+00
3.200000000000000000e+02 4.360766500857085504e+00
3.210000000000000000e+02 4.604110434303467336e+00
3.220000000000000000e+02 4.649002318170579073e+00
3.230000000000000000e+02 4.511149554520012650e+00
3.240000000000000000e+02 4.160684944130012219e+00
3.250000000000000000e+02 4.386848542809462792e+00
3.260000000000000000e+02 4.547116357780113027e+00
3.270000000000000000e+02 4.705704431050603986e+00
3.280000000000000000e+02 4.048360043562406752e+00
3.290000000000000000e+02 4.097738542134039541e+00
3.300000000000000000e+02 4.534782700098523911e+00
3.310000000000000000e+02 4.500080845585649136e+00
3.320000000000000000e+02 4.397664740241018499e+00
3.330000000000000000e+02 4.058988206656570341e+00
3.340000000000000000e+02 4.289952391391722131e+00
3.350000000000000000e+02 3.892709670369481678e+00
3.360000000000000000e+02 4.250430638610000145e+00
3.370000000000000000e+02 4.106182916288689810e+00
3.380000000000000000e+02 4.327664739597922861e+00
3.390000000000000000e+02 4.141811308820003035e+00
3.400000000000000000e+02 3.855835540265407424e+00
3.410000000000000000e+02 3.813007835371357679e+00
3.420000000000000000e+02 4.359838013524521827e+00
3.430000000000000000e+02 4.037348399873981641e+00
3.440000000000000000e+02 4.205440045149908990e+00
3.450000000000000000e+02 3.970671026300786277e+00
3.460000000000000000e+02 3.940096519963496746e+00
3.470000000000000000e+02 3.916833834719683605e+00
3.480000000000000000e+02 3.979973572257791581e+00
3.490000000000000000e+02 3.997643902648166048e+00
3.500000000000000000e+02 3.906430717465801283e+00
3.510000000000000000e+02 3.883478980463066055e+00
3.520000000000000000e+02 4.165062744907326753e+00
3.530000000000000000e+02 3.922228716957540939e+00
3.540000000000000000e+02 3.679094958225294310e+00
3.550000000000000000e+02 3.828082492689521388e+00
3.560000000000000000e+02 3.744557478985931276e+00
3.570000000000000000e+02 4.097401120218068904e+00
3.580000000000000000e+02 3.666970059260570736e+00
3.590000000000000000e+02 3.529581704754833904e+00
3.600000000000000000e+02 3.619138815749815663e+00
3.610000000000000000e+02 4.086909173077279966e+00
3.620000000000000000e+02 3.633385437092582659e+00
3.630000000000000000e+02 3.393619482855104952e+00
3.640000000000000000e+02 3.661705132071346736e+00
3.650000000000000000e+02 3.720743269119675123e+00
3.660000000000000000e+02 3.650859768062198807e+00
3.670000000000000000e+02 3.562481668829098780e+00
3.680000000000000000e+02 3.716870029853744040e+00
3.690000000000000000e+02 3.556729358698825560e+00
3.700000000000000000e+02 3.325286596010808449e+00
3.710000000000000000e+02 3.826639345709065942e+00
3.720000000000000000e+02 3.746975668545669436e+00
3.730000000000000000e+02 3.640767945180192644e+00
3.740000000000000000e+02 3.360340588799213712e+00
3.750000000000000000e+02 3.146791593059463654e+00
3.760000000000000000e+02 3.436079914436738658e+00
3.770000000000000000e+02 3.810624513663584345e+00
3.780000000000000000e+02 3.952453291110559874e+00
3.790000000000000000e+02 3.462211626128112840e+00
3.800000000000000000e+02 3.009283246740266371e+00
3.810000000000000000e+02 3.170299757011815434e+00
3.820000000000000000e+02 3.442260837175591170e+00
3.830000000000000000e+02 3.738177388175042193e+00
3.840000000000000000e+02 3.592715166680321204e+00
3.850000000000000000e+02 3.300885082676240145e+00
3.860000000000000000e+02 3.011088360347182746e+00
3.870000000000000000e+02 3.193006838823368554e+00
3.880000000000000000e+02 3.419299064085744799e+00
3.890000000000000000e+02 3.534252695414206613e+00
3.900000000000000000e+02 3.284215908290793351e+00
3.910000000000000000e+02 3.191178464545826543e+00
3.920000000000000000e+02 3.191532219176361096e+00
3.930000000000000000e+02 3.352772956011072392e+00
3.940000000000000000e+02 3.127934540469184732e+00
3.950000000000000000e+02 3.197667157919170222e+00
3.960000000000000000e+02 3.234041824858888692e+00
3.970000000000000000e+02 3.179332776299409691e+00
3.980000000000000000e+02 3.404316664237854617e+00
3.990000000000000000e+02 3.202756064474216569e+00
4.000000000000000000e+02 3.144515355759102349e+00
4.010000000000000000e+02 2.859389413573196315e+00
4.020000000000000000e+02 3.302370211191745675e+00
4.030000000000000000e+02 3.272570534015363020e+00
4.040000000000000000e+02 3.212413250461092495e+00
4.050000000000000000e+02 3.141699187113940361e+00
4.060000000000000000e+02 3.055004849515535970e+00
4.070000000000000000e+02 2.964845998022945572e+00
4.080000000000000000e+02 2.930298972176270222e+00
4.090000000000000000e+02 3.130592345481995942e+00
4.100000000000000000e+02 3.094024200633331834e+00
4.110000000000000000e+02 3.091149414160628162e+00
4.120000000000000000e+02 3.077539513375799896e+00
4.130000000000000000e+02 2.988272879584823905e+00
4.140000000000000000e+02 2.936915679644173327e+00
4.150000000000000000e+02 2.946484774204290336e+00
4.160000000000000000e+02 3.131606749360297925e+00
4.170000000000000000e+02 3.039492499131673853e+00
4.180000000000000000e+02 2.970464067067007274e+00
4.190000000000000000e+02 2.921234986357925223e+00
4.200000000000000000e+02 2.753106005187980987e+00
4.210000000000000000e+02 2.815418478493683097e+00
4.220000000000000000e+02 3.076376444292963086e+00
4.230000000000000000e+02 2.914380278040467509e+00
4.240000000000000000e+02 2.991029048966183268e+00
4.250000000000000000e+02 2.801648709257224645e+00
4.260000000000000000e+02 2.887202488889724084e+00
4.270000000000000000e+02 2.888653054220729821e+00
4.280000000000000000e+02 2.859685251770865300e+00
4.290000000000000000e+02 2.821378241849676893e+00
4.300000000000000000e+02 2.941833237450495631e+00
4.310000000000000000e+02 2.756957297889616409e+00
4.320000000000000000e+02 2.623853628546565453e+00
4.330000000000000000e+02 2.947898971355250364e+00
4.340000000000000000e+02 2.948896785155524114e+00
4.350000000000000000e+02 2.623401276745235489e+00
4.360000000000000000e+02 2.735340595728434465e+00
4.370000000000000000e+02 3.006691564860318522e+00
4.380000000000000000e+02 2.819265524477503781e+00
4.390000000000000000e+02 2.738275420391440118e+00
4.400000000000000000e+02 2.693188717717156067e+00
4.410000000000000000e+02 2.727185810575915248e+00
4.420000000000000000e+02 2.676264015347806335e+00
4.430000000000000000e+02 2.823616932386069589e+00
4.440000000000000000e+02 2.784190351261488061e+00
4.450000000000000000e+02 2.673296843119521871e+00
4.460000000000000000e+02 2.612828192061977806e+00
4.470000000000000000e+02 2.534795328722644125e+00
4.480000000000000000e+02 2.666601970310753522e+00
4.490000000000000000e+02 2.736009498050425037e+00
4.500000000000000000e+02 2.730517566960387832e+00
4.510000000000000000e+02 2.626192479938560531e+00
4.520000000000000000e+02 2.512653279893964253e+00
4.530000000000000000e+02 2.663078831801769741e+00
4.540000000000000000e+02 2.829720921051231741e+00
4.550000000000000000e+02 2.658292341943541359e+00
4.560000000000000000e+02 2.544057755972214618e+00
4.570000000000000000e+02 2.581634512886297195e+00
4.580000000000000000e+02 2.676233769346532121e+00
4.590000000000000000e+02 2.654014853389133233e+00
4.600000000000000000e+02 2.638444309709631064e+00
4.610000000000000000e+02 2.687252871064514714e+00
4.620000000000000000e+02 2.463529217576937214e+00
4.630000000000000000e+02 2.448525432299994975e+00
4.640000000000000000e+02 2.583394416099265456e+00
4.650000000000000000e+02 2.693646295029437532e+00
4.660000000000000000e+02 2.523691238770563228e+00
4.670000000000000000e+02 2.542053513898675288e+00
4.680000000000000000e+02 2.535487586414586936e+00
4.690000000000000000e+02 2.495308482401521477e+00
4.700000000000000000e+02 2.549165715633327611e+00
4.710000000000000000e+02 2.580166632269240257e+00
4.720000000000000000e+02 2.455499270612409468e+00
4.730000000000000000e+02 2.375059878070806541e+00
4.740000000000000000e+02 2.518052945801723563e+00
4.750000000000000000e+02 2.630252236733886750e+00
4.760000000000000000e+02 2.497206140011081654e+00
4.770000000000000000e+02 2.428871577251925373e+00
4.780000000000000000e+02 2.476142829728853467e+00
4.790000000000000000e+02 2.436124062914987398e+00
4.800000000000000000e+02 2.399674356854917256e+00
4.810000000000000000e+02 2.501199451094121340e+00
4.820000000000000000e+02 2.359756406876679868e+00
4.830000000000000000e+02 2.368759315642789520e+00
4.840000000000000000e+02 2.599559995366838461e+00
4.850000000000000000e+02 2.608466488123786675e+00
4.860000000000000000e+02 2.354335256913528074e+00
4.870000000000000000e+02 2.179083156945178068e+00
4.880000000000000000e+02 2.244688654286599139e+00
4.890000000000000000e+02 2.462597154717734327e+00
4.900000000000000000e+02 2.551355594817942496e+00
4.910000000000000000e+02 2.526292868658475133e+00
4.920000000000000000e+02 2.389609224290633716e+00
4.930000000000000000e+02 2.108485864268812460e+00
4.940000000000000000e+02 2.134634837338272639e+00
4.950000000000000000e+02 2.549637443747657883e+00
4.960000000000000000e+02 2.522567555137270823e+00
4.970000000000000000e+02 2.338440743955871870e+00
4.980000000000000000e+02 2.303124059953665981e+00
4.990000000000000000e+02 2.303684587653660465e+00
5.000000000000000000e+02 2.231431719363791810e+00
5.010000000000000000e+02 2.315664647380024643e+00
5.020000000000000000e+02 2.399459021342599030e+00
5.030000000000000000e+02 2.452301207814413964e+00
5.040000000000000000e+02 2.208503504599041101e+00
5.050000000000000000e+02 2.200481765146009572e+00
5.060000000000000000e+02 2.368759400545243476e+00
5.070000000000000000e+02 2.354002091365964056e+00
5.080000000000000000e+02 2.277759040750675368e+00
5.090000000000000000e+02 2.197591996467336717e+00
5.100000000000000000e+02 2.262328443351435237e+00
5.110000000000000000e+02 2.283666366182853569e+00
5.120000000000000000e+02 2.333973795050998667e+00
5.130000000000000000e+02 2.308234370030617821e+00
5.140000000000000000e+02 2.175251855084320063e+00
5.150000000000000000e+02 2.190340159640749906e+00
5.160000000000000000e+02 2.221428337378027251e+00
5.170000000000000000e+02 2.330482432808521853e+00
5.180000000000000000e+02 2.293455943308744249e+00
5.190000000000000000e+02 2.204614050224975141e+00
5.200000000000000000e+02 2.073222312108961685e+00
5.210000000000000000e+02 2.135811651759599972e+00
5.220000000000000000e+02 2.265054436333990839e+00
5.230000000000000000e+02 2.363023188391129015e+00
5.240000000000000000e+02 2.198924760407710011e+00
5.250000000000000000e+02 2.148753236164276714e+00
5.260000000000000000e+02 2.166050512520711901e+00
5.270000000000000000e+02 2.135930640771937394e+00
5.280000000000000000e+02 2.152205567913042739e+00
5.290000000000000000e+02 2.246970389611186114e+00
5.300000000000000000e+02 2.241510417151812984e+00
5.310000000000000000e+02 2.209417603604899583e+00
5.320000000000000000e+02 2.101510740322876991e+00
5.330000000000000000e+02 2.112936263844305440e+00
5.340000000000000000e+02 2.174072312749772085e+00
5.350000000000000000e+02 2.173829425571682350e+00
5.360000000000000000e+02 2.197382381874662283e+00
5.370000000000000000e+02 2.164438057282510375e+00
5.380000000000000000e+02 2.044709682325930533e+00
5.390000000000000000e+02 2.086288071073624018e+00
5.400000000000000000e+02 2.193241014353797258e+00
5.410000000000000000e+02 2.190149097885727869e+00
5.420000000000000000e+02 2.065237991381827953e+00
5.430000000000000000e+02 2.175252826680391216e+00
5.440000000000000000e+02 2.108847339598091342e+00
5.450000000000000000e+02 2.029988101757008057e+00
5.460000000000000000e+02 2.101653588826809749e+00
5.470000000000000000e+02 2.164650696662324680e+00
5.480000000000000000e+02 2.143268555977162482e+00
5.490000000000000000e+02 2.110555275617913562e+00
5.500000000000000000e+02 2.054260114285697991e+00
5.510000000000000000e+02 2.067859797737875649e+00
5.520000000000000000e+02 2.049027728448408414e+00
5.530000000000000000e+02 2.062180379064620706e+00
5.540000000000000000e+02 2.126296844917966666e+00
5.550000000000000000e+02 2.107759939873357968e+00
5.560000000000000000e+02 2.032763350692074145e+00
5.570000000000000000e+02 2.123497701149872352e+00
5.580000000000000000e+02 2.041295800340062083e+00
5.590000000000000000e+02 1.979790291808664726e+00
5.600000000000000000e+02 2.057166158713437554e+00
5.610000000000000000e+02 2.098773300118565555e+00
5.620000000000000000e+02 2.052871603845098480e+00
5.630000000000000000e+02 1.994342926540344507e+00
5.640000000000000000e+02 2.004819216648101587e+00
5.650000000000000000e+02 2.068562202618431378e+00
5.660000000000000000e+02 2.088167821755953391e+00
5.670000000000000000e+02 2.053660550684069275e+00
5.680000000000000000e+02 1.993980295219655696e+00
5.690000000000000000e+02 1.971193253226620756e+00
5.700000000000000000e+02 2.001467528834997900e+00
5.710000000000000000e+02 2.086117181697425771e+00
5.720000000000000000e+02 2.083676486451815801e+00
5.730000000000000000e+02 1.940282178410756009e+00
5.740000000000000000e+02 1.931867738109178889e+00
5.750000000000000000e+02 2.078209383392199072e+00
5.760000000000000000e+02 2.017156958143545786e+00
5.770000000000000000e+02 1.948079471054393608e+00
5.780000000000000000e+02 1.977670404431256967e+00
5.790000000000000000e+02 2.011727376217570917e+00
5.800000000000000000e+02 1.998011681878196999e+00
5.810000000000000000e+02 1.923010817464178457e+00
5.820000000000000000e+02 1.991272846051041157e+00
5.830000000000000000e+02 1.984860367216517929e+00
5.840000000000000000e+02 1.932910782996316135e+00
5.850000000000000000e+02 1.941011425558380354e+00
5.860000000000000000e+02 2.028897742034373231e+00
5.870000000000000000e+02 1.992471871465759881e+00
5.880000000000000000e+02 1.932623769197533203e+00
5.890000000000000000e+02 1.890815786822154010e+00
5.900000000000000000e+02 1.922175183381143793e+00
5.910000000000000000e+02 1.997299062092640298e+00
5.920000000000000000e+02 1.976295758264007496e+00
5.930000000000000000e+02 2.025636733150553592e+00
5.940000000000000000e+02 1.959593459602678056e+00
5.950000000000000000e+02 1.842646050399787017e+00
5.960000000000000000e+02 1.885630067006738741e+00
5.970000000000000000e+02 1.926807937183988351e+00
5.980000000000000000e+02 2.016939743415099962e+00
5.990000000000000000e+02 2.069622230182208700e+00
6.000000000000000000e+02 1.894012361552053880e+00
6.010000000000000000e+02 1.814959079976837808e+00
6.020000000000000000e+02 1.880598330547965880e+00
6.030000000000000000e+02 1.905136895743224423e+00
6.040000000000000000e+02 1.938397740834817196e+00
6.050000000000000000e+02 2.044091636536744971e+00
6.060000000000000000e+02 1.972950978841364611e+00
6.070000000000000000e+02 1.888766970651452048e+00
6.080000000000000000e+02 1.793928285365701925e+00
6.090000000000000000e+02 1.837318922706623336e+00
6.100000000000000000e+02 1.885721645308213512e+00
6.110000000000000000e+02 1.971312514890884326e+00
6.120000000000000000e+02 2.022388045885157748e+00
6.130000000000000000e+02 1.949399686253882713e+00
6.140000000000000000e+02 1.775551338777936472e+00
6.150000000000000000e+02 1.793844863136183854e+00
6.160000000000000000e+02 1.882543441642054116e+00
6.170000000000000000e+02 1.953292516921313560e+00
6.180000000000000000e+02 1.910689214816097437e+00
6.190000000000000000e+02 1.899976934761124836e+00
6.200000000000000000e+02 1.900990386215629879e+00
6.210000000000000000e+02 1.864367082925586727e+00
6.220000000000000000e+02 1.851375717105460783e+00
6.230000000000000000e+02 1.868895103142801162e+00
6.240000000000000000e+02 1.866887030066111341e+00
6.250000000000000000e+02 1.881482580117898262e+00
6.260000000000000000e+02 1.883299302686076926e+00
6.270000000000000000e+02 1.887300353770515748e+00
6.280000000000000000e+02 1.858478846587051869e+00
6.290000000000000000e+02 1.842558021602957119e+00
6.300000000000000000e+02 1.892449700421355629e+00
6.310000000000000000e+02 1.878344629584619341e+00
6.320000000000000000e+02 1.828036318960299500e+00
6.330000000000000000e+02 1.824667325453828370e+00
6.340000000000000000e+02 1.868247658044939197e+00
6.350000000000000000e+02 1.877286245856063518e+00
6.360000000000000000e+02 1.898145849495093351e+00
6.370000000000000000e+02 1.902312973685815312e+00
6.380000000000000000e+02 1.778225907187407584e+00
6.390000000000000000e+02 1.700409304320568804e+00
6.400000000000000000e+02 1.813558252365209178e+00
6.410000000000000000e+02 1.978226331218893685e+00
6.420000000000000000e+02 1.940764861120402029e+00
6.430000000000000000e+02 1.823879338189865251e+00
6.440000000000000000e+02 1.781854226561782939e+00
6.450000000000000000e+02 1.742076045870745160e+00
6.460000000000000000e+02 1.749419333463271720e+00
6.470000000000000000e+02 1.897667531574273259e+00
6.480000000000000000e+02 1.955892246406613078e+00
6.490000000000000000e+02 1.876762704457163977e+00
6.500000000000000000e+02 1.761590660282448706e+00
6.510000000000000000e+02 1.751034033870679574e+00
6.520000000000000000e+02 1.831281192707881811e+00
6.530000000000000000e+02 1.779244569821462951e+00
6.540000000000000000e+02 1.826471468943667187e+00
6.550000000000000000e+02 1.883636135566282510e+00
6.560000000000000000e+02 1.856101617066898468e+00
6.570000000000000000e+02 1.764307043369454542e+00
6.580000000000000000e+02 1.802504201163112052e+00
6.590000000000000000e+02 1.790719439047383954e+00
6.600000000000000000e+02 1.773691521275716720e+00
6.610000000000000000e+02 1.817093216301570058e+00
6.620000000000000000e+02 1.858710391990386235e+00
6.630000000000000000e+02 1.830418177856560691e+00
6.640000000000000000e+02 1.785931697413731589e+00
6.650000000000000000e+02 1.713039126850362193e+00
6.660000000000000000e+02 1.754291643376389098e+00
6.670000000000000000e+02 1.903928913336172313e+00
6.680000000000000000e+02 1.897313237484590465e+00
6.690000000000000000e+02 1.771368979397886845e+00
6.700000000000000000e+02 1.672078834461700136e+00
6.710000000000000000e+02 1.743508441845206258e+00
6.720000000000000000e+02 1.840179596110721238e+00
6.730000000000000000e+02 1.845789203515515897e+00
6.740000000000000000e+02 1.823221601659123614e+00
6.750000000000000000e+02 1.795400757986417517e+00
6.760000000000000000e+02 1.719810241019444019e+00
6.770000000000000000e+02 1.748924107135799932e+00
6.780000000000000000e+02 1.841796993368902680e+00
6.790000000000000000e+02 1.850620535142960765e+00
6.800000000000000000e+02 1.743108599090664290e+00
6.810000000000000000e+02 1.742869825257899796e+00
6.820000000000000000e+02 1.800434313322861968e+00
6.830000000000000000e+02 1.784699878420171970e+00
6.840000000000000000e+02 1.762659665446763224e+00
6.850000000000000000e+02 1.786912287070169914e+00
6.860000000000000000e+02 1.781300103453491213e+00
6.870000000000000000e+02 1.772849862439515922e+00
6.880000000000000000e+02 1.777805204068759526e+00
6.890000000000000000e+02 1.790674397896349745e+00
6.900000000000000000e+02 1.737128413320440545e+00
6.910000000000000000e+02 1.735848448215337569e+00
6.920000000000000000e+02 1.784659961754888835e+00
6.930000000000000000e+02 1.848237975592992965e+00
6.940000000000000000e+02 1.781522544091166171e+00
6.950000000000000000e+02 1.743571746685351087e+00
6.960000000000000000e+02 1.698682010468246517e+00
6.970000000000000000e+02 1.713455419697630155e+00
6.980000000000000000e+02 1.809132024709953601e+00
6.990000000000000000e+02 1.869559145296650016e+00
7.000000000000000000e+02 1.801629476763313420e+00
7.010000000000000000e+02 1.693199927970663765e+00
7.020000000000000000e+02 1.709335630999217370e+00
7.030000000000000000e+02 1.781336263128444841e+00
7.040000000000000000e+02 1.748762836665193499e+00
7.050000000000000000e+02 1.746499775507400765e+00
7.060000000000000000e+02 1.819007970179586708e+00
7.070000000000000000e+02 1.824654231375960611e+00
7.080000000000000000e+02 1.753984614981764167e+00
7.090000000000000000e+02 1.691646181422245876e+00
7.100000000000000000e+02 1.651847301203481111e+00
7.110000000000000000e+02 1.722507392227422551e+00
7.120000000000000000e+02 1.867429408148101544e+00
7.130000000000000000e+02 1.879816095059648084e+00
7.140000000000000000e+02 1.804486008521232865e+00
7.150000000000000000e+02 1.635573908045050651e+00
7.160000000000000000e+02 1.663955026479500665e+00
7.170000000000000000e+02 1.794094611817982576e+00
7.180000000000000000e+02 1.797767337614308625e+00
7.190000000000000000e+02 1.783524573657942147e+00
7.200000000000000000e+02 1.746730924191596923e+00
7.210000000000000000e+02 1.709578455544170206e+00
7.220000000000000000e+02 1.718451534202691144e+00
7.230000000000000000e+02 1.809124937903790586e+00
7.240000000000000000e+02 1.812232595843299210e+00
7.250000000000000000e+02 1.740749839594228687e+00
7.260000000000000000e+02 1.675417235738091870e+00
7.270000000000000000e+02 1.705762041463947609e+00
7.280000000000000000e+02 1.779401066010920740e+00
7.290000000000000000e+02 1.803275182475492011e+00
7.300000000000000000e+02 1.774224870578246627e+00
7.310000000000000000e+02 1.771049304509684230e+00
7.320000000000000000e+02 1.695830379548316502e+00
7.330000000000000000e+02 1.720059829887670588e+00
7.340000000000000000e+02 1.762878211557503683e+00
7.350000000000000000e+02 1.745343041893154368e+00
7.360000000000000000e+02 1.732531166082130980e+00
7.370000000000000000e+02 1.765538102114053709e+00
7.380000000000000000e+02 1.793738611729851273e+00
7.390000000000000000e+02 1.755347066969453529e+00
7.400000000000000000e+02 1.750557973631997832e+00
7.410000000000000000e+02 1.688997739854112501e+00
7.420000000000000000e+02 1.683697432735980382e+00
7.430000000000000000e+02 1.774806132287150895e+00
7.440000000000000000e+02 1.859223401540307963e+00
7.450000000000000000e+02 1.767588776264175765e+00
7.460000000000000000e+02 1.672415201822766928e+00
7.470000000000000000e+02 1.665798839189535974e+00
7.480000000000000000e+02 1.744225089835678366e+00
7.490000000000000000e+02 1.807796181544486736e+00
7.500000000000000000e+02 1.807796181544505831e+00
7.510000000000000000e+02 1.744225089835696574e+00
7.520000000000000000e+02 1.665798839189596148e+00
7.530000000000000000e+02 1.672415201822730735e+00
7.540000000000000000e+02 1.767588776264220618e+00
7.550000000000000000e+02 1.859223401540313292e+00
7.560000000000000000e+02 1.774806132287163996e+00
7.570000000000000000e+02 1.683697432735995925e+00
7.580000000000000000e+02 1.688997739854062985e+00
7.590000000000000000e+02 1.750557973632118181e+00
7.600000000000000000e+02 1.755347066969390690e+00
7.610000000000000000e+02 1.793738611729869037e+00
7.620000000000000000e+02 1.765538102114050156e+00
7.630000000000000000e+02 1.732531166082125651e+00
7.640000000000000000e+02 1.745343041893217650e+00
7.650000000000000000e+02 1.762878211557490804e+00
7.660000000000000000e+02 1.720059829887692571e+00
7.670000000000000000e+02 1.695830379548301403e+00
7.680000000000000000e+02 1.771049304509652922e+00
7.690000000000000000e+02 1.774224870578259727e+00
7.700000000000000000e+02 1.803275182475538418e+00
7.710000000000000000e+02 1.779401066010826593e+00
7.720000000000000000e+02 1.705762041463940060e+00
7.730000000000000000e+02 1.675417235738104527e+00
7.740000000000000000e+02 1.740749839594232906e+00
7.750000000000000000e+02 1.812232595843384697e+00
7.760000000000000000e+02 1.809124937903662689e+00
7.770000000000000000e+02 1.718451534202709796e+00
7.780000000000000000e+02 1.709578455544140008e+00
7.790000000000000000e+02 1.746730924191660872e+00
7.800000000000000000e+02 1.783524573657835344e+00
7.810000000000000000e+02 1.797767337614342598e+00
7.820000000000000000e+02 1.794094611817947049e+00
7.830000000000000000e+02 1.663955026479506882e+00
7.840000000000000000e+02 1.635573908045068858e+00
7.850000000000000000e+02 1.804486008521307472e+00
7.860000000000000000e+02 1.879816095059628100e+00
7.870000000000000000e+02 1.867429408148115533e+00
7.880000000000000000e+02 1.722507392227443423e+00
7.890000000000000000e+02 1.651847301203457130e+00
7.900000000000000000e+02 1.691646181422329143e+00
7.910000000000000000e+02 1.753984614981737078e+00
7.920000000000000000e+02 1.824654231375980373e+00
7.930000000000000000e+02 1.819007970179661537e+00
7.940000000000000000e+02 1.746499775507388996e+00
7.950000000000000000e+02 1.748762836665231246e+00
7.960000000000000000e+02 1.781336263128445285e+00
7.970000000000000000e+02 1.709335630999205158e+00
7.980000000000000000e+02 1.693199927970676422e+00
7.990000000000000000e+02 1.801629476763311644e+00
8.000000000000000000e+02 1.869559145296631142e+00
8.010000000000000000e+02 1.809132024709956710e+00
8.020000000000000000e+02 1.713455419697651028e+00
8.030000000000000000e+02 1.698682010468283599e+00
8.040000000000000000e+02 1.743571746685333990e+00
8.050000000000000000e+02 1.781522544091204807e+00
8.060000000000000000e+02 1.848237975592975424e+00
8.070000000000000000e+02 1.784659961754852198e+00
8.080000000000000000e+02 1.735848448215368656e+00
8.090000000000000000e+02 1.737128413320359721e+00
8.100000000000000000e+02 1.790674397896368175e+00
8.110000000000000000e+02 1.777805204068821698e+00
8.120000000000000000e+02 1.772849862439455082e+00
8.130000000000000000e+02 1.781300103453474559e+00
8.140000000000000000e+02 1.786912287070184346e+00
8.150000000000000000e+02 1.762659665446693724e+00
8.160000000000000000e+02 1.784699878420157093e+00
8.170000000000000000e+02 1.800434313322916813e+00
8.180000000000000000e+02 1.742869825257846506e+00
8.190000000000000000e+02 1.743108599090664956e+00
8.200000000000000000e+02 1.850620535142940781e+00
8.210000000000000000e+02 1.841796993368914670e+00
8.220000000000000000e+02 1.748924107135806372e+00
8.230000000000000000e+02 1.719810241019462005e+00
8.240000000000000000e+02 1.795400757986419960e+00
8.250000000000000000e+02 1.823221601659043234e+00
8.260000000000000000e+02 1.845789203515564303e+00
8.270000000000000000e+02 1.840179596110713911e+00
8.280000000000000000e+02 1.743508441845178725e+00
8.290000000000000000e+02 1.672078834461661057e+00
8.300000000000000000e+02 1.771368979397863752e+00
8.310000000000000000e+02 1.897313237484540949e+00
8.320000000000000000e+02 1.903928913336208506e+00
8.330000000000000000e+02 1.754291643376350240e+00
8.340000000000000000e+02 1.713039126850319782e+00
8.350000000000000000e+02 1.785931697413768449e+00
8.360000000000000000e+02 1.830418177856590667e+00
8.370000000000000000e+02 1.858710391990397115e+00
8.380000000000000000e+02 1.817093216301638225e+00
8.390000000000000000e+02 1.773691521275725602e+00
8.400000000000000000e+02 1.790719439047331774e+00
8.410000000000000000e+02 1.802504201163148467e+00
8.420000000000000000e+02 1.764307043369382155e+00
8.430000000000000000e+02 1.856101617066903353e+00
8.440000000000000000e+02 1.883636135566264747e+00
8.450000000000000000e+02 1.826471468943677401e+00
8.460000000000000000e+02 1.779244569821443855e+00
8.470000000000000000e+02 1.831281192707929328e+00
8.480000000000000000e+02 1.751034033870675355e+00
8.490000000000000000e+02 1.761590660282489340e+00
8.500000000000000000e+02 1.876762704457098252e+00
8.510000000000000000e+02 1.955892246406673252e+00
8.520000000000000000e+02 1.897667531574162458e+00
8.530000000000000000e+02 1.749419333463298143e+00
8.540000000000000000e+02 1.742076045870792678e+00
8.550000000000000000e+02 1.781854226561825127e+00
8.560000000000000000e+02 1.823879338189763333e+00
8.570000000000000000e+02 1.940764861120413798e+00
8.580000000000000000e+02 1.978226331218897904e+00
8.590000000000000000e+02 1.813558252365236712e+00
8.600000000000000000e+02 1.700409304320591453e+00
8.610000000000000000e+02 1.778225907187437338e+00
8.620000000000000000e+02 1.902312973685938990e+00
8.630000000000000000e+02 1.898145849495056714e+00
8.640000000000000000e+02 1.877286245856130353e+00
8.650000000000000000e+02 1.868247658044877912e+00
8.660000000000000000e+02 1.824667325453851685e+00
8.670000000000000000e+02 1.828036318960219120e+00
8.680000000000000000e+02 1.878344629584675962e+00
8.690000000000000000e+02 1.892449700421330094e+00
8.700000000000000000e+02 1.842558021602985541e+00
8.710000000000000000e+02 1.858478846587051203e+00
8.720000000000000000e+02 1.887300353770483552e+00
8.730000000000000000e+02 1.883299302686029852e+00
8.740000000000000000e+02 1.881482580117897596e+00
8.750000000000000000e+02 1.866887030066064712e+00
8.760000000000000000e+02 1.868895103142860004e+00
8.770000000000000000e+02 1.851375717105451679e+00
8.780000000000000000e+02 1.864367082925527885e+00
8.790000000000000000e+02 1.900990386215598127e+00
8.800000000000000000e+02 1.899976934761165248e+00
8.810000000000000000e+02 1.910689214816123194e+00
8.820000000000000000e+02 1.953292516921278033e+00
8.830000000000000000e+02 1.882543441642018811e+00
8.840000000000000000e+02 1.793844863136158319e+00
8.850000000000000000e+02 1.775551338777940469e+00
8.860000000000000000e+02 1.949399686253908248e+00
8.870000000000000000e+02 2.022388045885214591e+00
8.880000000000000000e+02 1.971312514890915413e+00
8.890000000000000000e+02 1.885721645308186645e+00
8.900000000000000000e+02 1.837318922706633106e+00
8.910000000000000000e+02 1.793928285365703035e+00
8.920000000000000000e+02 1.888766970651461152e+00
8.930000000000000000e+02 1.972950978841335301e+00
8.940000000000000000e+02 2.044091636536694789e+00
8.950000000000000000e+02 1.938397740834803651e+00
8.960000000000000000e+02 1.905136895743222425e+00
8.970000000000000000e+02 1.880598330547951891e+00
8.980000000000000000e+02 1.814959079976916190e+00
8.990000000000000000e+02 1.894012361551940860e+00
9.000000000000000000e+02 2.069622230181925371e+00
9.010000000000000000e+02 2.016939743415107067e+00
9.020000000000000000e+02 1.926807937183834252e+00
9.030000000000000000e+02 1.885630067006702326e+00
9.040000000000000000e+02 1.842646050399803892e+00
9.050000000000000000e+02 1.959593459602709142e+00
9.060000000000000000e+02 2.025636733150563362e+00
9.070000000000000000e+02 1.976295758264075664e+00
9.080000000000000000e+02 1.997299062092683597e+00
9.090000000000000000e+02 1.922175183381216401e+00
9.100000000000000000e+02 1.890815786822218847e+00
9.110000000000000000e+02 1.932623769197527652e+00
9.120000000000000000e+02 1.992471871465745448e+00
9.130000000000000000e+02 2.028897742034357687e+00
9.140000000000000000e+02 1.941011425558362369e+00
9.150000000000000000e+02 1.932910782996311694e+00
9.160000000000000000e+02 1.984860367216549237e+00
9.170000000000000000e+02 1.991272846051070688e+00
9.180000000000000000e+02 1.923010817464194444e+00
9.190000000000000000e+02 1.998011681878219648e+00
9.200000000000000000e+02 2.011727376217649077e+00
9.210000000000000000e+02 1.977670404431244533e+00
9.220000000000000000e+02 1.948079471054456224e+00
9.230000000000000000e+02 2.017156958143556000e+00
9.240000000000000000e+02 2.078209383392184861e+00
9.250000000000000000e+02 1.931867738109190658e+00
9.260000000000000000e+02 1.940282178410777103e+00
9.270000000000000000e+02 2.083676486451850884e+00
9.280000000000000000e+02 2.086117181697360934e+00
9.290000000000000000e+02 2.001467528834975695e+00
9.300000000000000000e+02 1.971193253226694253e+00
9.310000000000000000e+02 1.993980295219636156e+00
9.320000000000000000e+02 2.053660550683923613e+00
9.330000000000000000e+02 2.088167821755977815e+00
9.340000000000000000e+02 2.068562202618390522e+00
9.350000000000000000e+02 2.004819216648067393e+00
9.360000000000000000e+02 1.994342926540352723e+00
9.370000000000000000e+02 2.052871603845155768e+00
9.380000000000000000e+02 2.098773300118600638e+00
9.390000000000000000e+02 2.057166158713464643e+00
9.400000000000000000e+02 1.979790291808725344e+00
9.410000000000000000e+02 2.041295800339971933e+00
9.420000000000000000e+02 2.123497701149804850e+00
9.430000000000000000e+02 2.032763350692094573e+00
9.440000000000000000e+02 2.107759939873389943e+00
9.450000000000000000e+02 2.126296844917971551e+00
9.460000000000000000e+02 2.062180379064533664e+00
9.470000000000000000e+02 2.049027728448433727e+00
9.480000000000000000e+02 2.067859797737849004e+00
9.490000000000000000e+02 2.054260114285740180e+00
9.500000000000000000e+02 2.110555275617873594e+00
9.510000000000000000e+02 2.143268555977213552e+00
9.520000000000000000e+02 2.164650696662336671e+00
9.530000000000000000e+02 2.101653588826804864e+00
9.540000000000000000e+02 2.029988101757021379e+00
9.550000000000000000e+02 2.108847339598132198e+00
9.560000000000000000e+02 2.175252826680431628e+00
9.570000000000000000e+02 2.065237991381832394e+00
9.580000000000000000e+02 2.190149097885710550e+00
9.590000000000000000e+02 2.193241014353732865e+00
9.600000000000000000e+02 2.086288071073614692e+00
9.610000000000000000e+02 2.044709682325929201e+00
9.620000000000000000e+02 2.164438057282456640e+00
9.630000000000000000e+02 2.197382381874662283e+00
9.640000000000000000e+02 2.173829425571637497e+00
9.650000000000000000e+02 2.174072312749769420e+00
9.660000000000000000e+02 2.112936263844333862e+00
9.670000000000000000e+02 2.101510740322818371e+00
9.680000000000000000e+02 2.209417603604968861e+00
9.690000000000000000e+02 2.241510417151840073e+00
9.700000000000000000e+02 2.246970389611188335e+00
9.710000000000000000e+02 2.152205567913034745e+00
9.720000000000000000e+02 2.135930640771999567e+00
9.730000000000000000e+02 2.166050512520692806e+00
9.740000000000000000e+02 2.148753236164274050e+00
9.750000000000000000e+02 2.198924760407663381e+00
9.760000000000000000e+02 2.363023188391140117e+00
9.770000000000000000e+02 2.265054436334016597e+00
9.780000000000000000e+02 2.135811651759562668e+00
9.790000000000000000e+02 2.073222312108956356e+00
9.800000000000000000e+02 2.204614050224921407e+00
9.810000000000000000e+02 2.293455943308712275e+00
9.820000000000000000e+02 2.330482432808504978e+00
9.830000000000000000e+02 2.221428337378084983e+00
9.840000000000000000e+02 2.190340159640761009e+00
9.850000000000000000e+02 2.175251855084317842e+00
9.860000000000000000e+02 2.308234370030608051e+00
9.870000000000000000e+02 2.333973795050940936e+00
9.880000000000000000e+02 2.283666366182855345e+00
9.890000000000000000e+02 2.262328443351439233e+00
9.900000000000000000e+02 2.197591996467388675e+00
9.910000000000000000e+02 2.277759040750623853e+00
9.920000000000000000e+02 2.354002091365999139e+00
9.930000000000000000e+02 2.368759400545235927e+00
9.940000000000000000e+02 2.200481765145981594e+00
9.950000000000000000e+02 2.208503504599023781e+00
9.960000000000000000e+02 2.452301207814516548e+00
9.970000000000000000e+02 2.399459021342556841e+00
9.980000000000000000e+02 2.315664647380068164e+00
9.990000000000000000e+02 2.231431719363805133e+00
1.000000000000000000e+03 2.303684587653669791e+00
1.001000000000000000e+03 2.303124059953656211e+00
1.002000000000000000e+03 2.338440743955826129e+00
1.003000000000000000e+03 2.522567555137265938e+00
1.004000000000000000e+03 2.549637443747637899e+00
1.005000000000000000e+03 2.134634837338379221e+00
1.006000000000000000e+03 2.108485864268740517e+00
1.007000000000000000e+03 2.389609224290606626e+00
1.008000000000000000e+03 2.526292868658510660e+00
1.009000000000000000e+03 2.551355594817997119e+00
1.010000000000000000e+03 2.462597154717667269e+00
1.011000000000000000e+03 2.244688654286611129e+00
1.012000000000000000e+03 2.179083156945194055e+00
1.013000000000000000e+03 2.354335256913582697e+00
1.014000000000000000e+03 2.608466488123797777e+00
1.015000000000000000e+03 2.599559995366784726e+00
1.016000000000000000e+03 2.368759315642870344e+00
1.017000000000000000e+03 2.359756406876668322e+00
1.018000000000000000e+03 2.501199451094064052e+00
1.019000000000000000e+03 2.399674356854863966e+00
1.020000000000000000e+03 2.436124062914835520e+00
1.021000000000000000e+03 2.476142829728929406e+00
1.022000000000000000e+03 2.428871577251820124e+00
1.023000000000000000e+03 2.497206140011141162e+00
1.024000000000000000e+03 2.630252236733839233e+00
1.025000000000000000e+03 2.518052945801767972e+00
1.026000000000000000e+03 2.375059878070768349e+00
1.027000000000000000e+03 2.455499270612473417e+00
1.028000000000000000e+03 2.580166632269211391e+00
1.029000000000000000e+03 2.549165715633357809e+00
1.030000000000000000e+03 2.495308482401573880e+00
1.031000000000000000e+03 2.535487586414547412e+00
1.032000000000000000e+03 2.542053513898711703e+00
1.033000000000000000e+03 2.523691238770643608e+00
1.034000000000000000e+03 2.693646295029504145e+00
1.035000000000000000e+03 2.583394416099184188e+00
1.036000000000000000e+03 2.448525432300060256e+00
1.037000000000000000e+03 2.463529217576932773e+00
1.038000000000000000e+03 2.687252871064504056e+00
1.039000000000000000e+03 2.638444309709691016e+00
1.040000000000000000e+03 2.654014853389099038e+00
1.041000000000000000e+03 2.676233769346563207e+00
1.042000000000000000e+03 2.581634512886362476e+00
1.043000000000000000e+03 2.544057755972251478e+00
1.044000000000000000e+03 2.658292341943543580e+00
1.045000000000000000e+03 2.829720921051248173e+00
1.046000000000000000e+03 2.663078831801679591e+00
1.047000000000000000e+03 2.512653279893844793e+00
1.048000000000000000e+03 2.626192479938559199e+00
1.049000000000000000e+03 2.730517566960427356e+00
1.050000000000000000e+03 2.736009498050447242e+00
1.051000000000000000e+03 2.666601970310682912e+00
1.052000000000000000e+03 2.534795328722672991e+00
1.053000000000000000e+03 2.612828192062043975e+00
1.054000000000000000e+03 2.673296843119425059e+00
1.055000000000000000e+03 2.784190351261460528e+00
1.056000000000000000e+03 2.823616932386004752e+00
1.057000000000000000e+03 2.676264015347812109e+00
1.058000000000000000e+03 2.727185810576025826e+00
1.059000000000000000e+03 2.693188717717186709e+00
1.060000000000000000e+03 2.738275420391392156e+00
1.061000000000000000e+03 2.819265524477528650e+00
1.062000000000000000e+03 3.006691564860370924e+00
1.063000000000000000e+03 2.735340595728438462e+00
1.064000000000000000e+03 2.623401276745199073e+00
1.065000000000000000e+03 2.948896785155514344e+00
1.066000000000000000e+03 2.947898971355274345e+00
1.067000000000000000e+03 2.623853628546569894e+00
1.068000000000000000e+03 2.756957297889640834e+00
1.069000000000000000e+03 2.941833237450526717e+00
1.070000000000000000e+03 2.821378241849642254e+00
1.071000000000000000e+03 2.859685251770779146e+00
1.072000000000000000e+03 2.888653054220827521e+00
1.073000000000000000e+03 2.887202488889740515e+00
1.074000000000000000e+03 2.801648709257135383e+00
1.075000000000000000e+03 2.991029048966184156e+00
1.076000000000000000e+03 2.914380278040471062e+00
1.077000000000000000e+03 3.076376444293040358e+00
1.078000000000000000e+03 2.815418478493766585e+00
1.079000000000000000e+03 2.753106005187967664e+00
1.080000000000000000e+03 2.921234986357896357e+00
1.081000000000000000e+03 2.970464067067032587e+00
1.082000000000000000e+03 3.039492499131655201e+00
1.083000000000000000e+03 3.131606749360409836e+00
1.084000000000000000e+03 2.946484774204272128e+00
1.085000000000000000e+03 2.936915679644096056e+00
1.086000000000000000e+03 2.988272879584852326e+00
1.087000000000000000e+03 3.077539513375890934e+00
1.088000000000000000e+03 3.091149414160641484e+00
1.089000000000000000e+03 3.094024200633216815e+00
1.090000000000000000e+03 3.130592345481991945e+00
1.091000000000000000e+03 2.930298972176271999e+00
1.092000000000000000e+03 2.964845998022910489e+00
1.093000000000000000e+03 3.055004849515566168e+00
1.094000000000000000e+03 3.141699187113961234e+00
1.095000000000000000e+03 3.212413250461221725e+00
1.096000000000000000e+03 3.272570534015440291e+00
1.097000000000000000e+03 3.302370211191681726e+00
1.098000000000000000e+03 2.859389413573127037e+00
1.099000000000000000e+03 3.144515355759117003e+00
1.100000000000000000e+03 3.202756064474280073e+00
1.101000000000000000e+03 3.404316664237820422e+00
1.102000000000000000e+03 3.179332776299428787e+00
1.103000000000000000e+03 3.234041824858941538e+00
1.104000000000000000e+03 3.197667157919057423e+00
1.105000000000000000e+03 3.127934540469252234e+00
1.106000000000000000e+03 3.352772956011075500e+00
1.107000000000000000e+03 3.191532219176265617e+00
1.108000000000000000e+03 3.191178464545897153e+00
1.109000000000000000e+03 3.284215908290732955e+00
1.110000000000000000e+03 3.534252695414243473e+00
1.111000000000000000e+03 3.419299064085751017e+00
1.112000000000000000e+03 3.193006838823255311e+00
1.113000000000000000e+03 3.011088360347157877e+00
1.114000000000000000e+03 3.300885082676296101e+00
1.115000000000000000e+03 3.592715166680310990e+00
1.116000000000000000e+03 3.738177388174976912e+00
1.117000000000000000e+03 3.442260837175640464e+00
1.118000000000000000e+03 3.170299757011848740e+00
1.119000000000000000e+03 3.009283246740261930e+00
1.120000000000000000e+03 3.462211626128036013e+00
1.121000000000000000e+03 3.952453291110547884e+00
1.122000000000000000e+03 3.810624513663607882e+00
1.123000000000000000e+03 3.436079914436799054e+00
1.124000000000000000e+03 3.146791593059486747e+00
1.125000000000000000e+03 3.360340588799252792e+00
1.126000000000000000e+03 3.640767945180150456e+00
1.127000000000000000e+03 3.746975668545719618e+00
1.128000000000000000e+03 3.826639345709053064e+00
1.129000000000000000e+03 3.325286596010906148e+00
1.130000000000000000e+03 3.556729358698773602e+00
1.131000000000000000e+03 3.716870029853658330e+00
1.132000000000000000e+03 3.562481668829120540e+00
1.133000000000000000e+03 3.650859768062225452e+00
1.134000000000000000e+03 3.720743269119677343e+00
1.135000000000000000e+03 3.661705132071388480e+00
1.136000000000000000e+03 3.393619482855058322e+00
1.137000000000000000e+03 3.633385437092610637e+00
1.138000000000000000e+03 4.086909173077210689e+00
1.139000000000000000e+03 3.619138815749791238e+00
1.140000000000000000e+03 3.529581704754870319e+00
1.141000000000000000e+03 3.666970059260540094e+00
1.142000000000000000e+03 4.097401120218180814e+00
1.143000000000000000e+03 3.744557478986017429e+00
1.144000000000000000e+03 3.828082492689613758e+00
1.145000000000000000e+03 3.679094958225262779e+00
1.146000000000000000e+03 3.922228716957518735e+00
1.147000000000000000e+03 4.165062744907223724e+00
1.148000000000000000e+03 3.883478980463010988e+00
1.149000000000000000e+03 3.906430717465852798e+00
1.150000000000000000e+03 3.997643902648147396e+00
1.151000000000000000e+03 3.979973572257870629e+00
1.152000000000000000e+03 3.916833834719728458e+00
1.153000000000000000e+03 3.940096519963463439e+00
1.154000000000000000e+03 3.970671026300713002e+00
1.155000000000000000e+03 4.205440045149941852e+00
1.156000000000000000e+03 4.037348399873947891e+00
1.157000000000000000e+03 4.359838013524571565e+00
1.158000000000000000e+03 3.813007835371300391e+00
1.159000000000000000e+03 3.855835540265401207e+00
1.160000000000000000e+03 4.141811308820051885e+00
1.161000000000000000e+03 4.327664739598081844e+00
1.162000000000000000e+03 4.106182916288657836e+00
1.163000000000000000e+03 4.250430638610051659e+00
1.164000000000000000e+03 3.892709670369444819e+00
1.165000000000000000e+03 4.289952391391644859e+00
1.166000000000000000e+03 4.058988206656388265e+00
1.167000000000000000e+03 4.397664740240940340e+00
1.168000000000000000e+03 4.500080845585707756e+00
1.169000000000000000e+03 4.534782700098590524e+00
1.170000000000000000e+03 4.097738542134067963e+00
1.171000000000000000e+03 4.048360043562516886e+00
1.172000000000000000e+03 4.705704431050740766e+00
1.173000000000000000e+03 4.547116357780010887e+00
1.174000000000000000e+03 4.386848542809403284e+00
1.175000000000000000e+03 4.160684944130124130e+00
1.176000000000000000e+03 4.511149554519945148e+00
1.177000000000000000e+03 4.649002318170632364e+00
1.178000000000000000e+03 4.604110434303379407e+00
1.179000000000000000e+03 4.360766500857038430e+00
1.180000000000000000e+03 4.381301538829184494e+00
1.181000000000000000e+03 4.542192307790581474e+00
1.182000000000000000e+03 4.677035787356403240e+00
1.183000000000000000e+03 5.208686570814141881e+00
1.184000000000000000e+03 4.556785162766106900e+00
1.185000000000000000e+03 4.232950713568595091e+00
1.186000000000000000e+03 4.515079374637386067e+00
1.187000000000000000e+03 5.064766845633481118e+00
1.188000000000000000e+03 4.934657492849247262e+00
1.189000000000000000e+03 4.411062685710116504e+00
1.190000000000000000e+03 4.711805605901203009e+00
1.191000000000000000e+03 5.272039911897940634e+00
1.192000000000000000e+03 4.456818003126848282e+00
1.193000000000000000e+03 5.157599486458447124e+00
1.194000000000000000e+03 4.936630300055933063e+00
1.195000000000000000e+03 4.968030664137153884e+00
1.196000000000000000e+03 4.950373075485333452e+00
1.197000000000000000e+03 4.971997830976008004e+00
1.198000000000000000e+03 5.301326475018210971e+00
1.199000000000000000e+03 4.435313355687621417e+00
1.200000000000000000e+03 4.906602645283562047e+00
1.201000000000000000e+03 4.708967900423975728e+00
1.202000000000000000e+03 5.585830097702014108e+00
1.203000000000000000e+03 5.649502783312309262e+00
1.204000000000000000e+03 5.358960845528177863e+00
1.205000000000000000e+03 4.687628473111478122e+00
1.206000000000000000e+03 5.097597103644744720e+00
1.207000000000000000e+03 5.715051094849768809e+00
1.208000000000000000e+03 5.426124602703818134e+00
1.209000000000000000e+03 5.712277230049724430e+00
1.210000000000000000e+03 5.267032226287724050e+00
1.211000000000000000e+03 5.428433188951949262e+00
1.212000000000000000e+03 5.549734251433593890e+00
1.213000000000000000e+03 5.772900069490340513e+00
1.214000000000000000e+03 5.483644462968484845e+00
1.215000000000000000e+03 5.549666196241036076e+00
1.216000000000000000e+03 5.385006380500718670e+00
1.217000000000000000e+03 5.395424353454978394e+00
1.218000000000000000e+03 6.000562753943867733e+00
1.219000000000000000e+03 6.129684480806453450e+00
1.220000000000000000e+03 5.726685318858920404e+00
1.221000000000000000e+03 4.792346479456825570e+00
1.222000000000000000e+03 5.759998674068046220e+00
1.223000000000000000e+03 6.034568270109263999e+00
1.224000000000000000e+03 6.396394055902701936e+00
1.225000000000000000e+03 5.415750992133002484e+00
1.226000000000000000e+03 5.800594863592420936e+00
1.227000000000000000e+03 5.696421893823960581e+00
1.228000000000000000e+03 6.160596934311468154e+00
1.229000000000000000e+03 5.719914965780289684e+00
1.230000000000000000e+03 5.876337670459633955e+00
1.231000000000000000e+03 6.420276358626106905e+00
1.232000000000000000e+03 6.067921913146303581e+00
1.233000000000000000e+03 6.302694964210501460e+00
1.234000000000000000e+03 6.718638381631909517e+00
1.235000000000000000e+03 6.777383038622789790e+00
1.236000000000000000e+03 5.664441147802189214e+00
1.237000000000000000e+03 5.817035454795417948e+00
1.238000000000000000e+03 6.683802068539791641e+00
1.239000000000000000e+03 6.916243260413636129e+00
1.240000000000000000e+03 6.551810142396401915e+00
1.241000000000000000e+03 5.878625309596924531e+00
1.242000000000000000e+03 6.810956976000580809e+00
1.243000000000000000e+03 6.996817181250725604e+00
1.244000000000000000e+03 6.913450426802895343e+00
1.245000000000000000e+03 6.611676948636159956e+00
1.246000000000000000e+03 6.189158386160113601e+00
1.247000000000000000e+03 6.694275394282590774e+00
1.248000000000000000e+03 6.576498840526910250e+00
1.249000000000000000e+03 7.323529011891662499e+00
1.250000000000000000e+03 6.933598397744126451e+00
1.251000000000000000e+03 7.520096038820555329e+00
1.252000000000000000e+03 7.093548249061632838e+00
1.253000000000000000e+03 6.816911747994946147e+00
1.254000000000000000e+03 6.967502390757819519e+00
1.255000000000000000e+03 7.788832158524883198e+00
1.256000000000000000e+03 6.865646795029379135e+00
1.257000000000000000e+03 6.918015228113564064e+00
1.258000000000000000e+03 7.660715014265277567e+00
1.259000000000000000e+03 8.783505509994638416e+00
1.260000000000000000e+03 7.742650525189950450e+00
1.261000000000000000e+03 6.908671072537647007e+00
1.262000000000000000e+03 6.540057215205711927e+00
1.263000000000000000e+03 8.895033494051403977e+00
1.264000000000000000e+03 9.090671604244493054e+00
1.265000000000000000e+03 8.355429321198043269e+00
1.266000000000000000e+03 8.067558284310713645e+00
1.267000000000000000e+03 7.392971335415758460e+00
1.268000000000000000e+03 6.693463127915514121e+00
1.269000000000000000e+03 8.617458817207349853e+00
1.270000000000000000e+03 8.058323304666846099e+00
1.271000000000000000e+03 8.045017409100701400e+00
1.272000000000000000e+03 7.878437331327313053e+00
1.273000000000000000e+03 8.832191481306493230e+00
1.274000000000000000e+03 7.593118888034648073e+00
1.275000000000000000e+03 7.911612811399475476e+00
1.276000000000000000e+03 9.342518075031806646e+00
1.277000000000000000e+03 9.632301899250020227e+00
1.278000000000000000e+03 9.746515133086690597e+00
1.279000000000000000e+03 8.839803476726745046e+00
1.280000000000000000e+03 8.387555221294828556e+00
1.281000000000000000e+03 8.532005293692138892e+00
1.282000000000000000e+03 7.759149401122147793e+00
1.283000000000000000e+03 1.022865677127930439e+01
1.284000000000000000e+03 1.004913613201612321e+01
1.285000000000000000e+03 9.021415072392324319e+00
1.286000000000000000e+03 7.397748967042390156e+00
1.287000000000000000e+03 1.008912719267562963e+01
1.288000000000000000e+03 9.669827827401311637e+00
1.289000000000000000e+03 9.697346544329082718e+00
1.290000000000000000e+03 1.116376649596530157e+01
1.291000000000000000e+03 9.600290233417638319e+00
1.292000000000000000e+03 9.044184562389048665e+00
1.293000000000000000e+03 1.061295425266833803e+01
1.294000000000000000e+03 1.144974688186863077e+01
1.295000000000000000e+03 1.027962499998264079e+01
1.296000000000000000e+03 1.030813515578158501e+01
1.297000000000000000e+03 1.022899501523530752e+01
1.298000000000000000e+03 1.050989932427245499e+01
1.299000000000000000e+03 1.019129456443869408e+01
1.300000000000000000e+03 1.311714255197378698e+01
1.301000000000000000e+03 9.531518194662222498e+00
1.302000000000000000e+03 1.050424952983672888e+01
1.303000000000000000e+03 1.060189558633400431e+01
1.304000000000000000e+03 1.132954545536285984e+01
1.305000000000000000e+03 1.042919177717581825e+01
1.306000000000000000e+03 1.154639647315871898e+01
1.307000000000000000e+03 1.166498752795811633e+01
1.308000000000000000e+03 1.281824219191242165e+01
1.309000000000000000e+03 1.169989755826053823e+01
1.310000000000000000e+03 1.105602100166957946e+01
1.311000000000000000e+03 1.197096897869477239e+01
1.312000000000000000e+03 1.149872696652462523e+01
1.313000000000000000e+03 1.224431456980765986e+01
1.314000000000000000e+03 1.415268997766054682e+01
1.315000000000000000e+03 1.176567115709629796e+01
1.316000000000000000e+03 1.179409826996378108e+01
1.317000000000000000e+03 9.283271730495201268e+00
1.318000000000000000e+03 1.393410033274265736e+01
1.319000000000000000e+03 1.335751813917257635e+01
1.320000000000000000e+03 1.209726910121705146e+01
1.321000000000000000e+03 1.474189369468367516e+01
1.322000000000000000e+03 1.352850611686817039e+01
1.323000000000000000e+03 1.237348764783991584e+01
1.324000000000000000e+03 1.409487934154524957e+01
1.325000000000000000e+03 1.320669859898730891e+01
1.326000000000000000e+03 1.290636521213558474e+01
1.327000000000000000e+03 1.309189459868952632e+01
1.328000000000000000e+03 1.538712243316428108e+01
1.329000000000000000e+03 1.376592925022344005e+01
1.330000000000000000e+03 1.632239759472213692e+01
1.331000000000000000e+03 1.235009699146582918e+01
1.332000000000000000e+03 1.604766905348412109e+01
1.333000000000000000e+03 1.437474415268887640e+01
1.334000000000000000e+03 1.558450787700233775e+01
1.335000000000000000e+03 1.379162347407338451e+01
1.336000000000000000e+03 1.613406311179438646e+01
1.337000000000000000e+03 1.645045089692128926e+01
1.338000000000000000e+03 1.836665660419212998e+01
1.339000000000000000e+03 1.567969253718207057e+01
1.340000000000000000e+03 1.677746975793811046e+01
1.341000000000000000e+03 1.813770477475639709e+01
1.342000000000000000e+03 1.752850825887705710e+01
1.343000000000000000e+03 1.786287221018298510e+01
1.344000000000000000e+03 1.674972542754478511e+01
1.345000000000000000e+03 1.831979244967312326e+01
1.346000000000000000e+03 1.809028607230820640e+01
1.347000000000000000e+03 1.505549265394743585e+01
1.348000000000000000e+03 1.860843159616061726e+01
1.349000000000000000e+03 1.658456920717621585e+01
1.350000000000000000e+03 1.780531801843397588e+01
1.351000000000000000e+03 2.141886614204339523e+01
1.352000000000000000e+03 1.521523897647966628e+01
1.353000000000000000e+03 1.971309021088364588e+01
1.354000000000000000e+03 1.962420384356719083e+01
1.355000000000000000e+03 2.236912890546783927e+01
1.356000000000000000e+03 1.915906485875184373e+01
1.357000000000000000e+03 2.000977492087757525e+01
1.358000000000000000e+03 2.042382091814628353e+01
1.359000000000000000e+03 2.378994042433005518e+01
1.360000000000000000e+03 1.892620042895584120e+01
1.361000000000000000e+03 1.912054882596308758e+01
1.362000000000000000e+03 2.182991076774946038e+01
1.363000000000000000e+03 2.243069611232014893e+01
1.364000000000000000e+03 2.041492752068473138e+01
1.365000000000000000e+03 2.387333100567281363e+01
1.366000000000000000e+03 2.685093262751817278e+01
1.367000000000000000e+03 1.956345662267158048e+01
1.368000000000000000e+03 2.534474023484270688e+01
1.369000000000000000e+03 2.560085594143953358e+01
1.370000000000000000e+03 2.534616258188507842e+01
1.371000000000000000e+03 2.331614675607554688e+01
1.372000000000000000e+03 2.635828121791808698e+01
1.373000000000000000e+03 2.365132644472512169e+01
1.374000000000000000e+03 3.087563490761013796e+01
1.375000000000000000e+03 2.888419423718970691e+01
1.376000000000000000e+03 2.623936779048006684e+01
1.377000000000000000e+03 2.673032765102743369e+01
1.378000000000000000e+03 3.033394375892715189e+01
1.379000000000000000e+03 3.138741648909553206e+01
1.380000000000000000e+03 2.966236048204084597e+01
1.381000000000000000e+03 2.420741234639992356e+01
1.382000000000000000e+03 3.359636052681123886e+01
1.383000000000000000e+03 3.162957886880336389e+01
1.384000000000000000e+03 2.564735852943488581e+01
1.385000000000000000e+03 3.699920989201365984e+01
1.386000000000000000e+03 2.797383702965268881e+01
1.387000000000000000e+03 3.600335741482246021e+01
1.388000000000000000e+03 2.915611464023853117e+01
1.389000000000000000e+03 3.645567423332310852e+01
1.390000000000000000e+03 3.102703037377528261e+01
1.391000000000000000e+03 3.608497845749026567e+01
1.392000000000000000e+03 4.058563982366184320e+01
1.393000000000000000e+03 3.252425044547767641e+01
1.394000000000000000e+03 3.560067325486206613e+01
1.395000000000000000e+03 3.964622506606652763e+01
1.396000000000000000e+03 3.572667538552019550e+01
1.397000000000000000e+03 4.786999932111699962e+01
1.398000000000000000e+03 4.149017107488203493e+01
1.399000000000000000e+03 4.358491048264883005e+01
1.400000000000000000e+03 3.906449789614972445e+01
1.401000000000000000e+03 4.628715318190504036e+01
1.402000000000000000e+03 3.986204335128916654e+01
1.403000000000000000e+03 4.046023128373875721e+01
1.404000000000000000e+03 4.092972642900557645e+01
1.405000000000000000e+03 5.060524100679165826e+01
1.406000000000000000e+03 4.257480643931010889e+01
1.407000000000000000e+03 4.632554358957378327e+01
1.408000000000000000e+03 5.371381224789479347e+01
1.409000000000000000e+03 3.914992333605944452e+01
1.410000000000000000e+03 6.126004360401945092e+01
1.411000000000000000e+03 5.174261905393869654e+01
1.412000000000000000e+03 5.547129132474098867e+01
1.413000000000000000e+03 5.938782743315339019e+01
1.414000000000000000e+03 5.518924615635904729e+01
1.415000000000000000e+03 5.788433538444468951e+01
1.416000000000000000e+03 4.772211196929089283e+01
1.417000000000000000e+03 5.779762640470934798e+01
1.418000000000000000e+03 4.435647513648559936e+01
1.419000000000000000e+03 5.976879906193420311e+01
1.420000000000000000e+03 5.661985662019242227e+01
1.421000000000000000e+03 6.029842703653982028e+01
1.422000000000000000e+03 6.593023606574911355e+01
1.423000000000000000e+03 7.681960531644185153e+01
1.424000000000000000e+03 8.455789026095141026e+01
1.425000000000000000e+03 6.855647763374643944e+01
1.426000000000000000e+03 8.483459891535807174e+01
1.427000000000000000e+03 9.393167809651079381e+01
1.428000000000000000e+03 7.214941033720329244e+01
1.429000000000000000e+03 8.032075430024350737e+01
1.430000000000000000e+03 7.656127057324474094e+01
1.431000000000000000e+03 1.012419829707583574e+02
1.432000000000000000e+03 1.110998504169503605e+02
1.433000000000000000e+03 9.361312163564419109e+01
1.434000000000000000e+03 9.540646139832369954e+01
1.435000000000000000e+03 9.779166942424234321e+01
1.436000000000000000e+03 1.273129911520475304e+02
1.437000000000000000e+03 9.597560211742354852e+01
1.438000000000000000e+03 9.792116222911110412e+01
1.439000000000000000e+03 1.044780060621861111e+02
1.440000000000000000e+03 1.192532981107434011e+02
1.441000000000000000e+03 1.110544480992093952e+02
1.442000000000000000e+03 1.193352812463092221e+02
1.443000000000000000e+03 1.302755664489164644e+02
1.444000000000000000e+03 1.354093294782786643e+02
1.445000000000000000e+03 1.342764991023051095e+02
1.446000000000000000e+03 1.721924199345440059e+02
1.447000000000000000e+03 1.317380833739253205e+02
1.448000000000000000e+03 1.600343472271551377e+02
1.449000000000000000e+03 1.328568808509090218e+02
1.450000000000000000e+03 1.536466377187836940e+02
1.451000000000000000e+03 1.964717389950089341e+02
1.452000000000000000e+03 1.731588851634707282e+02
1.453000000000000000e+03 1.989940711431039801e+02
1.454000000000000000e+03 2.126822877823263696e+02
1.455000000000000000e+03 2.568541696671717887e+02
1.456000000000000000e+03 2.301670646942792757e+02
1.457000000000000000e+03 2.439778133736010659e+02
1.458000000000000000e+03 1.957521976598758897e+02
1.459000000000000000e+03 2.298664077632286080e+02
1.460000000000000000e+03 2.531830416989476475e+02
1.461000000000000000e+03 2.719966837938308117e+02
1.462000000000000000e+03 2.920044737653196307e+02
1.463000000000000000e+03 3.009125074311589856e+02
1.464000000000000000e+03 3.136657265163357238e+02
1.465000000000000000e+03 2.705755958804923011e+02
1.466000000000000000e+03 4.621025882202009711e+02
1.467000000000000000e+03 4.255490544550094683e+02
1.468000000000000000e+03 3.732341464516955511e+02
1.469000000000000000e+03 4.776703887567571769e+02
1.470000000000000000e+03 4.774207984335853894e+02
1.471000000000000000e+03 4.981566087808745920e+02
1.472000000000000000e+03 5.024380875564185658e+02
1.473000000000000000e+03 6.613138902086067219e+02
1.474000000000000000e+03 5.495162031432124650e+02
1.475000000000000000e+03 6.890344191843311137e+02
1.476000000000000000e+03 8.847311470720025000e+02
1.477000000000000000e+03 7.985186486882852250e+02
1.478000000000000000e+03 9.073949331670316951e+02
1.479000000000000000e+03 9.007232207477869679e+02
1.480000000000000000e+03 9.784600762245398755e+02
1.481000000000000000e+03 1.206957582122403664e+03
1.482000000000000000e+03 1.301966158380060278e+03
1.483000000000000000e+03 1.562805600735907547e+03
1.484000000000000000e+03 1.767510514689062802e+03
1.485000000000000000e+03 1.934558776247892183e+03
1.486000000000000000e+03 2.178828319103733520e+03
1.487000000000000000e+03 2.714073734830553803e+03
1.488000000000000000e+03 4.001674478345510124e+03
1.489000000000000000e+03 5.343981338783488354e+03
1.490000000000000000e+03 6.150241567314252279e+03
1.491000000000000000e+03 4.426057724635529667e+03
1.492000000000000000e+03 3.504834434964597222e+03
1.493000000000000000e+03 6.533051307088545400e+03
1.494000000000000000e+03 2.621939916794735836e+04
1.495000000000000000e+03 6.862094882094471541e+04
1.496000000000000000e+03 1.602964317552651628e+05
1.497000000000000000e+03 3.285068870512705180e+05
1.498000000000000000e+03 4.758002344094146392e+05
