# itime ezz other fcc hcp bcc ico
0.000000000000000000e+00 0.000000000000000000e+00 0.000000000000000000e+00 1.000000000000000000e+00 0.000000000000000000e+00 0.000000000000000000e+00 0.000000000000000000e+00
2.500000000000000000e+02 9.999983863042016807e-03 0.000000000000000000e+00 1.000000000000000000e+00 0.000000000000000000e+00 0.000000000000000000e+00 0.000000000000000000e+00
5.000000000000000000e+02 1.999996772608403361e-02 0.000000000000000000e+00 1.000000000000000000e+00 0.000000000000000000e+00 0.000000000000000000e+00 0.000000000000000000e+00
7.500000000000000000e+02 2.999995158912605042e-02 0.000000000000000000e+00 1.000000000000000000e+00 0.000000000000000000e+00 0.000000000000000000e+00 0.000000000000000000e+00
1.000000000000000000e+03 3.999993545216828927e-02 0.000000000000000000e+00 1.000000000000000000e+00 0.000000000000000000e+00 0.000000000000000000e+00 0.000000000000000000e+00
1.250000000000000000e+03 4.999991931521030608e-02 0.000000000000000000e+00 1.000000000000000000e+00 0.000000000000000000e+00 0.000000000000000000e+00 0.000000000000000000e+00
1.500000000000000000e+03 5.999990317825232289e-02 0.000000000000000000e+00 1.000000000000000000e+00 0.000000000000000000e+00 0.000000000000000000e+00 0.000000000000000000e+00
1.750000000000000000e+03 6.999988704129433970e-02 0.000000000000000000e+00 1.000000000000000000e+00 0.000000000000000000e+00 0.000000000000000000e+00 0.000000000000000000e+00
2.000000000000000000e+03 7.999987090433635650e-02 0.000000000000000000e+00 1.000000000000000000e+00 0.000000000000000000e+00 0.000000000000000000e+00 0.000000000000000000e+00
2.250000000000000000e+03 8.999985476737837331e-02 7.965407373691396923e-04 9.992034592626308775e-01 0.000000000000000000e+00 0.000000000000000000e+00 0.000000000000000000e+00
2.500000000000000000e+03 9.999983863042061216e-02 1.593081474738279385e-03 9.984069185252617551e-01 0.000000000000000000e+00 0.000000000000000000e+00 0.000000000000000000e+00
2.750000000000000000e+03 1.099998224934626290e-01 6.372325898953117539e-03 9.934000910332271284e-01 0.000000000000000000e+00 2.275830678197542133e-04 0.000000000000000000e+00
3.000000000000000000e+03 1.199998063565046458e-01 5.484751934456076616e-02 9.253527537551206050e-01 0.000000000000000000e+00 1.979972690031861493e-02 0.000000000000000000e+00
3.250000000000000000e+03 1.299997902195466626e-01 3.409194355939917931e-01 1.640873918980427781e-01 9.103322712790167665e-03 4.858898497951752438e-01 0.000000000000000000e+00
3.500000000000000000e+03 1.399997740825886794e-01 3.384160218479745352e-01 3.037096040054619861e-01 1.222121074192080159e-01 2.356622667273554905e-01 0.000000000000000000e+00
3.750000000000000000e+03 1.499997579456306962e-01 3.801775147928994070e-01 3.372781065088757413e-01 1.654528903049612976e-01 1.170914883932635403e-01 0.000000000000000000e+00
4.000000000000000000e+03 1.599997418086727130e-01 3.889394629039599205e-01 3.669776968593536637e-01 1.613563950842057393e-01 8.272644515248064878e-02 0.000000000000000000e+00
4.250000000000000000e+03 1.699997256717149519e-01 3.830223031406463363e-01 3.760810195721438487e-01 1.709148839326354030e-01 6.998179335457442585e-02 0.000000000000000000e+00
4.500000000000000000e+03 1.799997095347569687e-01 3.889394629039599205e-01 3.739189804278561513e-01 1.818388711879836139e-01 5.530268548020027264e-02 0.000000000000000000e+00
4.750000000000000000e+03 1.899996933977989855e-01 3.982703686845698865e-01 3.881429221665907980e-01 1.761492944924897552e-01 3.743741465634956717e-02 0.000000000000000000e+00
5.000000000000000000e+03 1.999996772608410023e-01 3.815430131998179264e-01 4.118115612198452458e-01 1.746700045516613453e-01 3.197542102867546865e-02 0.000000000000000000e+00
5.250000000000000000e+03 2.099996611238830191e-01 3.859808830223031562e-01 4.185252617205280079e-01 1.693218024578971304e-01 2.617205279927173334e-02 0.000000000000000000e+00
5.500000000000000000e+03 2.199996449869250359e-01 3.896222121074192080e-01 4.173873463814292140e-01 1.700045516613563901e-01 2.298588984979517413e-02 0.000000000000000000e+00
5.750000000000000000e+03 2.299996288499672747e-01 4.047564861174328676e-01 4.049840691852525931e-01 1.682976786527082269e-01 2.196176604460628110e-02 0.000000000000000000e+00
6.000000000000000000e+03 2.399996127130092916e-01 3.954255803368229572e-01 4.193218024578971304e-01 1.646563495675921751e-01 2.059626763768775473e-02 0.000000000000000000e+00
6.250000000000000000e+03 2.499995965760513084e-01 4.002048247610378029e-01 4.211424670004551563e-01 1.583978152025489194e-01 2.025489303595812488e-02 0.000000000000000000e+00
6.500000000000000000e+03 2.599995804390933252e-01 4.086253982703687004e-01 4.147701411015020656e-01 1.596495220755575761e-01 1.695493855257168905e-02 0.000000000000000000e+00
6.750000000000000000e+03 2.699995643021353420e-01 3.978152025489303800e-01 4.297906235776058348e-01 1.521392808375056915e-01 2.025489303595812488e-02 0.000000000000000000e+00
7.000000000000000000e+03 2.799995481651773588e-01 4.089667728720983164e-01 4.142011834319526686e-01 1.611288120163859861e-01 1.570323167956303931e-02 0.000000000000000000e+00
7.250000000000000000e+03 2.899995320282195976e-01 4.089667728720983164e-01 4.151115157032316816e-01 1.569185252617205373e-01 1.900318616294947513e-02 0.000000000000000000e+00
7.500000000000000000e+03 2.999995158912616144e-01 4.044151115157032517e-01 4.227355484751934567e-01 1.588529813381884259e-01 1.399635867091488309e-02 0.000000000000000000e+00
7.750000000000000000e+03 3.099994997543036312e-01 3.918980427856167403e-01 4.333181611288119961e-01 1.589667728720983164e-01 1.581702321347291593e-02 0.000000000000000000e+00
8.000000000000000000e+03 3.199994836173456481e-01 3.801775147928994070e-01 4.294492489758762188e-01 1.729631315430132099e-01 1.741010468821119553e-02 0.000000000000000000e+00
8.250000000000000000e+03 3.299994674803876649e-01 3.735776058261265353e-01 4.310423304506144637e-01 1.808147473827947105e-01 1.456531634046426965e-02 0.000000000000000000e+00
8.500000000000000000e+03 3.399994513434296817e-01 3.707328174783796060e-01 4.366181156121984319e-01 1.793354574419663283e-01 1.331360946745562164e-02 0.000000000000000000e+00
8.750000000000000000e+03 3.499994352064716985e-01 3.772189349112425871e-01 4.386663632225762388e-01 1.704597177969958965e-01 1.365498406918525323e-02 0.000000000000000000e+00
9.000000000000000000e+03 3.599994190695139373e-01 3.645880746472462408e-01 4.365043240782885969e-01 1.816112881201638607e-01 1.729631315430131891e-02 0.000000000000000000e+00
9.250000000000000000e+03 3.699994029325559541e-01 3.661811561219845412e-01 4.264906690942193990e-01 1.913973600364132777e-01 1.593081474738279601e-02 0.000000000000000000e+00
9.500000000000000000e+03 3.799993867955979709e-01 3.585571233500227661e-01 4.337733272644515026e-01 1.893491124260354985e-01 1.832043695949021542e-02 0.000000000000000000e+00
9.750000000000000000e+03 3.899993706586397657e-01 3.594674556213017791e-01 4.386663632225762388e-01 1.860491579426490627e-01 1.581702321347291593e-02 0.000000000000000000e+00
1.000000000000000000e+04 3.999993545216822266e-01 3.652708238507055283e-01 4.373008648156577194e-01 1.833181611288120239e-01 1.411015020482476144e-02 0.000000000000000000e+00
1.025000000000000000e+04 4.099993383847240214e-01 3.552571688666363303e-01 4.442421483841602070e-01 1.857077833409194467e-01 1.479289940828402289e-02 0.000000000000000000e+00
1.050000000000000000e+04 4.199993222477662602e-01 3.588984979517523821e-01 4.421939007737824556e-01 1.820664542558033672e-01 1.684114701866181243e-02 0.000000000000000000e+00
1.075000000000000000e+04 4.299993061108080550e-01 3.608329540282202985e-01 4.472007282658170269e-01 1.784251251706872876e-01 1.354119253527537488e-02 0.000000000000000000e+00
1.100000000000000000e+04 4.399992899738505159e-01 3.569640418752844657e-01 4.516385980883022566e-01 1.748975876194810986e-01 1.649977241693217911e-02 0.000000000000000000e+00
1.125000000000000000e+04 4.499992738368920886e-01 3.620846609012289274e-01 4.345698680018206805e-01 1.854802002730996935e-01 1.786527082385070547e-02 0.000000000000000000e+00
1.150000000000000000e+04 4.599992576999345495e-01 3.586709148839326566e-01 4.159080564406008040e-01 2.063040509786071841e-01 1.911697769685935522e-02 0.000000000000000000e+00
1.175000000000000000e+04 4.699992415629763443e-01 3.643604915794265153e-01 4.223941738734638407e-01 1.962903959945380139e-01 1.695493855257168905e-02 0.000000000000000000e+00
1.200000000000000000e+04 4.799992254260185831e-01 3.538916704597178109e-01 4.345698680018206805e-01 1.912835685025034149e-01 2.025489303595812488e-02 0.000000000000000000e+00
1.225000000000000000e+04 4.899992092890603779e-01 3.561675011379153433e-01 4.494765589440145592e-01 1.794492489758761911e-01 1.490669094219390124e-02 0.000000000000000000e+00
1.250000000000000000e+04 4.999991931521026167e-01 3.397815202548930547e-01 4.624487938097405770e-01 1.859353664087392000e-01 1.183431952662721866e-02 0.000000000000000000e+00
1.275000000000000000e+04 5.099991770151444115e-01 3.373918980427856318e-01 4.516385980883022566e-01 2.007282658170232159e-01 1.024123805188893906e-02 0.000000000000000000e+00
1.300000000000000000e+04 5.199991608781868724e-01 3.372781065088757413e-01 4.494765589440145592e-01 2.032316795630405015e-01 1.001365498406918582e-02 0.000000000000000000e+00
1.325000000000000000e+04 5.299991447412286671e-01 3.438780154756486129e-01 4.441283568502503165e-01 1.992489758761948060e-01 1.274465179790623508e-02 0.000000000000000000e+00
1.350000000000000000e+04 5.399991286042709060e-01 3.574192080109239722e-01 4.409421939007737712e-01 1.876422394173873354e-01 1.399635867091488309e-02 0.000000000000000000e+00
1.375000000000000000e+04 5.499991124673127008e-01 3.590122894856622726e-01 4.666590805644060258e-01 1.610150204824760956e-01 1.331360946745562164e-02 0.000000000000000000e+00
1.400000000000000000e+04 5.599990963303549396e-01 3.512744651797906070e-01 4.774692762858443462e-01 1.552116522530723741e-01 1.604460628129267263e-02 0.000000000000000000e+00
1.425000000000000000e+04 5.699990801933967344e-01 3.454710969503869133e-01 4.846381429221666148e-01 1.574874829312699065e-01 1.240327719617660522e-02 0.000000000000000000e+00
1.450000000000000000e+04 5.799990640564391953e-01 3.429676832043696000e-01 4.788347746927628656e-01 1.662494310423304478e-01 1.194811106053709528e-02 0.000000000000000000e+00
1.475000000000000000e+04 5.899990479194807680e-01 3.323850705507510050e-01 4.751934456076468138e-01 1.819526627218935044e-01 1.046882111970869403e-02 0.000000000000000000e+00
1.500000000000000000e+04 5.999990317825232289e-01 3.249886208466090110e-01 4.861174328629949692e-01 1.768320436959490149e-01 1.206190259444697363e-02 0.000000000000000000e+00
1.525000000000000000e+04 6.099990156455650236e-01 3.223714155666818626e-01 4.902139280837505830e-01 1.721665908056440597e-01 1.524806554392353283e-02 0.000000000000000000e+00
1.550000000000000000e+04 6.199989995086072625e-01 3.170232134729176199e-01 4.838416021847974369e-01 1.837733272644515303e-01 1.536185707783340945e-02 0.000000000000000000e+00
1.575000000000000000e+04 6.299989833716490573e-01 3.101957214383249672e-01 4.977241693218024676e-01 1.788802913063268218e-01 1.319981793354574502e-02 0.000000000000000000e+00
1.600000000000000000e+04 6.399989672346915182e-01 2.930131998179335562e-01 4.986345015930814806e-01 1.953800637232590010e-01 1.297223486572599005e-02 0.000000000000000000e+00
1.625000000000000000e+04 6.499989510977330909e-01 2.905097860719162428e-01 5.054619936276740777e-01 1.910559854346836617e-01 1.297223486572599005e-02 0.000000000000000000e+00
1.650000000000000000e+04 6.599989349607755518e-01 2.948338643604915821e-01 5.077378243058716656e-01 1.812699135184342170e-01 1.615839781520254925e-02 0.000000000000000000e+00
1.675000000000000000e+04 6.699989188238173465e-01 2.935821574874829532e-01 5.139963586709148657e-01 1.778561675011379184e-01 1.456531634046426965e-02 0.000000000000000000e+00
1.700000000000000000e+04 6.799989026868595854e-01 2.980200273099681274e-01 5.143377332726445372e-01 1.725079654073737034e-01 1.513427401001365448e-02 0.000000000000000000e+00
1.725000000000000000e+04 6.899988865499013801e-01 2.983614019116977434e-01 5.169549385525716856e-01 1.676149294492489672e-01 1.706873008648156567e-02 0.000000000000000000e+00
1.750000000000000000e+04 6.999988704129438410e-01 2.985889849795175244e-01 5.257168866636322546e-01 1.530496131087847045e-01 2.264451524806554428e-02 0.000000000000000000e+00
1.775000000000000000e+04 7.099988542759854138e-01 3.058716431497496835e-01 5.245789713245334607e-01 1.561219845243513871e-01 1.342740100136549826e-02 0.000000000000000000e+00
1.800000000000000000e+04 7.199988381390278747e-01 3.053026854802002865e-01 5.289030496131087444e-01 1.502048247610377751e-01 1.558944014565316269e-02 0.000000000000000000e+00
1.825000000000000000e+04 7.299988220020696694e-01 3.058716431497496835e-01 5.328857532999544677e-01 1.472462448793809831e-01 1.399635867091488309e-02 0.000000000000000000e+00
1.850000000000000000e+04 7.399988058651119083e-01 2.975648611743286209e-01 5.473372781065088954e-01 1.366636322257624159e-01 1.843422849340009204e-02 0.000000000000000000e+00
1.875000000000000000e+04 7.499987897281537030e-01 2.820892125625853453e-01 5.722576240327719166e-01 1.272189349112426149e-01 1.843422849340009204e-02 0.000000000000000000e+00
1.900000000000000000e+04 7.599987735911961639e-01 2.766272189349112676e-01 5.831816112881201830e-01 1.322257624032771861e-01 7.965407373691398007e-03 0.000000000000000000e+00
1.925000000000000000e+04 7.699987574542377367e-01 2.746927628584433512e-01 5.760127446517978589e-01 1.401911697769686049e-01 9.103322712790167665e-03 0.000000000000000000e+00
1.950000000000000000e+04 7.799987413172801975e-01 2.658170232134728916e-01 5.613336367774237612e-01 1.645425580336822846e-01 8.306781975421027864e-03 0.000000000000000000e+00
1.975000000000000000e+04 7.899987251803219923e-01 2.646791078743741532e-01 5.679335457441966328e-01 1.588529813381884259e-01 8.534365043240782836e-03 0.000000000000000000e+00
2.000000000000000000e+04 7.999987090433642312e-01 2.572826581702321591e-01 5.743058716431497235e-01 1.601046882111970826e-01 8.306781975421027864e-03 0.000000000000000000e+00
2.025000000000000000e+04 8.099986929064060259e-01 2.526172052799271484e-01 5.934228493400091065e-01 1.444014565316340537e-01 9.558488848429677609e-03 0.000000000000000000e+00
2.050000000000000000e+04 8.199986767694482648e-01 2.512517068730086289e-01 6.242603550295857673e-01 1.170914883932635403e-01 7.396449704142011444e-03 0.000000000000000000e+00
2.075000000000000000e+04 8.299986606324900595e-01 2.467000455166135642e-01 6.424670004551661373e-01 1.041192535275375503e-01 6.713700500682749130e-03 0.000000000000000000e+00
2.100000000000000000e+04 8.399986444955325204e-01 2.410104688211197055e-01 6.420118343195265753e-01 1.114019116977696816e-01 5.575785161583977738e-03 0.000000000000000000e+00
2.125000000000000000e+04 8.499986283585743152e-01 2.445380063723258945e-01 6.193673190714610310e-01 1.285844333181611343e-01 7.510241238051888930e-03 0.000000000000000000e+00
2.150000000000000000e+04 8.599986122216165541e-01 2.529585798816568198e-01 6.051433773327264953e-01 1.339326354119253493e-01 7.965407373691398007e-03 0.000000000000000000e+00
2.175000000000000000e+04 8.699985960846583488e-01 2.534137460172963263e-01 6.052571688666362748e-01 1.329085116067364458e-01 8.420573509330906217e-03 0.000000000000000000e+00
2.200000000000000000e+04 8.799985799477005877e-01 2.621756941283568398e-01 5.789713245334546787e-01 1.477014110150204895e-01 1.115157032316795548e-02 0.000000000000000000e+00
2.225000000000000000e+04 8.899985638107423824e-01 2.744651797906235702e-01 5.446062812926718566e-01 1.672735548475193512e-01 1.365498406918525323e-02 0.000000000000000000e+00
2.250000000000000000e+04 8.999985476737848433e-01 2.802685480200273194e-01 5.388029130632681074e-01 1.698907601274465273e-01 1.103777878925807886e-02 0.000000000000000000e+00
2.275000000000000000e+04 9.099985315368264160e-01 2.848202093764223841e-01 5.210514337733272994e-01 1.778561675011379184e-01 1.627218934911242587e-02 0.000000000000000000e+00
2.300000000000000000e+04 9.199985153998688769e-01 2.900546199362767363e-01 5.032999544833864913e-01 1.853664087391898030e-01 2.127901684114701791e-02 0.000000000000000000e+00
2.325000000000000000e+04 9.299984992629106717e-01 2.789030496131087999e-01 5.282203004096495125e-01 1.781975421028675344e-01 1.467910787437414627e-02 0.000000000000000000e+00
2.350000000000000000e+04 9.399984831259529106e-01 2.719617660446062568e-01 5.193445607646790529e-01 1.967455621301775204e-01 1.194811106053709528e-02 0.000000000000000000e+00
2.375000000000000000e+04 9.499984669889947053e-01 2.712790168411470249e-01 5.190031861629494925e-01 1.986800182066454368e-01 1.103777878925807886e-02 0.000000000000000000e+00
2.400000000000000000e+04 9.599984508520371662e-01 2.745789713245334607e-01 5.078516158397815561e-01 2.074419663177059503e-01 1.012744651797906244e-02 0.000000000000000000e+00
2.425000000000000000e+04 9.699984347150787389e-01 2.776513427401001155e-01 5.154756486117433312e-01 1.892353208921256358e-01 1.763768775603095224e-02 0.000000000000000000e+00
2.450000000000000000e+04 9.799984185781211998e-01 2.734410559854346667e-01 5.683887118798361948e-01 1.442876649977241632e-01 1.388256713700500647e-02 0.000000000000000000e+00
2.475000000000000000e+04 9.899984024411629946e-01 2.657032316795630567e-01 5.847746927628584279e-01 1.383705052344105513e-01 1.115157032316795548e-02 0.000000000000000000e+00
2.500000000000000000e+04 9.999983863042052334e-01 2.616067364588074429e-01 5.788575329995447882e-01 1.466772872098315861e-01 1.285844333181611343e-02 0.000000000000000000e+00
