# freq power
0.000000000000000000e+00 8.395107057168582511e-27
1.000000000000000000e+00 5.086946874817536445e+05
2.000000000000000000e+00 2.013003878329377330e+05
3.000000000000000000e+00 1.203422871550334094e+05
4.000000000000000000e+00 8.508610279751311464e+04
5.000000000000000000e+00 3.865104671767270338e+04
6.000000000000000000e+00 2.769445855300654148e+04
7.000000000000000000e+00 2.116948441525162707e+04
8.000000000000000000e+00 1.697617386372573310e+04
9.000000000000000000e+00 1.028562691074834038e+04
1.000000000000000000e+01 8.112306499043853364e+03
1.100000000000000000e+01 6.731724486878125390e+03
1.200000000000000000e+01 6.333351939145066353e+03
1.300000000000000000e+01 4.765709124720593536e+03
1.400000000000000000e+01 3.116890904993062577e+03
1.500000000000000000e+01 3.711461317950574539e+03
1.600000000000000000e+01 3.095084364697636829e+03
1.700000000000000000e+01 3.746389332060841753e+03
1.800000000000000000e+01 2.592376644143221256e+03
1.900000000000000000e+01 2.484987718966855482e+03
2.000000000000000000e+01 2.850722602021837702e+03
2.100000000000000000e+01 1.834582135621561974e+03
2.200000000000000000e+01 2.105414048164770065e+03
2.300000000000000000e+01 1.472741169960651632e+03
2.400000000000000000e+01 1.722134700553392804e+03
2.500000000000000000e+01 2.299252630081644384e+03
2.600000000000000000e+01 1.357458508683568198e+03
2.700000000000000000e+01 1.558755635019316060e+03
2.800000000000000000e+01 9.411028244379997432e+02
2.900000000000000000e+01 9.287825530035908059e+02
3.000000000000000000e+01 1.068729904787480564e+03
3.100000000000000000e+01 6.735185749495384471e+02
3.200000000000000000e+01 6.243937254384982225e+02
3.300000000000000000e+01 1.074383658672463071e+03
3.400000000000000000e+01 5.721657049640296009e+02
3.500000000000000000e+01 8.193046700329738314e+02
3.600000000000000000e+01 1.044424968671249417e+03
3.700000000000000000e+01 5.376018395156985434e+02
3.800000000000000000e+01 8.017751519290400211e+02
3.900000000000000000e+01 5.263837746011763556e+02
4.000000000000000000e+01 5.178551899721038581e+02
4.100000000000000000e+01 4.936625904304099208e+02
4.200000000000000000e+01 5.539737367314003222e+02
4.300000000000000000e+01 1.864008398781619462e+02
4.400000000000000000e+01 4.938584578367014615e+02
4.500000000000000000e+01 4.132212670279071176e+02
4.600000000000000000e+01 5.167200570347293933e+02
4.700000000000000000e+01 2.649071409746257473e+02
4.800000000000000000e+01 4.401444189685700508e+02
4.900000000000000000e+01 4.090536221603131253e+02
5.000000000000000000e+01 5.686367522820402201e+02
5.100000000000000000e+01 3.809572102847066617e+02
5.200000000000000000e+01 4.072758176190490644e+02
5.300000000000000000e+01 3.908899114717092402e+02
5.400000000000000000e+01 4.295494018837752037e+02
5.500000000000000000e+01 3.868900449746897721e+02
5.600000000000000000e+01 2.054010266504544973e+02
5.700000000000000000e+01 3.319100397763140222e+02
5.800000000000000000e+01 2.099587152320166581e+02
5.900000000000000000e+01 2.916498196670422089e+02
6.000000000000000000e+01 2.429287547907381679e+02
6.100000000000000000e+01 1.472490329069802613e+02
6.200000000000000000e+01 3.276273285849765102e+02
6.300000000000000000e+01 2.881612793404287345e+02
6.400000000000000000e+01 3.368095519425175439e+02
6.500000000000000000e+01 2.859658368023660273e+02
6.600000000000000000e+01 1.866486661954638464e+02
6.700000000000000000e+01 2.935768506362725248e+02
6.800000000000000000e+01 1.616496432942785475e+02
6.900000000000000000e+01 1.028734563889047138e+02
7.000000000000000000e+01 1.981528877855832036e+02
7.100000000000000000e+01 1.681348611633120527e+02
7.200000000000000000e+01 1.628865693490245121e+02
7.300000000000000000e+01 2.543289773508610381e+02
7.400000000000000000e+01 1.986199902865598972e+02
7.500000000000000000e+01 1.858456248779631608e+02
7.600000000000000000e+01 1.760528736722404233e+02
7.700000000000000000e+01 1.775621986718934124e+02
7.800000000000000000e+01 2.127907951170990088e+02
7.900000000000000000e+01 1.862542855364502543e+02
8.000000000000000000e+01 1.372080267133422637e+02
8.100000000000000000e+01 1.670158235245856417e+02
8.200000000000000000e+01 1.464334495693646829e+02
8.300000000000000000e+01 1.489820609560907201e+02
8.400000000000000000e+01 1.050017125496789134e+02
8.500000000000000000e+01 1.462795474422939606e+02
8.600000000000000000e+01 1.141723462692856117e+02
8.700000000000000000e+01 1.313658569684551196e+02
8.800000000000000000e+01 1.407396115724744732e+02
8.900000000000000000e+01 1.461407234155259971e+02
9.000000000000000000e+01 1.056986550000176948e+02
9.100000000000000000e+01 7.466516197375229069e+01
9.200000000000000000e+01 1.097197396195076777e+02
9.300000000000000000e+01 1.045675178304052082e+02
9.400000000000000000e+01 1.130965064683917092e+02
9.500000000000000000e+01 8.899237282049763564e+01
9.600000000000000000e+01 1.451304366238653358e+02
9.700000000000000000e+01 1.359579141238932891e+02
9.800000000000000000e+01 9.710639812059882559e+01
9.900000000000000000e+01 8.845057803744890634e+01
1.000000000000000000e+02 1.083716231345644161e+02
1.010000000000000000e+02 1.250773235916418145e+02
1.020000000000000000e+02 1.148677307289678424e+02
1.030000000000000000e+02 9.022406166564221053e+01
1.040000000000000000e+02 6.209923213628610483e+01
1.050000000000000000e+02 8.280206127015684103e+01
1.060000000000000000e+02 9.949259891899897923e+01
1.070000000000000000e+02 9.444803954006086144e+01
1.080000000000000000e+02 9.031593213258699393e+01
1.090000000000000000e+02 7.247255686802536445e+01
1.100000000000000000e+02 5.484362519132758962e+01
1.110000000000000000e+02 6.980777419718073418e+01
1.120000000000000000e+02 8.720857870274934953e+01
1.130000000000000000e+02 6.826731615225251915e+01
1.140000000000000000e+02 7.717623741346903898e+01
1.150000000000000000e+02 6.309203380355445745e+01
1.160000000000000000e+02 5.486491933874721383e+01
1.170000000000000000e+02 7.076097974972988425e+01
1.180000000000000000e+02 6.682607097913898997e+01
1.190000000000000000e+02 4.538811639726817759e+01
1.200000000000000000e+02 5.919194464687456758e+01
1.210000000000000000e+02 6.317335350274311168e+01
1.220000000000000000e+02 7.392001949509528913e+01
1.230000000000000000e+02 7.770100297092203334e+01
1.240000000000000000e+02 4.964817125556911037e+01
1.250000000000000000e+02 5.721402570049394143e+01
1.260000000000000000e+02 8.727581762812661736e+01
1.270000000000000000e+02 5.780562687378674269e+01
1.280000000000000000e+02 5.488223791547034125e+01
1.290000000000000000e+02 5.673444781077294863e+01
1.300000000000000000e+02 6.515714104450844957e+01
1.310000000000000000e+02 4.140519544197642432e+01
1.320000000000000000e+02 5.080121937194428483e+01
1.330000000000000000e+02 5.497772962081691617e+01
1.340000000000000000e+02 3.662041737858951507e+01
1.350000000000000000e+02 4.048607120412324889e+01
1.360000000000000000e+02 4.772713745852831124e+01
1.370000000000000000e+02 4.541535997129148683e+01
1.380000000000000000e+02 5.599660975725590362e+01
1.390000000000000000e+02 5.324445775246991985e+01
1.400000000000000000e+02 4.102626547126352818e+01
1.410000000000000000e+02 6.070123857038822734e+01
1.420000000000000000e+02 4.917372205442238453e+01
1.430000000000000000e+02 3.588850233662459743e+01
1.440000000000000000e+02 3.980290446498119650e+01
1.450000000000000000e+02 4.421220013844686036e+01
1.460000000000000000e+02 4.487924109676419704e+01
1.470000000000000000e+02 3.165616355926487202e+01
1.480000000000000000e+02 3.532445278517863585e+01
1.490000000000000000e+02 4.579495865647772490e+01
1.500000000000000000e+02 4.510547415457802600e+01
1.510000000000000000e+02 4.340081368941934414e+01
1.520000000000000000e+02 4.684324362018616483e+01
1.530000000000000000e+02 3.538496134386700476e+01
1.540000000000000000e+02 3.842982451698080837e+01
1.550000000000000000e+02 5.099705455248999186e+01
1.560000000000000000e+02 3.772406655418070187e+01
1.570000000000000000e+02 4.162102038318945318e+01
1.580000000000000000e+02 3.906812006999062703e+01
1.590000000000000000e+02 4.731554212744205756e+01
1.600000000000000000e+02 4.417390090431803884e+01
1.610000000000000000e+02 3.745877708359097369e+01
1.620000000000000000e+02 3.556132382804378977e+01
1.630000000000000000e+02 3.866213075580792946e+01
1.640000000000000000e+02 3.922778778943305156e+01
1.650000000000000000e+02 3.163712045077552304e+01
1.660000000000000000e+02 4.230909388994549403e+01
1.670000000000000000e+02 3.730691835424059377e+01
1.680000000000000000e+02 3.412064769087968585e+01
1.690000000000000000e+02 3.285925295143425018e+01
1.700000000000000000e+02 3.686718539086363222e+01
1.710000000000000000e+02 3.227807924157885111e+01
1.720000000000000000e+02 3.144481624087228155e+01
1.730000000000000000e+02 3.187067707502507474e+01
1.740000000000000000e+02 3.704948548224078309e+01
1.750000000000000000e+02 3.676165937668771022e+01
1.760000000000000000e+02 3.229735900471064269e+01
1.770000000000000000e+02 3.530477566111972720e+01
1.780000000000000000e+02 3.798721287289991722e+01
1.790000000000000000e+02 3.009100346936378045e+01
1.800000000000000000e+02 3.285686209860351426e+01
1.810000000000000000e+02 3.390585103067498096e+01
1.820000000000000000e+02 3.057855200179740862e+01
1.830000000000000000e+02 3.053648378079305559e+01
1.840000000000000000e+02 2.296023005488816793e+01
1.850000000000000000e+02 2.840171566094116073e+01
1.860000000000000000e+02 2.773327004576892918e+01
1.870000000000000000e+02 2.426498224156235040e+01
1.880000000000000000e+02 2.921111954232928198e+01
1.890000000000000000e+02 2.870539071859080238e+01
1.900000000000000000e+02 2.513319544550164508e+01
1.910000000000000000e+02 3.054144337523519326e+01
1.920000000000000000e+02 2.174357038850649815e+01
1.930000000000000000e+02 3.005252396105258228e+01
1.940000000000000000e+02 2.323337848056411303e+01
1.950000000000000000e+02 2.622433056941834195e+01
1.960000000000000000e+02 2.624930093295557043e+01
1.970000000000000000e+02 2.647785382509167107e+01
1.980000000000000000e+02 2.465082487898705921e+01
1.990000000000000000e+02 2.359930937615135349e+01
2.000000000000000000e+02 2.847609167351206949e+01
2.010000000000000000e+02 2.608295480571457503e+01
2.020000000000000000e+02 2.745610241806633312e+01
2.030000000000000000e+02 2.548642551320709160e+01
2.040000000000000000e+02 2.160630909658936361e+01
2.050000000000000000e+02 2.144350622509658777e+01
2.060000000000000000e+02 2.132141377096741408e+01
2.070000000000000000e+02 2.254169864293325887e+01
2.080000000000000000e+02 2.621239517041645684e+01
2.090000000000000000e+02 2.185315350924693334e+01
2.100000000000000000e+02 1.897303894231986021e+01
2.110000000000000000e+02 1.760948294789384860e+01
2.120000000000000000e+02 2.077022708113570815e+01
2.130000000000000000e+02 2.428651490867228802e+01
2.140000000000000000e+02 2.200125853804863496e+01
2.150000000000000000e+02 1.692387542008171408e+01
2.160000000000000000e+02 2.015883736225450207e+01
2.170000000000000000e+02 2.119056985545715222e+01
2.180000000000000000e+02 2.249101381690433499e+01
2.190000000000000000e+02 1.997156661102182440e+01
2.200000000000000000e+02 1.879822241134455041e+01
2.210000000000000000e+02 1.942286996441700708e+01
2.220000000000000000e+02 1.977230199997626414e+01
2.230000000000000000e+02 2.022522808100629987e+01
2.240000000000000000e+02 2.090587442086909675e+01
2.250000000000000000e+02 2.126980640691900959e+01
2.260000000000000000e+02 1.914873900792332861e+01
2.270000000000000000e+02 1.932020952323280838e+01
2.280000000000000000e+02 1.855412847927032516e+01
2.290000000000000000e+02 1.800437540241931345e+01
2.300000000000000000e+02 1.971215011481368506e+01
2.310000000000000000e+02 1.599840692790058760e+01
2.320000000000000000e+02 1.784493957253572560e+01
2.330000000000000000e+02 1.746857086909800572e+01
2.340000000000000000e+02 1.645366198490991749e+01
2.350000000000000000e+02 1.598692626963115337e+01
2.360000000000000000e+02 1.651354563621991645e+01
2.370000000000000000e+02 1.606599765588730477e+01
2.380000000000000000e+02 1.547568821126969141e+01
2.390000000000000000e+02 1.823114321443653907e+01
2.400000000000000000e+02 1.641410854367059713e+01
2.410000000000000000e+02 1.774192947139501442e+01
2.420000000000000000e+02 1.630374887123337047e+01
2.430000000000000000e+02 1.646564932030614514e+01
2.440000000000000000e+02 1.758145840842252028e+01
2.450000000000000000e+02 1.789783391402293944e+01
2.460000000000000000e+02 1.644623524011000981e+01
2.470000000000000000e+02 1.737403829772260266e+01
2.480000000000000000e+02 1.715662739765275902e+01
2.490000000000000000e+02 1.722593282643305912e+01
2.500000000000000000e+02 1.693088444538597059e+01
2.510000000000000000e+02 1.669890621839218170e+01
2.520000000000000000e+02 1.562866407661464940e+01
2.530000000000000000e+02 1.759064903156389903e+01
2.540000000000000000e+02 1.539483036619043155e+01
2.550000000000000000e+02 1.498216461794266330e+01
2.560000000000000000e+02 1.561374779533907109e+01
2.570000000000000000e+02 1.526329583545820334e+01
2.580000000000000000e+02 1.539632637520729119e+01
2.590000000000000000e+02 1.521918163861590756e+01
2.600000000000000000e+02 1.308167922514670067e+01
2.610000000000000000e+02 1.436109564221171020e+01
2.620000000000000000e+02 1.517573890021366978e+01
2.630000000000000000e+02 1.476362521960984608e+01
2.640000000000000000e+02 1.452882839418934147e+01
2.650000000000000000e+02 1.483487429253633927e+01
2.660000000000000000e+02 1.379748308918665423e+01
2.670000000000000000e+02 1.507468977839194757e+01
2.680000000000000000e+02 1.621621791251804012e+01
2.690000000000000000e+02 1.402524953375371908e+01
2.700000000000000000e+02 1.587097645974417048e+01
2.710000000000000000e+02 1.457537133366460935e+01
2.720000000000000000e+02 1.466343301128817345e+01
2.730000000000000000e+02 1.457440837977978632e+01
2.740000000000000000e+02 1.282765601614394591e+01
2.750000000000000000e+02 1.364524936746122741e+01
2.760000000000000000e+02 1.298647772922777399e+01
2.770000000000000000e+02 1.257969836240484085e+01
2.780000000000000000e+02 1.410253291624042049e+01
2.790000000000000000e+02 1.328554933848546682e+01
2.800000000000000000e+02 1.208843723193479924e+01
2.810000000000000000e+02 1.212568844622754938e+01
2.820000000000000000e+02 1.335470705678042691e+01
2.830000000000000000e+02 1.206503951651341744e+01
2.840000000000000000e+02 1.245307271513854452e+01
2.850000000000000000e+02 1.244689660572150736e+01
2.860000000000000000e+02 1.356351179133232954e+01
2.870000000000000000e+02 1.304782039980770314e+01
2.880000000000000000e+02 1.179735019547499064e+01
2.890000000000000000e+02 1.280477363860310192e+01
2.900000000000000000e+02 1.159165642347153913e+01
2.910000000000000000e+02 1.216610206568163299e+01
2.920000000000000000e+02 1.223172764892919417e+01
2.930000000000000000e+02 1.259395563059906920e+01
2.940000000000000000e+02 1.151852163417619579e+01
2.950000000000000000e+02 1.312588523932988771e+01
2.960000000000000000e+02 1.188361504321337492e+01
2.970000000000000000e+02 1.194868722212188850e+01
2.980000000000000000e+02 1.205917960125392163e+01
2.990000000000000000e+02 1.138707710091879299e+01
3.000000000000000000e+02 1.081417448289508343e+01
3.010000000000000000e+02 1.070880132631206294e+01
3.020000000000000000e+02 1.132017221802627382e+01
3.030000000000000000e+02 1.181377375457379841e+01
3.040000000000000000e+02 1.159781297109489628e+01
3.050000000000000000e+02 1.089284524813506927e+01
3.060000000000000000e+02 1.000166121884203640e+01
3.070000000000000000e+02 1.159836561538721966e+01
3.080000000000000000e+02 1.138729649149636103e+01
3.090000000000000000e+02 1.085275933792542524e+01
3.100000000000000000e+02 1.106242345788693804e+01
3.110000000000000000e+02 1.109919816174494933e+01
3.120000000000000000e+02 1.042382030371400603e+01
3.130000000000000000e+02 1.114132584168911144e+01
3.140000000000000000e+02 1.116447630431991200e+01
3.150000000000000000e+02 1.128018832267715688e+01
3.160000000000000000e+02 1.067258107396810374e+01
3.170000000000000000e+02 1.026626353205926101e+01
3.180000000000000000e+02 1.094095624545218470e+01
3.190000000000000000e+02 1.053644230484997912e+01
3.200000000000000000e+02 1.093633507182518549e+01
3.210000000000000000e+02 1.076341262526227638e+01
3.220000000000000000e+02 1.062833025046813340e+01
3.230000000000000000e+02 1.074460345050946941e+01
3.240000000000000000e+02 9.755696143181125990e+00
3.250000000000000000e+02 9.846539674704470002e+00
3.260000000000000000e+02 9.931220034318466006e+00
3.270000000000000000e+02 1.019442801858980019e+01
3.280000000000000000e+02 9.973805951161354599e+00
3.290000000000000000e+02 9.770008407490811564e+00
3.300000000000000000e+02 9.485550379906735330e+00
3.310000000000000000e+02 1.061772954034814731e+01
3.320000000000000000e+02 9.704031928047889721e+00
3.330000000000000000e+02 9.699350329512281377e+00
3.340000000000000000e+02 1.008391386444698945e+01
3.350000000000000000e+02 9.447017467735104645e+00
3.360000000000000000e+02 9.402273836183900002e+00
3.370000000000000000e+02 9.380162156460411182e+00
3.380000000000000000e+02 9.819692548987942970e+00
3.390000000000000000e+02 9.362294043432120461e+00
3.400000000000000000e+02 9.373558676954697688e+00
3.410000000000000000e+02 9.257405473457124501e+00
3.420000000000000000e+02 9.307329354186917314e+00
3.430000000000000000e+02 9.926594613737970363e+00
3.440000000000000000e+02 9.596093678683345729e+00
3.450000000000000000e+02 9.293705482010329533e+00
3.460000000000000000e+02 9.016288300328728411e+00
3.470000000000000000e+02 8.861663559136175650e+00
3.480000000000000000e+02 8.724749936811029727e+00
3.490000000000000000e+02 9.204911455171394863e+00
3.500000000000000000e+02 8.978594306539850578e+00
3.510000000000000000e+02 9.282862960481260473e+00
3.520000000000000000e+02 9.030728775540804776e+00
3.530000000000000000e+02 8.844335869339767342e+00
3.540000000000000000e+02 9.200121214422811278e+00
3.550000000000000000e+02 8.618124683252409213e+00
3.560000000000000000e+02 9.199560678354664844e+00
3.570000000000000000e+02 8.642389258837347654e+00
3.580000000000000000e+02 8.571409742009102217e+00
3.590000000000000000e+02 8.176225215337515451e+00
3.600000000000000000e+02 8.590430276394602771e+00
3.610000000000000000e+02 8.515484049963928825e+00
3.620000000000000000e+02 8.483908275274037791e+00
3.630000000000000000e+02 8.682834402065996215e+00
3.640000000000000000e+02 8.542952464443441585e+00
3.650000000000000000e+02 8.237243938707660362e+00
3.660000000000000000e+02 8.324205975894638954e+00
3.670000000000000000e+02 8.410012122264305390e+00
3.680000000000000000e+02 7.921439401181688211e+00
3.690000000000000000e+02 8.623832986466039685e+00
3.700000000000000000e+02 7.977770331991661301e+00
3.710000000000000000e+02 8.148312862961537562e+00
3.720000000000000000e+02 8.104452233080682078e+00
3.730000000000000000e+02 8.287261851196802809e+00
3.740000000000000000e+02 7.724163043140172213e+00
3.750000000000000000e+02 7.812704124803763861e+00
3.760000000000000000e+02 8.071233426023223245e+00
3.770000000000000000e+02 7.723522748327653176e+00
3.780000000000000000e+02 7.375774404306183918e+00
3.790000000000000000e+02 7.964131821267135258e+00
3.800000000000000000e+02 7.582323818907062751e+00
3.810000000000000000e+02 7.876567510483329038e+00
3.820000000000000000e+02 7.779216309865162771e+00
3.830000000000000000e+02 7.803990871813367924e+00
3.840000000000000000e+02 7.438872765443271362e+00
3.850000000000000000e+02 8.097068496202926013e+00
3.860000000000000000e+02 7.686865508283311499e+00
3.870000000000000000e+02 7.897349649297137120e+00
3.880000000000000000e+02 7.355051680753756926e+00
3.890000000000000000e+02 7.878630988948648550e+00
3.900000000000000000e+02 7.337136805063678935e+00
3.910000000000000000e+02 7.645325748077035577e+00
3.920000000000000000e+02 7.205785318675227202e+00
3.930000000000000000e+02 7.670219661307345227e+00
3.940000000000000000e+02 7.577029046409376356e+00
3.950000000000000000e+02 7.531836577765334440e+00
3.960000000000000000e+02 7.081274509842140574e+00
3.970000000000000000e+02 7.128577886362550409e+00
3.980000000000000000e+02 7.701653343161598109e+00
3.990000000000000000e+02 7.337902688313186594e+00
4.000000000000000000e+02 7.332781605380241707e+00
4.010000000000000000e+02 7.390441081983877503e+00
4.020000000000000000e+02 7.553501981929366949e+00
4.030000000000000000e+02 7.180113562301479568e+00
4.040000000000000000e+02 7.157381228532625705e+00
4.050000000000000000e+02 7.093189471547965752e+00
4.060000000000000000e+02 7.107528170038825088e+00
4.070000000000000000e+02 7.113148881257171041e+00
4.080000000000000000e+02 6.857034596737273446e+00
4.090000000000000000e+02 6.877687747333890655e+00
4.100000000000000000e+02 7.275493462588608296e+00
4.110000000000000000e+02 6.965307583030771355e+00
4.120000000000000000e+02 7.198117835042197932e+00
4.130000000000000000e+02 6.783473032764868016e+00
4.140000000000000000e+02 6.764424361354298476e+00
4.150000000000000000e+02 7.318504751790179341e+00
4.160000000000000000e+02 6.926591906365378470e+00
4.170000000000000000e+02 6.846032391271473116e+00
4.180000000000000000e+02 6.795748727781766974e+00
4.190000000000000000e+02 6.804074012378588776e+00
4.200000000000000000e+02 6.886913647946793837e+00
4.210000000000000000e+02 6.705798012924502949e+00
4.220000000000000000e+02 6.650925507703640882e+00
4.230000000000000000e+02 6.531124558813001357e+00
4.240000000000000000e+02 6.792786548981516681e+00
4.250000000000000000e+02 6.777070453751661283e+00
4.260000000000000000e+02 6.641674346217756764e+00
4.270000000000000000e+02 6.551957575579357318e+00
4.280000000000000000e+02 6.669683788872257324e+00
4.290000000000000000e+02 6.680499699714824047e+00
4.300000000000000000e+02 6.685230865860836147e+00
4.310000000000000000e+02 6.405920243475058840e+00
4.320000000000000000e+02 6.546195152323522670e+00
4.330000000000000000e+02 6.365074690718888206e+00
4.340000000000000000e+02 6.279143243502082861e+00
4.350000000000000000e+02 6.301129732263777150e+00
4.360000000000000000e+02 6.454192816464437321e+00
4.370000000000000000e+02 6.521150457837000758e+00
4.380000000000000000e+02 6.195763524986835691e+00
4.390000000000000000e+02 6.379252835102747987e+00
4.400000000000000000e+02 6.319577602421755813e+00
4.410000000000000000e+02 6.226291476247602930e+00
4.420000000000000000e+02 6.432964569898261153e+00
4.430000000000000000e+02 6.360810418161281454e+00
4.440000000000000000e+02 6.154904167023315331e+00
4.450000000000000000e+02 6.205455602520159708e+00
4.460000000000000000e+02 6.427554148914308207e+00
4.470000000000000000e+02 6.268823073232368870e+00
4.480000000000000000e+02 6.033729667514982076e+00
4.490000000000000000e+02 6.418684725547572079e+00
4.500000000000000000e+02 5.966091876659214144e+00
4.510000000000000000e+02 5.961918657207753824e+00
4.520000000000000000e+02 6.141179979275817047e+00
4.530000000000000000e+02 6.223949369629595552e+00
4.540000000000000000e+02 6.113926648495395355e+00
4.550000000000000000e+02 6.059866858359844066e+00
4.560000000000000000e+02 5.786561242672917160e+00
4.570000000000000000e+02 6.019422467291971834e+00
4.580000000000000000e+02 6.020969067852623091e+00
4.590000000000000000e+02 5.946836885384695570e+00
4.600000000000000000e+02 5.896305973587764093e+00
4.610000000000000000e+02 5.945028397908284745e+00
4.620000000000000000e+02 5.893240398273802860e+00
4.630000000000000000e+02 5.987945158570902926e+00
4.640000000000000000e+02 5.969050577552065917e+00
4.650000000000000000e+02 6.132479559336608155e+00
4.660000000000000000e+02 5.881647880790205285e+00
4.670000000000000000e+02 5.866054551416891805e+00
4.680000000000000000e+02 5.920859947742274088e+00
4.690000000000000000e+02 5.672791450565959792e+00
4.700000000000000000e+02 5.771788937086526516e+00
4.710000000000000000e+02 5.898596688670039612e+00
4.720000000000000000e+02 5.734083602782716227e+00
4.730000000000000000e+02 5.657572643903352905e+00
4.740000000000000000e+02 5.614158589209355732e+00
4.750000000000000000e+02 5.700475343105025239e+00
4.760000000000000000e+02 5.554059383330618438e+00
4.770000000000000000e+02 5.630529831488315651e+00
4.780000000000000000e+02 5.596409998991707546e+00
4.790000000000000000e+02 5.597231739682726470e+00
4.800000000000000000e+02 5.687345787815590192e+00
4.810000000000000000e+02 5.540635169015618366e+00
4.820000000000000000e+02 5.619712704859027852e+00
4.830000000000000000e+02 5.496074589293526991e+00
4.840000000000000000e+02 5.506893501025470705e+00
4.850000000000000000e+02 5.601250698271874384e+00
4.860000000000000000e+02 5.544991999676978089e+00
4.870000000000000000e+02 5.594350735027048493e+00
4.880000000000000000e+02 5.704124707426232455e+00
4.890000000000000000e+02 5.418580598445497998e+00
4.900000000000000000e+02 5.426488709046367376e+00
4.910000000000000000e+02 5.351261749430313408e+00
4.920000000000000000e+02 5.455696472747740167e+00
4.930000000000000000e+02 5.458431187250277539e+00
4.940000000000000000e+02 5.339282104125748774e+00
4.950000000000000000e+02 5.487806107120531074e+00
4.960000000000000000e+02 5.447554171166150816e+00
4.970000000000000000e+02 5.318440129592618248e+00
4.980000000000000000e+02 5.332887490147328435e+00
4.990000000000000000e+02 5.438086081691909435e+00
5.000000000000000000e+02 5.410251374483544318e+00
5.010000000000000000e+02 5.403620251929711849e+00
5.020000000000000000e+02 5.273998338283319320e+00
5.030000000000000000e+02 5.393161657571023504e+00
5.040000000000000000e+02 5.318176003020955278e+00
5.050000000000000000e+02 5.200009200436333856e+00
5.060000000000000000e+02 5.286634589286815178e+00
5.070000000000000000e+02 5.221950409258727888e+00
5.080000000000000000e+02 5.306236212019312504e+00
5.090000000000000000e+02 5.307537106124483373e+00
5.100000000000000000e+02 5.217319346009654524e+00
5.110000000000000000e+02 5.327477508415874752e+00
5.120000000000000000e+02 5.186091020731455892e+00
5.130000000000000000e+02 5.172345370426005395e+00
5.140000000000000000e+02 5.253999967731616039e+00
5.150000000000000000e+02 5.067842844515348943e+00
5.160000000000000000e+02 5.120324369994079028e+00
5.170000000000000000e+02 5.084751088149370268e+00
5.180000000000000000e+02 5.044987635512485191e+00
5.190000000000000000e+02 5.169944606840640056e+00
5.200000000000000000e+02 5.128355309077626600e+00
5.210000000000000000e+02 4.989068227478090201e+00
5.220000000000000000e+02 5.073483023139358394e+00
5.230000000000000000e+02 5.163612418178058050e+00
5.240000000000000000e+02 5.063826809970522369e+00
5.250000000000000000e+02 5.135052667421799555e+00
5.260000000000000000e+02 4.922336221544317603e+00
5.270000000000000000e+02 4.987145639450109691e+00
5.280000000000000000e+02 4.967948357489325062e+00
5.290000000000000000e+02 4.938735265456479340e+00
5.300000000000000000e+02 4.952978585095997310e+00
5.310000000000000000e+02 5.158170338356320883e+00
5.320000000000000000e+02 4.952689146819818866e+00
5.330000000000000000e+02 4.975325869992445860e+00
5.340000000000000000e+02 4.939091831434677005e+00
5.350000000000000000e+02 4.949680420282124516e+00
5.360000000000000000e+02 5.002833770519287349e+00
5.370000000000000000e+02 4.979179845627617063e+00
5.380000000000000000e+02 4.843873662752566922e+00
5.390000000000000000e+02 4.879021012117130240e+00
5.400000000000000000e+02 4.895064441147392031e+00
5.410000000000000000e+02 4.970013156612570704e+00
5.420000000000000000e+02 4.834778811743139393e+00
5.430000000000000000e+02 4.925801762810416484e+00
5.440000000000000000e+02 4.832265035843308354e+00
5.450000000000000000e+02 4.984466154799879867e+00
5.460000000000000000e+02 4.932274753322124283e+00
5.470000000000000000e+02 4.833481967170647486e+00
5.480000000000000000e+02 4.787065687104880674e+00
5.490000000000000000e+02 4.797503977448505097e+00
5.500000000000000000e+02 4.829327632348201504e+00
5.510000000000000000e+02 4.724081226359193586e+00
5.520000000000000000e+02 4.816569786484552473e+00
5.530000000000000000e+02 4.856753704577567277e+00
5.540000000000000000e+02 4.747892027569935003e+00
5.550000000000000000e+02 4.771066880369244423e+00
5.560000000000000000e+02 4.742205809821403939e+00
5.570000000000000000e+02 4.810583360109157880e+00
5.580000000000000000e+02 4.632026175054170913e+00
5.590000000000000000e+02 4.804775265511061377e+00
5.600000000000000000e+02 4.744614186181884463e+00
5.610000000000000000e+02 4.656269043615035130e+00
5.620000000000000000e+02 4.745637549612377271e+00
5.630000000000000000e+02 4.775757664259638879e+00
5.640000000000000000e+02 4.674941988172622409e+00
5.650000000000000000e+02 4.643943532394486873e+00
5.660000000000000000e+02 4.561664991059998009e+00
5.670000000000000000e+02 4.695385562299583704e+00
5.680000000000000000e+02 4.673738543585813865e+00
5.690000000000000000e+02 4.583862952547942626e+00
5.700000000000000000e+02 4.751225806379295591e+00
5.710000000000000000e+02 4.571463895053363480e+00
5.720000000000000000e+02 4.591758798238470440e+00
5.730000000000000000e+02 4.778933089921368449e+00
5.740000000000000000e+02 4.615961158656228136e+00
5.750000000000000000e+02 4.637552996506409286e+00
5.760000000000000000e+02 4.575770159446591379e+00
5.770000000000000000e+02 4.703052813637982332e+00
5.780000000000000000e+02 4.564002247410407165e+00
5.790000000000000000e+02 4.606987613272271354e+00
5.800000000000000000e+02 4.552753195658216789e+00
5.810000000000000000e+02 4.531228600454868527e+00
5.820000000000000000e+02 4.562932652227059904e+00
5.830000000000000000e+02 4.506222065192294401e+00
5.840000000000000000e+02 4.502028065092054554e+00
5.850000000000000000e+02 4.524126503841889857e+00
5.860000000000000000e+02 4.701943190396069561e+00
5.870000000000000000e+02 4.488276551976641215e+00
5.880000000000000000e+02 4.377649541835745950e+00
5.890000000000000000e+02 4.525120874695305773e+00
5.900000000000000000e+02 4.528559815024155277e+00
5.910000000000000000e+02 4.478966464758523891e+00
5.920000000000000000e+02 4.495149724217615272e+00
5.930000000000000000e+02 4.425056254178418413e+00
5.940000000000000000e+02 4.500077386736215601e+00
5.950000000000000000e+02 4.522041437056759428e+00
5.960000000000000000e+02 4.434299470737037119e+00
5.970000000000000000e+02 4.530783006132224955e+00
5.980000000000000000e+02 4.461757825550959566e+00
5.990000000000000000e+02 4.564980420614093148e+00
6.000000000000000000e+02 4.431739712978933099e+00
6.010000000000000000e+02 4.400749831824659175e+00
6.020000000000000000e+02 4.476158075916887746e+00
6.030000000000000000e+02 4.405223660954184162e+00
6.040000000000000000e+02 4.409399599000528802e+00
6.050000000000000000e+02 4.373404511815933482e+00
6.060000000000000000e+02 4.423684107918200326e+00
6.070000000000000000e+02 4.334550611913384977e+00
6.080000000000000000e+02 4.448131262773410199e+00
6.090000000000000000e+02 4.356297576944187178e+00
6.100000000000000000e+02 4.233109688682239913e+00
6.110000000000000000e+02 4.473301926358712599e+00
6.120000000000000000e+02 4.378713726167418940e+00
6.130000000000000000e+02 4.447936690394246106e+00
6.140000000000000000e+02 4.324579789400848640e+00
6.150000000000000000e+02 4.378275970769179182e+00
6.160000000000000000e+02 4.326243098459809922e+00
6.170000000000000000e+02 4.395290372159927905e+00
6.180000000000000000e+02 4.339242324054314537e+00
6.190000000000000000e+02 4.352655706420518023e+00
6.200000000000000000e+02 4.338154265268261867e+00
6.210000000000000000e+02 4.303550439287465501e+00
6.220000000000000000e+02 4.328616135015157518e+00
6.230000000000000000e+02 4.278910785270578998e+00
6.240000000000000000e+02 4.341038080413546218e+00
6.250000000000000000e+02 4.326330358738294635e+00
6.260000000000000000e+02 4.387513187882232657e+00
6.270000000000000000e+02 4.273575162217531975e+00
6.280000000000000000e+02 4.333824104467993266e+00
6.290000000000000000e+02 4.236330689695492424e+00
6.300000000000000000e+02 4.300073996129309961e+00
6.310000000000000000e+02 4.239588758857683715e+00
6.320000000000000000e+02 4.232668436618184593e+00
6.330000000000000000e+02 4.248710019124867898e+00
6.340000000000000000e+02 4.282028547057905143e+00
6.350000000000000000e+02 4.277773871580161646e+00
6.360000000000000000e+02 4.228838459043256393e+00
6.370000000000000000e+02 4.184227061803533765e+00
6.380000000000000000e+02 4.266303607151565203e+00
6.390000000000000000e+02 4.326213765409490541e+00
6.400000000000000000e+02 4.203571744452334613e+00
6.410000000000000000e+02 4.270197777878432355e+00
6.420000000000000000e+02 4.268242111944684503e+00
6.430000000000000000e+02 4.134339907605611764e+00
6.440000000000000000e+02 4.254441029345882974e+00
6.450000000000000000e+02 4.298457454230278252e+00
6.460000000000000000e+02 4.187876410705400509e+00
6.470000000000000000e+02 4.203213274433739599e+00
6.480000000000000000e+02 4.232562134793088404e+00
6.490000000000000000e+02 4.224699085287616285e+00
6.500000000000000000e+02 4.262924750758106285e+00
6.510000000000000000e+02 4.178456116931565489e+00
6.520000000000000000e+02 4.209043740272312206e+00
6.530000000000000000e+02 4.184544318836671550e+00
6.540000000000000000e+02 4.242498952744097274e+00
6.550000000000000000e+02 4.106280276833278897e+00
6.560000000000000000e+02 4.222962635897412831e+00
6.570000000000000000e+02 4.163939669393982967e+00
6.580000000000000000e+02 4.207482737425890740e+00
6.590000000000000000e+02 4.119004857988993074e+00
6.600000000000000000e+02 4.154765239056955828e+00
6.610000000000000000e+02 4.209503069846582513e+00
6.620000000000000000e+02 4.147448727498868948e+00
6.630000000000000000e+02 4.102568072475858862e+00
6.640000000000000000e+02 4.192601685978870840e+00
6.650000000000000000e+02 4.121329559593596592e+00
6.660000000000000000e+02 4.193490203850269715e+00
6.670000000000000000e+02 4.180802813887784630e+00
6.680000000000000000e+02 4.152022076096803183e+00
6.690000000000000000e+02 4.132851013741740687e+00
6.700000000000000000e+02 4.176835968755693074e+00
6.710000000000000000e+02 4.100420253722118602e+00
6.720000000000000000e+02 4.185012060158845415e+00
6.730000000000000000e+02 4.168179237579011875e+00
6.740000000000000000e+02 4.186601252466754630e+00
6.750000000000000000e+02 4.129478067422930998e+00
6.760000000000000000e+02 4.064427125583684131e+00
6.770000000000000000e+02 4.138655574644029222e+00
6.780000000000000000e+02 4.146537476251443088e+00
6.790000000000000000e+02 4.087779176594840358e+00
6.800000000000000000e+02 4.080542790537960762e+00
6.810000000000000000e+02 4.125662421173928784e+00
6.820000000000000000e+02 4.080168156306586802e+00
6.830000000000000000e+02 4.084832703024983580e+00
6.840000000000000000e+02 4.077769668195891484e+00
6.850000000000000000e+02 4.097541167615643687e+00
6.860000000000000000e+02 4.150176971169205586e+00
6.870000000000000000e+02 4.114673388987863056e+00
6.880000000000000000e+02 4.102160737296389748e+00
6.890000000000000000e+02 4.055819265332201162e+00
6.900000000000000000e+02 4.078278618062215699e+00
6.910000000000000000e+02 4.072304155787057844e+00
6.920000000000000000e+02 4.089910849275470106e+00
6.930000000000000000e+02 4.052756349301770200e+00
6.940000000000000000e+02 4.012288174972394650e+00
6.950000000000000000e+02 4.072145581587264473e+00
6.960000000000000000e+02 4.066295878246933171e+00
6.970000000000000000e+02 4.093244378198050981e+00
6.980000000000000000e+02 4.108636765797351487e+00
6.990000000000000000e+02 4.095343424041439029e+00
7.000000000000000000e+02 4.054585498063249638e+00
7.010000000000000000e+02 4.047566860708754710e+00
7.020000000000000000e+02 4.064471138841619258e+00
7.030000000000000000e+02 4.078086953193208686e+00
7.040000000000000000e+02 4.041333244296020588e+00
7.050000000000000000e+02 3.996676289320600262e+00
7.060000000000000000e+02 4.079050815549597253e+00
7.070000000000000000e+02 4.047314617496606814e+00
7.080000000000000000e+02 4.013433085222065877e+00
7.090000000000000000e+02 4.010305183600434198e+00
7.100000000000000000e+02 4.117591992760099906e+00
7.110000000000000000e+02 3.985575743583565256e+00
7.120000000000000000e+02 4.065584621187671388e+00
7.130000000000000000e+02 4.081892326109270996e+00
7.140000000000000000e+02 4.020591573565123866e+00
7.150000000000000000e+02 4.064626940797788635e+00
7.160000000000000000e+02 3.978726778549074972e+00
7.170000000000000000e+02 4.025778096164066788e+00
7.180000000000000000e+02 4.068489114782527949e+00
7.190000000000000000e+02 4.078745649667789408e+00
7.200000000000000000e+02 4.061823485070001460e+00
7.210000000000000000e+02 4.037571817758214721e+00
7.220000000000000000e+02 4.055529902571325174e+00
7.230000000000000000e+02 4.004843100138876899e+00
7.240000000000000000e+02 4.076752583804734265e+00
7.250000000000000000e+02 4.009950424694928905e+00
7.260000000000000000e+02 4.114068205095839481e+00
7.270000000000000000e+02 4.011823546431425136e+00
7.280000000000000000e+02 4.045179374078763601e+00
7.290000000000000000e+02 4.041400019960628143e+00
7.300000000000000000e+02 4.000586490592878519e+00
7.310000000000000000e+02 4.057338866624283114e+00
7.320000000000000000e+02 4.053884789884922846e+00
7.330000000000000000e+02 4.075259982838105977e+00
7.340000000000000000e+02 4.017623313143499963e+00
7.350000000000000000e+02 3.963133509317438463e+00
7.360000000000000000e+02 4.041814278363400348e+00
7.370000000000000000e+02 3.992509110359331537e+00
7.380000000000000000e+02 4.040425397804352947e+00
7.390000000000000000e+02 4.019088492339333740e+00
7.400000000000000000e+02 4.015581616483530070e+00
7.410000000000000000e+02 4.021945020516193736e+00
7.420000000000000000e+02 4.055456700680091231e+00
7.430000000000000000e+02 4.116440560776541524e+00
7.440000000000000000e+02 4.032403094434541480e+00
7.450000000000000000e+02 4.049573564472752629e+00
7.460000000000000000e+02 3.999940835516717641e+00
7.470000000000000000e+02 4.015381424498304597e+00
7.480000000000000000e+02 4.024206006079631415e+00
7.490000000000000000e+02 4.089666728619001823e+00
7.500000000000000000e+02 4.089666728619066660e+00
7.510000000000000000e+02 4.024206006079645626e+00
7.520000000000000000e+02 4.015381424498286833e+00
7.530000000000000000e+02 3.999940835516683002e+00
7.540000000000000000e+02 4.049573564472782827e+00
7.550000000000000000e+02 4.032403094434606317e+00
7.560000000000000000e+02 4.116440560776584157e+00
7.570000000000000000e+02 4.055456700680109883e+00
7.580000000000000000e+02 4.021945020516158209e+00
7.590000000000000000e+02 4.015581616483618888e+00
7.600000000000000000e+02 4.019088492339217389e+00
7.610000000000000000e+02 4.040425397804361829e+00
7.620000000000000000e+02 3.992509110359290680e+00
7.630000000000000000e+02 4.041814278363446533e+00
7.640000000000000000e+02 3.963133509317525949e+00
7.650000000000000000e+02 4.017623313143436015e+00
7.660000000000000000e+02 4.075259982838165485e+00
7.670000000000000000e+02 4.053884789885012552e+00
7.680000000000000000e+02 4.057338866624184526e+00
7.690000000000000000e+02 4.000586490592951350e+00
7.700000000000000000e+02 4.041400019960621037e+00
7.710000000000000000e+02 4.045179374078691659e+00
7.720000000000000000e+02 4.011823546431398491e+00
7.730000000000000000e+02 4.114068205095850139e+00
7.740000000000000000e+02 4.009950424694907589e+00
7.750000000000000000e+02 4.076752583804681862e+00
7.760000000000000000e+02 4.004843100138828937e+00
7.770000000000000000e+02 4.055529902571296752e+00
7.780000000000000000e+02 4.037571817758120574e+00
7.790000000000000000e+02 4.061823485070119588e+00
7.800000000000000000e+02 4.078745649667705031e+00
7.810000000000000000e+02 4.068489114782536831e+00
7.820000000000000000e+02 4.025778096164065012e+00
7.830000000000000000e+02 3.978726778549100729e+00
7.840000000000000000e+02 4.064626940797767318e+00
7.850000000000000000e+02 4.020591573565206467e+00
7.860000000000000000e+02 4.081892326109235469e+00
7.870000000000000000e+02 4.065584621187692704e+00
7.880000000000000000e+02 3.985575743583531949e+00
7.890000000000000000e+02 4.117591992760022634e+00
7.900000000000000000e+02 4.010305183600448409e+00
7.910000000000000000e+02 4.013433085222076535e+00
7.920000000000000000e+02 4.047314617496590827e+00
7.930000000000000000e+02 4.079050815549657649e+00
7.940000000000000000e+02 3.996676289320481246e+00
7.950000000000000000e+02 4.041333244296072991e+00
7.960000000000000000e+02 4.078086953193168718e+00
7.970000000000000000e+02 4.064471138841622810e+00
7.980000000000000000e+02 4.047566860708865732e+00
7.990000000000000000e+02 4.054585498063329574e+00
8.000000000000000000e+02 4.095343424041381297e+00
8.010000000000000000e+02 4.108636765797418100e+00
8.020000000000000000e+02 4.093244378198090061e+00
8.030000000000000000e+02 4.066295878246951823e+00
8.040000000000000000e+02 4.072145581587208518e+00
8.050000000000000000e+02 4.012288174972451493e+00
8.060000000000000000e+02 4.052756349301777306e+00
8.070000000000000000e+02 4.089910849275403493e+00
8.080000000000000000e+02 4.072304155787168867e+00
8.090000000000000000e+02 4.078278618062106453e+00
8.100000000000000000e+02 4.055819265332211820e+00
8.110000000000000000e+02 4.102160737296284054e+00
8.120000000000000000e+02 4.114673388987843516e+00
8.130000000000000000e+02 4.150176971169098117e+00
8.140000000000000000e+02 4.097541167615708524e+00
8.150000000000000000e+02 4.077769668195875497e+00
8.160000000000000000e+02 4.084832703024972922e+00
8.170000000000000000e+02 4.080168156306611671e+00
8.180000000000000000e+02 4.125662421173885264e+00
8.190000000000000000e+02 4.080542790537967868e+00
8.200000000000000000e+02 4.087779176594889208e+00
8.210000000000000000e+02 4.146537476251395127e+00
8.220000000000000000e+02 4.138655574644034552e+00
8.230000000000000000e+02 4.064427125583682354e+00
8.240000000000000000e+02 4.129478067422871490e+00
8.250000000000000000e+02 4.186601252466712886e+00
8.260000000000000000e+02 4.168179237578999441e+00
8.270000000000000000e+02 4.185012060158897818e+00
8.280000000000000000e+02 4.100420253722132813e+00
8.290000000000000000e+02 4.176835968755717055e+00
8.300000000000000000e+02 4.132851013741744239e+00
8.310000000000000000e+02 4.152022076096790748e+00
8.320000000000000000e+02 4.180802813887926739e+00
8.330000000000000000e+02 4.193490203850306131e+00
8.340000000000000000e+02 4.121329559593624126e+00
8.350000000000000000e+02 4.192601685978901926e+00
8.360000000000000000e+02 4.102568072475855310e+00
8.370000000000000000e+02 4.147448727498829868e+00
8.380000000000000000e+02 4.209503069846544321e+00
8.390000000000000000e+02 4.154765239057113924e+00
8.400000000000000000e+02 4.119004857989004620e+00
8.410000000000000000e+02 4.207482737426023967e+00
8.420000000000000000e+02 4.163939669393932341e+00
8.430000000000000000e+02 4.222962635897484773e+00
8.440000000000000000e+02 4.106280276833261134e+00
8.450000000000000000e+02 4.242498952744104379e+00
8.460000000000000000e+02 4.184544318836686649e+00
8.470000000000000000e+02 4.209043740272405465e+00
8.480000000000000000e+02 4.178456116931454467e+00
8.490000000000000000e+02 4.262924750758187997e+00
8.500000000000000000e+02 4.224699085287510592e+00
8.510000000000000000e+02 4.232562134793147024e+00
8.520000000000000000e+02 4.203213274433706736e+00
8.530000000000000000e+02 4.187876410705418273e+00
8.540000000000000000e+02 4.298457454230285357e+00
8.550000000000000000e+02 4.254441029345833236e+00
8.560000000000000000e+02 4.134339907605546038e+00
8.570000000000000000e+02 4.268242111944736017e+00
8.580000000000000000e+02 4.270197777878465217e+00
8.590000000000000000e+02 4.203571744452392345e+00
8.600000000000000000e+02 4.326213765409501200e+00
8.610000000000000000e+02 4.266303607151532340e+00
8.620000000000000000e+02 4.184227061803568404e+00
8.630000000000000000e+02 4.228838459043180009e+00
8.640000000000000000e+02 4.277773871580193621e+00
8.650000000000000000e+02 4.282028547057938006e+00
8.660000000000000000e+02 4.248710019124902537e+00
8.670000000000000000e+02 4.232668436618101993e+00
8.680000000000000000e+02 4.239588758857713024e+00
8.690000000000000000e+02 4.300073996129299303e+00
8.700000000000000000e+02 4.236330689695543938e+00
8.710000000000000000e+02 4.333824104468013694e+00
8.720000000000000000e+02 4.273575162217531975e+00
8.730000000000000000e+02 4.387513187882253085e+00
8.740000000000000000e+02 4.326330358738282200e+00
8.750000000000000000e+02 4.341038080413514244e+00
8.760000000000000000e+02 4.278910785270628736e+00
8.770000000000000000e+02 4.328616135015038502e+00
8.780000000000000000e+02 4.303550439287424645e+00
8.790000000000000000e+02 4.338154265268157950e+00
8.800000000000000000e+02 4.352655706420488713e+00
8.810000000000000000e+02 4.339242324054273681e+00
8.820000000000000000e+02 4.395290372159885273e+00
8.830000000000000000e+02 4.326243098459813474e+00
8.840000000000000000e+02 4.378275970769147207e+00
8.850000000000000000e+02 4.324579789400833540e+00
8.860000000000000000e+02 4.447936690394183934e+00
8.870000000000000000e+02 4.378713726167417164e+00
8.880000000000000000e+02 4.473301926358678848e+00
8.890000000000000000e+02 4.233109688682302085e+00
8.900000000000000000e+02 4.356297576944233363e+00
8.910000000000000000e+02 4.448131262773268091e+00
8.920000000000000000e+02 4.334550611913515539e+00
8.930000000000000000e+02 4.423684107918111508e+00
8.940000000000000000e+02 4.373404511815761175e+00
8.950000000000000000e+02 4.409399599000569658e+00
8.960000000000000000e+02 4.405223660953984322e+00
8.970000000000000000e+02 4.476158075916569778e+00
8.980000000000000000e+02 4.400749831824571245e+00
8.990000000000000000e+02 4.431739712978716383e+00
9.000000000000000000e+02 4.564980420613899526e+00
9.010000000000000000e+02 4.461757825550916046e+00
9.020000000000000000e+02 4.530783006132084623e+00
9.030000000000000000e+02 4.434299470737082416e+00
9.040000000000000000e+02 4.522041437056878443e+00
9.050000000000000000e+02 4.500077386736236029e+00
9.060000000000000000e+02 4.425056254178360682e+00
9.070000000000000000e+02 4.495149724217668563e+00
9.080000000000000000e+02 4.478966464758561195e+00
9.090000000000000000e+02 4.528559815024180146e+00
9.100000000000000000e+02 4.525120874695372386e+00
9.110000000000000000e+02 4.377649541835645586e+00
9.120000000000000000e+02 4.488276551976659867e+00
9.130000000000000000e+02 4.701943190396087324e+00
9.140000000000000000e+02 4.524126503841942259e+00
9.150000000000000000e+02 4.502028065091869813e+00
9.160000000000000000e+02 4.506222065192354798e+00
9.170000000000000000e+02 4.562932652227018160e+00
9.180000000000000000e+02 4.531228600454883626e+00
9.190000000000000000e+02 4.552753195658233665e+00
9.200000000000000000e+02 4.606987613272309545e+00
9.210000000000000000e+02 4.564002247410416047e+00
9.220000000000000000e+02 4.703052813638059604e+00
9.230000000000000000e+02 4.575770159446669538e+00
9.240000000000000000e+02 4.637552996506248526e+00
9.250000000000000000e+02 4.615961158656183727e+00
9.260000000000000000e+02 4.778933089921404864e+00
9.270000000000000000e+02 4.591758798238435801e+00
9.280000000000000000e+02 4.571463895053255122e+00
9.290000000000000000e+02 4.751225806379361316e+00
9.300000000000000000e+02 4.583862952547965719e+00
9.310000000000000000e+02 4.673738543585777450e+00
9.320000000000000000e+02 4.695385562299616566e+00
9.330000000000000000e+02 4.561664991060016661e+00
9.340000000000000000e+02 4.643943532394465556e+00
9.350000000000000000e+02 4.674941988172597540e+00
9.360000000000000000e+02 4.775757664259576707e+00
9.370000000000000000e+02 4.745637549612400363e+00
9.380000000000000000e+02 4.656269043615018255e+00
9.390000000000000000e+02 4.744614186181845383e+00
9.400000000000000000e+02 4.804775265511114668e+00
9.410000000000000000e+02 4.632026175054122952e+00
9.420000000000000000e+02 4.810583360109046858e+00
9.430000000000000000e+02 4.742205809821446572e+00
9.440000000000000000e+02 4.771066880369310148e+00
9.450000000000000000e+02 4.747892027569927009e+00
9.460000000000000000e+02 4.856753704577471353e+00
9.470000000000000000e+02 4.816569786484650173e+00
9.480000000000000000e+02 4.724081226359129637e+00
9.490000000000000000e+02 4.829327632348183741e+00
9.500000000000000000e+02 4.797503977448400292e+00
9.510000000000000000e+02 4.787065687104861134e+00
9.520000000000000000e+02 4.833481967170729199e+00
9.530000000000000000e+02 4.932274753322085203e+00
9.540000000000000000e+02 4.984466154799955362e+00
9.550000000000000000e+02 4.832265035843230194e+00
9.560000000000000000e+02 4.925801762810475992e+00
9.570000000000000000e+02 4.834778811743219329e+00
9.580000000000000000e+02 4.970013156612665739e+00
9.590000000000000000e+02 4.895064441147411571e+00
9.600000000000000000e+02 4.879021012117103595e+00
9.610000000000000000e+02 4.843873662752565146e+00
9.620000000000000000e+02 4.979179845627407452e+00
9.630000000000000000e+02 5.002833770519334422e+00
9.640000000000000000e+02 4.949680420282015270e+00
9.650000000000000000e+02 4.939091831434597957e+00
9.660000000000000000e+02 4.975325869992542671e+00
9.670000000000000000e+02 4.952689146819753141e+00
9.680000000000000000e+02 5.158170338356359075e+00
9.690000000000000000e+02 4.952978585095938691e+00
9.700000000000000000e+02 4.938735265456427825e+00
9.710000000000000000e+02 4.967948357489437861e+00
9.720000000000000000e+02 4.987145639450131895e+00
9.730000000000000000e+02 4.922336221544311385e+00
9.740000000000000000e+02 5.135052667421873274e+00
9.750000000000000000e+02 5.063826809970416676e+00
9.760000000000000000e+02 5.163612418178124663e+00
9.770000000000000000e+02 5.073483023139369941e+00
9.780000000000000000e+02 4.989068227478028916e+00
9.790000000000000000e+02 5.128355309077584856e+00
9.800000000000000000e+02 5.169944606840662260e+00
9.810000000000000000e+02 5.044987635512425683e+00
9.820000000000000000e+02 5.084751088149420006e+00
9.830000000000000000e+02 5.120324369994123437e+00
9.840000000000000000e+02 5.067842844515344503e+00
9.850000000000000000e+02 5.253999967731542320e+00
9.860000000000000000e+02 5.172345370425942335e+00
9.870000000000000000e+02 5.186091020731492307e+00
9.880000000000000000e+02 5.327477508415899621e+00
9.890000000000000000e+02 5.217319346009571035e+00
9.900000000000000000e+02 5.307537106124549098e+00
9.910000000000000000e+02 5.306236212019329379e+00
9.920000000000000000e+02 5.221950409258685255e+00
9.930000000000000000e+02 5.286634589286725472e+00
9.940000000000000000e+02 5.200009200436374712e+00
9.950000000000000000e+02 5.318176003020909981e+00
9.960000000000000000e+02 5.393161657571023504e+00
9.970000000000000000e+02 5.273998338283295340e+00
9.980000000000000000e+02 5.403620251929764251e+00
9.990000000000000000e+02 5.410251374483672215e+00
1.000000000000000000e+03 5.438086081692021345e+00
1.001000000000000000e+03 5.332887490147234288e+00
1.002000000000000000e+03 5.318440129592704402e+00
1.003000000000000000e+03 5.447554171166260950e+00
1.004000000000000000e+03 5.487806107120412058e+00
1.005000000000000000e+03 5.339282104125861572e+00
1.006000000000000000e+03 5.458431187250240235e+00
1.007000000000000000e+03 5.455696472747569636e+00
1.008000000000000000e+03 5.351261749430269887e+00
1.009000000000000000e+03 5.426488709046473069e+00
1.010000000000000000e+03 5.418580598445491781e+00
1.011000000000000000e+03 5.704124707426157848e+00
1.012000000000000000e+03 5.594350735027067145e+00
1.013000000000000000e+03 5.544991999677166383e+00
1.014000000000000000e+03 5.601250698271826423e+00
1.015000000000000000e+03 5.506893501025433402e+00
1.016000000000000000e+03 5.496074589293624690e+00
1.017000000000000000e+03 5.619712704859135322e+00
1.018000000000000000e+03 5.540635169015536654e+00
1.019000000000000000e+03 5.687345787815565323e+00
1.020000000000000000e+03 5.597231739682724694e+00
1.021000000000000000e+03 5.596409998991727974e+00
1.022000000000000000e+03 5.630529831488123804e+00
1.023000000000000000e+03 5.554059383330645971e+00
1.024000000000000000e+03 5.700475343104862702e+00
1.025000000000000000e+03 5.614158589209321981e+00
1.026000000000000000e+03 5.657572643903201026e+00
1.027000000000000000e+03 5.734083602782810374e+00
1.028000000000000000e+03 5.898596688670026289e+00
1.029000000000000000e+03 5.771788937086541615e+00
1.030000000000000000e+03 5.672791450566100124e+00
1.031000000000000000e+03 5.920859947742254548e+00
1.032000000000000000e+03 5.866054551416838514e+00
1.033000000000000000e+03 5.881647880790284333e+00
1.034000000000000000e+03 6.132479559336641017e+00
1.035000000000000000e+03 5.969050577551879400e+00
1.036000000000000000e+03 5.987945158570998849e+00
1.037000000000000000e+03 5.893240398273858816e+00
1.038000000000000000e+03 5.945028397908245665e+00
1.039000000000000000e+03 5.896305973587821825e+00
1.040000000000000000e+03 5.946836885384576554e+00
1.041000000000000000e+03 6.020969067852483647e+00
1.042000000000000000e+03 6.019422467292061540e+00
1.043000000000000000e+03 5.786561242672883409e+00
1.044000000000000000e+03 6.059866858359782782e+00
1.045000000000000000e+03 6.113926648495370486e+00
1.046000000000000000e+03 6.223949369629512951e+00
1.047000000000000000e+03 6.141179979275724676e+00
1.048000000000000000e+03 5.961918657207768923e+00
1.049000000000000000e+03 5.966091876659278981e+00
1.050000000000000000e+03 6.418684725547538328e+00
1.051000000000000000e+03 6.033729667514997175e+00
1.052000000000000000e+03 6.268823073232473675e+00
1.053000000000000000e+03 6.427554148914274457e+00
1.054000000000000000e+03 6.205455602519996283e+00
1.055000000000000000e+03 6.154904167023291350e+00
1.056000000000000000e+03 6.360810418161149116e+00
1.057000000000000000e+03 6.432964569898367735e+00
1.058000000000000000e+03 6.226291476247602930e+00
1.059000000000000000e+03 6.319577602421820650e+00
1.060000000000000000e+03 6.379252835102757757e+00
1.061000000000000000e+03 6.195763524986941384e+00
1.062000000000000000e+03 6.521150457837098458e+00
1.063000000000000000e+03 6.454192816464527915e+00
1.064000000000000000e+03 6.301129732263683891e+00
1.065000000000000000e+03 6.279143243502100624e+00
1.066000000000000000e+03 6.365074690718856232e+00
1.067000000000000000e+03 6.546195152323543098e+00
1.068000000000000000e+03 6.405920243475159204e+00
1.069000000000000000e+03 6.685230865860983585e+00
1.070000000000000000e+03 6.680499699714773421e+00
1.071000000000000000e+03 6.669683788872293739e+00
1.072000000000000000e+03 6.551957575579393733e+00
1.073000000000000000e+03 6.641674346217723013e+00
1.074000000000000000e+03 6.777070453751589341e+00
1.075000000000000000e+03 6.792786548981447403e+00
1.076000000000000000e+03 6.531124558813110603e+00
1.077000000000000000e+03 6.650925507703604467e+00
1.078000000000000000e+03 6.705798012924431895e+00
1.079000000000000000e+03 6.886913647946912853e+00
1.080000000000000000e+03 6.804074012378711345e+00
1.081000000000000000e+03 6.795748727781773191e+00
1.082000000000000000e+03 6.846032391271457129e+00
1.083000000000000000e+03 6.926591906365350049e+00
1.084000000000000000e+03 7.318504751790205987e+00
1.085000000000000000e+03 6.764424361354351767e+00
1.086000000000000000e+03 6.783473032764701927e+00
1.087000000000000000e+03 7.198117835042274315e+00
1.088000000000000000e+03 6.965307583030815763e+00
1.089000000000000000e+03 7.275493462588438653e+00
1.090000000000000000e+03 6.877687747333864898e+00
1.091000000000000000e+03 6.857034596737215715e+00
1.092000000000000000e+03 7.113148881257064460e+00
1.093000000000000000e+03 7.107528170038713178e+00
1.094000000000000000e+03 7.093189471547923119e+00
1.095000000000000000e+03 7.157381228532649686e+00
1.096000000000000000e+03 7.180113562301634111e+00
1.097000000000000000e+03 7.553501981929266584e+00
1.098000000000000000e+03 7.390441081983802896e+00
1.099000000000000000e+03 7.332781605380320755e+00
1.100000000000000000e+03 7.337902688313196364e+00
1.101000000000000000e+03 7.701653343161464882e+00
1.102000000000000000e+03 7.128577886362533533e+00
1.103000000000000000e+03 7.081274509842168108e+00
1.104000000000000000e+03 7.531836577765173679e+00
1.105000000000000000e+03 7.577029046409476720e+00
1.106000000000000000e+03 7.670219661307359438e+00
1.107000000000000000e+03 7.205785318675159701e+00
1.108000000000000000e+03 7.645325748077106631e+00
1.109000000000000000e+03 7.337136805063669165e+00
1.110000000000000000e+03 7.878630988948605918e+00
1.111000000000000000e+03 7.355051680753668109e+00
1.112000000000000000e+03 7.897349649296955043e+00
1.113000000000000000e+03 7.686865508283331039e+00
1.114000000000000000e+03 8.097068496202988186e+00
1.115000000000000000e+03 7.438872765443383273e+00
1.116000000000000000e+03 7.803990871813449637e+00
1.117000000000000000e+03 7.779216309865202739e+00
1.118000000000000000e+03 7.876567510483338808e+00
1.119000000000000000e+03 7.582323818907104496e+00
1.120000000000000000e+03 7.964131821267103284e+00
1.121000000000000000e+03 7.375774404306210563e+00
1.122000000000000000e+03 7.723522748327702914e+00
1.123000000000000000e+03 8.071233426023253443e+00
1.124000000000000000e+03 7.812704124803838468e+00
1.125000000000000000e+03 7.724163043140206852e+00
1.126000000000000000e+03 8.287261851196740636e+00
1.127000000000000000e+03 8.104452233080612800e+00
1.128000000000000000e+03 8.148312862961597958e+00
1.129000000000000000e+03 7.977770331991551167e+00
1.130000000000000000e+03 8.623832986465966854e+00
1.131000000000000000e+03 7.921439401181660678e+00
1.132000000000000000e+03 8.410012122264499013e+00
1.133000000000000000e+03 8.324205975894669152e+00
1.134000000000000000e+03 8.237243938707601743e+00
1.135000000000000000e+03 8.542952464443484217e+00
1.136000000000000000e+03 8.682834402066012203e+00
1.137000000000000000e+03 8.483908275273810418e+00
1.138000000000000000e+03 8.515484049963852442e+00
1.139000000000000000e+03 8.590430276394554809e+00
1.140000000000000000e+03 8.176225215337462160e+00
1.141000000000000000e+03 8.571409742009128863e+00
1.142000000000000000e+03 8.642389258837283705e+00
1.143000000000000000e+03 9.199560678354810506e+00
1.144000000000000000e+03 8.618124683252577967e+00
1.145000000000000000e+03 9.200121214422711802e+00
1.146000000000000000e+03 8.844335869339772671e+00
1.147000000000000000e+03 9.030728775540595166e+00
1.148000000000000000e+03 9.282862960481285342e+00
1.149000000000000000e+03 8.978594306539690706e+00
1.150000000000000000e+03 9.204911455171327361e+00
1.151000000000000000e+03 8.724749936811075912e+00
1.152000000000000000e+03 8.861663559136191637e+00
1.153000000000000000e+03 9.016288300328783478e+00
1.154000000000000000e+03 9.293705482010476970e+00
1.155000000000000000e+03 9.596093678683425665e+00
1.156000000000000000e+03 9.926594613737968587e+00
1.157000000000000000e+03 9.307329354186768100e+00
1.158000000000000000e+03 9.257405473456955747e+00
1.159000000000000000e+03 9.373558676954587554e+00
1.160000000000000000e+03 9.362294043432283885e+00
1.161000000000000000e+03 9.819692548988026459e+00
1.162000000000000000e+03 9.380162156460372103e+00
1.163000000000000000e+03 9.402273836183875133e+00
1.164000000000000000e+03 9.447017467735205898e+00
1.165000000000000000e+03 1.008391386444707472e+01
1.166000000000000000e+03 9.699350329512114399e+00
1.167000000000000000e+03 9.704031928047927025e+00
1.168000000000000000e+03 1.061772954034814020e+01
1.169000000000000000e+03 9.485550379906836582e+00
1.170000000000000000e+03 9.770008407490669455e+00
1.171000000000000000e+03 9.973805951161407890e+00
1.172000000000000000e+03 1.019442801858982861e+01
1.173000000000000000e+03 9.931220034318334555e+00
1.174000000000000000e+03 9.846539674704326117e+00
1.175000000000000000e+03 9.755696143181246782e+00
1.176000000000000000e+03 1.074460345050941434e+01
1.177000000000000000e+03 1.062833025046829860e+01
1.178000000000000000e+03 1.076341262526210762e+01
1.179000000000000000e+03 1.093633507182493148e+01
1.180000000000000000e+03 1.053644230485000044e+01
1.181000000000000000e+03 1.094095624545237833e+01
1.182000000000000000e+03 1.026626353205902831e+01
1.183000000000000000e+03 1.067258107396798117e+01
1.184000000000000000e+03 1.128018832267717464e+01
1.185000000000000000e+03 1.116447630431989602e+01
1.186000000000000000e+03 1.114132584168906703e+01
1.187000000000000000e+03 1.042382030371393853e+01
1.188000000000000000e+03 1.109919816174504170e+01
1.189000000000000000e+03 1.106242345788689363e+01
1.190000000000000000e+03 1.085275933792557446e+01
1.191000000000000000e+03 1.138729649149634682e+01
1.192000000000000000e+03 1.159836561538719479e+01
1.193000000000000000e+03 1.000166121884194403e+01
1.194000000000000000e+03 1.089284524813505506e+01
1.195000000000000000e+03 1.159781297109473819e+01
1.196000000000000000e+03 1.181377375457353729e+01
1.197000000000000000e+03 1.132017221802643370e+01
1.198000000000000000e+03 1.070880132631180182e+01
1.199000000000000000e+03 1.081417448289512961e+01
1.200000000000000000e+03 1.138707710091846614e+01
1.201000000000000000e+03 1.205917960125359478e+01
1.202000000000000000e+03 1.194868722212197021e+01
1.203000000000000000e+03 1.188361504321323636e+01
1.204000000000000000e+03 1.312588523932993034e+01
1.205000000000000000e+03 1.151852163417631125e+01
1.206000000000000000e+03 1.259395563059933032e+01
1.207000000000000000e+03 1.223172764892943931e+01
1.208000000000000000e+03 1.216610206568176622e+01
1.209000000000000000e+03 1.159165642347157821e+01
1.210000000000000000e+03 1.280477363860292961e+01
1.211000000000000000e+03 1.179735019547485031e+01
1.212000000000000000e+03 1.304782039980768360e+01
1.213000000000000000e+03 1.356351179133261020e+01
1.214000000000000000e+03 1.244689660572155354e+01
1.215000000000000000e+03 1.245307271513855696e+01
1.216000000000000000e+03 1.206503951651347606e+01
1.217000000000000000e+03 1.335470705678027237e+01
1.218000000000000000e+03 1.212568844622757425e+01
1.219000000000000000e+03 1.208843723193480457e+01
1.220000000000000000e+03 1.328554933848553787e+01
1.221000000000000000e+03 1.410253291624061056e+01
1.222000000000000000e+03 1.257969836240495098e+01
1.223000000000000000e+03 1.298647772922772603e+01
1.224000000000000000e+03 1.364524936746101069e+01
1.225000000000000000e+03 1.282765601614395123e+01
1.226000000000000000e+03 1.457440837977996040e+01
1.227000000000000000e+03 1.466343301128826404e+01
1.228000000000000000e+03 1.457537133366444415e+01
1.229000000000000000e+03 1.587097645974401239e+01
1.230000000000000000e+03 1.402524953375372263e+01
1.231000000000000000e+03 1.621621791251808276e+01
1.232000000000000000e+03 1.507468977839198132e+01
1.233000000000000000e+03 1.379748308918663113e+01
1.234000000000000000e+03 1.483487429253635348e+01
1.235000000000000000e+03 1.452882839418942673e+01
1.236000000000000000e+03 1.476362521960977858e+01
1.237000000000000000e+03 1.517573890021379412e+01
1.238000000000000000e+03 1.436109564221178836e+01
1.239000000000000000e+03 1.308167922514652481e+01
1.240000000000000000e+03 1.521918163861570505e+01
1.241000000000000000e+03 1.539632637520727698e+01
1.242000000000000000e+03 1.526329583545827973e+01
1.243000000000000000e+03 1.561374779533902846e+01
1.244000000000000000e+03 1.498216461794275567e+01
1.245000000000000000e+03 1.539483036619053280e+01
1.246000000000000000e+03 1.759064903156381021e+01
1.247000000000000000e+03 1.562866407661446821e+01
1.248000000000000000e+03 1.669890621839208222e+01
1.249000000000000000e+03 1.693088444538589599e+01
1.250000000000000000e+03 1.722593282643304491e+01
1.251000000000000000e+03 1.715662739765279809e+01
1.252000000000000000e+03 1.737403829772266306e+01
1.253000000000000000e+03 1.644623524011000271e+01
1.254000000000000000e+03 1.789783391402297497e+01
1.255000000000000000e+03 1.758145840842259489e+01
1.256000000000000000e+03 1.646564932030620554e+01
1.257000000000000000e+03 1.630374887123345928e+01
1.258000000000000000e+03 1.774192947139511034e+01
1.259000000000000000e+03 1.641410854367046213e+01
1.260000000000000000e+03 1.823114321443694763e+01
1.261000000000000000e+03 1.547568821127005201e+01
1.262000000000000000e+03 1.606599765588737583e+01
1.263000000000000000e+03 1.651354563621958604e+01
1.264000000000000000e+03 1.598692626963124219e+01
1.265000000000000000e+03 1.645366198491013421e+01
1.266000000000000000e+03 1.746857086909810874e+01
1.267000000000000000e+03 1.784493957253569718e+01
1.268000000000000000e+03 1.599840692790045971e+01
1.269000000000000000e+03 1.971215011481343282e+01
1.270000000000000000e+03 1.800437540241923529e+01
1.271000000000000000e+03 1.855412847927019016e+01
1.272000000000000000e+03 1.932020952323289364e+01
1.273000000000000000e+03 1.914873900792349914e+01
1.274000000000000000e+03 2.126980640691918012e+01
1.275000000000000000e+03 2.090587442086917846e+01
1.276000000000000000e+03 2.022522808100637093e+01
1.277000000000000000e+03 1.977230199997642046e+01
1.278000000000000000e+03 1.942286996441722735e+01
1.279000000000000000e+03 1.879822241134455041e+01
1.280000000000000000e+03 1.997156661102200559e+01
1.281000000000000000e+03 2.249101381690415735e+01
1.282000000000000000e+03 2.119056985545667615e+01
1.283000000000000000e+03 2.015883736225442391e+01
1.284000000000000000e+03 1.692387542008183132e+01
1.285000000000000000e+03 2.200125853804865983e+01
1.286000000000000000e+03 2.428651490867225959e+01
1.287000000000000000e+03 2.077022708113589289e+01
1.288000000000000000e+03 1.760948294789416124e+01
1.289000000000000000e+03 1.897303894231978916e+01
1.290000000000000000e+03 2.185315350924712519e+01
1.291000000000000000e+03 2.621239517041635736e+01
1.292000000000000000e+03 2.254169864293329084e+01
1.293000000000000000e+03 2.132141377096749579e+01
1.294000000000000000e+03 2.144350622509664461e+01
1.295000000000000000e+03 2.160630909658947729e+01
1.296000000000000000e+03 2.548642551320722660e+01
1.297000000000000000e+03 2.745610241806644325e+01
1.298000000000000000e+03 2.608295480571440450e+01
1.299000000000000000e+03 2.847609167351200199e+01
1.300000000000000000e+03 2.359930937615113677e+01
1.301000000000000000e+03 2.465082487898684960e+01
1.302000000000000000e+03 2.647785382509167817e+01
1.303000000000000000e+03 2.624930093295568767e+01
1.304000000000000000e+03 2.622433056941858709e+01
1.305000000000000000e+03 2.323337848056422317e+01
1.306000000000000000e+03 3.005252396105252544e+01
1.307000000000000000e+03 2.174357038850633472e+01
1.308000000000000000e+03 3.054144337523485930e+01
1.309000000000000000e+03 2.513319544550123652e+01
1.310000000000000000e+03 2.870539071859104041e+01
1.311000000000000000e+03 2.921111954232928198e+01
1.312000000000000000e+03 2.426498224156248185e+01
1.313000000000000000e+03 2.773327004576881549e+01
1.314000000000000000e+03 2.840171566094121758e+01
1.315000000000000000e+03 2.296023005488814306e+01
1.316000000000000000e+03 3.053648378079318348e+01
1.317000000000000000e+03 3.057855200179750454e+01
1.318000000000000000e+03 3.390585103067505202e+01
1.319000000000000000e+03 3.285686209860345741e+01
1.320000000000000000e+03 3.009100346936386927e+01
1.321000000000000000e+03 3.798721287290020143e+01
1.322000000000000000e+03 3.530477566112028143e+01
1.323000000000000000e+03 3.229735900471051480e+01
1.324000000000000000e+03 3.676165937668775996e+01
1.325000000000000000e+03 3.704948548224088967e+01
1.326000000000000000e+03 3.187067707502474434e+01
1.327000000000000000e+03 3.144481624087212168e+01
1.328000000000000000e+03 3.227807924157860953e+01
1.329000000000000000e+03 3.686718539086340485e+01
1.330000000000000000e+03 3.285925295143437097e+01
1.331000000000000000e+03 3.412064769087957927e+01
1.332000000000000000e+03 3.730691835424044456e+01
1.333000000000000000e+03 4.230909388994560061e+01
1.334000000000000000e+03 3.163712045077552304e+01
1.335000000000000000e+03 3.922778778943295208e+01
1.336000000000000000e+03 3.866213075580800052e+01
1.337000000000000000e+03 3.556132382804390346e+01
1.338000000000000000e+03 3.745877708359099501e+01
1.339000000000000000e+03 4.417390090431798200e+01
1.340000000000000000e+03 4.731554212744188703e+01
1.341000000000000000e+03 3.906812006999066966e+01
1.342000000000000000e+03 4.162102038318926844e+01
1.343000000000000000e+03 3.772406655418046739e+01
1.344000000000000000e+03 5.099705455248992791e+01
1.345000000000000000e+03 3.842982451698075863e+01
1.346000000000000000e+03 3.538496134386719660e+01
1.347000000000000000e+03 4.684324362018607246e+01
1.348000000000000000e+03 4.340081368941942941e+01
1.349000000000000000e+03 4.510547415457804021e+01
1.350000000000000000e+03 4.579495865647778885e+01
1.351000000000000000e+03 3.532445278517885612e+01
1.352000000000000000e+03 3.165616355926501058e+01
1.353000000000000000e+03 4.487924109676428230e+01
1.354000000000000000e+03 4.421220013844700247e+01
1.355000000000000000e+03 3.980290446498113965e+01
1.356000000000000000e+03 3.588850233662474665e+01
1.357000000000000000e+03 4.917372205442200084e+01
1.358000000000000000e+03 6.070123857038781523e+01
1.359000000000000000e+03 4.102626547126329370e+01
1.360000000000000000e+03 5.324445775246952195e+01
1.361000000000000000e+03 5.599660975725598178e+01
1.362000000000000000e+03 4.541535997129160762e+01
1.363000000000000000e+03 4.772713745852837519e+01
1.364000000000000000e+03 4.048607120412316362e+01
1.365000000000000000e+03 3.662041737858942270e+01
1.366000000000000000e+03 5.497772962081693038e+01
1.367000000000000000e+03 5.080121937194426351e+01
1.368000000000000000e+03 4.140519544197648116e+01
1.369000000000000000e+03 6.515714104450832167e+01
1.370000000000000000e+03 5.673444781077288468e+01
1.371000000000000000e+03 5.488223791547024888e+01
1.372000000000000000e+03 5.780562687378640163e+01
1.373000000000000000e+03 8.727581762812590682e+01
1.374000000000000000e+03 5.721402570049379221e+01
1.375000000000000000e+03 4.964817125556910327e+01
1.376000000000000000e+03 7.770100297092218966e+01
1.377000000000000000e+03 7.392001949509459280e+01
1.378000000000000000e+03 6.317335350274228034e+01
1.379000000000000000e+03 5.919194464687384283e+01
1.380000000000000000e+03 4.538811639726733205e+01
1.381000000000000000e+03 6.682607097913850680e+01
1.382000000000000000e+03 7.076097974972950055e+01
1.383000000000000000e+03 5.486491933874707172e+01
1.384000000000000000e+03 6.309203380355406665e+01
1.385000000000000000e+03 7.717623741346947952e+01
1.386000000000000000e+03 6.826731615225301653e+01
1.387000000000000000e+03 8.720857870274957691e+01
1.388000000000000000e+03 6.980777419718091892e+01
1.389000000000000000e+03 5.484362519132795200e+01
1.390000000000000000e+03 7.247255686802547814e+01
1.391000000000000000e+03 9.031593213258767605e+01
1.392000000000000000e+03 9.444803954006141566e+01
1.393000000000000000e+03 9.949259891899912134e+01
1.394000000000000000e+03 8.280206127015658524e+01
1.395000000000000000e+03 6.209923213628642458e+01
1.396000000000000000e+03 9.022406166564211105e+01
1.397000000000000000e+03 1.148677307289676151e+02
1.398000000000000000e+03 1.250773235916415871e+02
1.399000000000000000e+03 1.083716231345646008e+02
1.400000000000000000e+03 8.845057803744890634e+01
1.401000000000000000e+03 9.710639812059885401e+01
1.402000000000000000e+03 1.359579141238929196e+02
1.403000000000000000e+03 1.451304366238661316e+02
1.404000000000000000e+03 8.899237282049749354e+01
1.405000000000000000e+03 1.130965064683914392e+02
1.406000000000000000e+03 1.045675178304052082e+02
1.407000000000000000e+03 1.097197396195075640e+02
1.408000000000000000e+03 7.466516197375268860e+01
1.409000000000000000e+03 1.056986550000181637e+02
1.410000000000000000e+03 1.461407234155264234e+02
1.411000000000000000e+03 1.407396115724746721e+02
1.412000000000000000e+03 1.313658569684551765e+02
1.413000000000000000e+03 1.141723462692858391e+02
1.414000000000000000e+03 1.462795474422942732e+02
1.415000000000000000e+03 1.050017125496787287e+02
1.416000000000000000e+03 1.489820609560917148e+02
1.417000000000000000e+03 1.464334495693658198e+02
1.418000000000000000e+03 1.670158235245861533e+02
1.419000000000000000e+03 1.372080267133425764e+02
1.420000000000000000e+03 1.862542855364502543e+02
1.421000000000000000e+03 2.127907951170983836e+02
1.422000000000000000e+03 1.775621986718929861e+02
1.423000000000000000e+03 1.760528736722403380e+02
1.424000000000000000e+03 1.858456248779626776e+02
1.425000000000000000e+03 1.986199902865594993e+02
1.426000000000000000e+03 2.543289773508604128e+02
1.427000000000000000e+03 1.628865693490238584e+02
1.428000000000000000e+03 1.681348611633119106e+02
1.429000000000000000e+03 1.981528877855822657e+02
1.430000000000000000e+03 1.028734563889048559e+02
1.431000000000000000e+03 1.616496432942778938e+02
1.432000000000000000e+03 2.935768506362718995e+02
1.433000000000000000e+03 1.866486661954633917e+02
1.434000000000000000e+03 2.859658368023666526e+02
1.435000000000000000e+03 3.368095519425178281e+02
1.436000000000000000e+03 2.881612793404287345e+02
1.437000000000000000e+03 3.276273285849765102e+02
1.438000000000000000e+03 1.472490329069804602e+02
1.439000000000000000e+03 2.429287547907375426e+02
1.440000000000000000e+03 2.916498196670419816e+02
1.441000000000000000e+03 2.099587152320166865e+02
1.442000000000000000e+03 3.319100397763144201e+02
1.443000000000000000e+03 2.054010266504543836e+02
1.444000000000000000e+03 3.868900449746894878e+02
1.445000000000000000e+03 4.295494018837750332e+02
1.446000000000000000e+03 3.908899114717089560e+02
1.447000000000000000e+03 4.072758176190493487e+02
1.448000000000000000e+03 3.809572102847066617e+02
1.449000000000000000e+03 5.686367522820404474e+02
1.450000000000000000e+03 4.090536221603134095e+02
1.451000000000000000e+03 4.401444189685715287e+02
1.452000000000000000e+03 2.649071409746251220e+02
1.453000000000000000e+03 5.167200570347305302e+02
1.454000000000000000e+03 4.132212670279078566e+02
1.455000000000000000e+03 4.938584578367007794e+02
1.456000000000000000e+03 1.864008398781622589e+02
1.457000000000000000e+03 5.539737367314010044e+02
1.458000000000000000e+03 4.936625904304092955e+02
1.459000000000000000e+03 5.178551899721039717e+02
1.460000000000000000e+03 5.263837746011768104e+02
1.461000000000000000e+03 8.017751519290394526e+02
1.462000000000000000e+03 5.376018395156970655e+02
1.463000000000000000e+03 1.044424968671247598e+03
1.464000000000000000e+03 8.193046700329745136e+02
1.465000000000000000e+03 5.721657049640302830e+02
1.466000000000000000e+03 1.074383658672465344e+03
1.467000000000000000e+03 6.243937254384992457e+02
1.468000000000000000e+03 6.735185749495399250e+02
1.469000000000000000e+03 1.068729904787481473e+03
1.470000000000000000e+03 9.287825530035931934e+02
1.471000000000000000e+03 9.411028244380001979e+02
1.472000000000000000e+03 1.558755635019317879e+03
1.473000000000000000e+03 1.357458508683569335e+03
1.474000000000000000e+03 2.299252630081648476e+03
1.475000000000000000e+03 1.722134700553394623e+03
1.476000000000000000e+03 1.472741169960651632e+03
1.477000000000000000e+03 2.105414048164770975e+03
1.478000000000000000e+03 1.834582135621560838e+03
1.479000000000000000e+03 2.850722602021836792e+03
1.480000000000000000e+03 2.484987718966858210e+03
1.481000000000000000e+03 2.592376644143223530e+03
1.482000000000000000e+03 3.746389332060844026e+03
1.483000000000000000e+03 3.095084364697636374e+03
1.484000000000000000e+03 3.711461317950576358e+03
1.485000000000000000e+03 3.116890904993064851e+03
1.486000000000000000e+03 4.765709124720591717e+03
1.487000000000000000e+03 6.333351939145069082e+03
1.488000000000000000e+03 6.731724486878125390e+03
1.489000000000000000e+03 8.112306499043851545e+03
1.490000000000000000e+03 1.028562691074834220e+04
1.491000000000000000e+03 1.697617386372574038e+04
1.492000000000000000e+03 2.116948441525160888e+04
1.493000000000000000e+03 2.769445855300653420e+04
1.494000000000000000e+03 3.865104671767271066e+04
1.495000000000000000e+03 8.508610279751314374e+04
1.496000000000000000e+03 1.203422871550334094e+05
1.497000000000000000e+03 2.013003878329376748e+05
1.498000000000000000e+03 5.086946874817536445e+05
