# size duration
5.840000000000000746e-02 6.400698794962547566e+00
2.000000000000001776e-03 7.160313841209900443e-02
6.400000000000016787e-03 3.232995493440742329e-01
2.400000000000013234e-03 8.817300165171813864e-02
9.599999999999997424e-03 4.977862791825397037e-01
2.800000000000024691e-03 9.018034186359635829e-02
2.800000000000024691e-03 9.154267392344117571e-02
2.800000000000024691e-03 9.436675924099666157e-02
2.399999999999957723e-03 9.433062311051715332e-02
3.200000000000036149e-03 1.813250621481574953e-01
2.000000000000001776e-03 7.611658366068237147e-02
7.199999999999984190e-03 3.093570953337974050e-01
2.400000000000013234e-03 8.811706117627758628e-02
1.600000000000045830e-03 4.317857407031893552e-02
2.000000000000001776e-03 8.055191570521999522e-02
4.000000000000114575e-04 9.746709663019562098e-03
2.799999999999969180e-03 1.345066553661769526e-01
2.000000000000001776e-03 5.696119331278673426e-02
2.800000000000024691e-03 8.949736299653367200e-02
3.599999999999992095e-03 1.242897619037313384e-01
7.999999999999674039e-04 2.080699174530370454e-02
8.000000000000229150e-04 2.063669005230551329e-02
2.800000000000024691e-03 1.595684562397340078e-01
4.399999999999959499e-03 1.841160587202854970e-01
7.999999999999118927e-04 2.060684267982897111e-02
2.000000000000001776e-03 7.406420806052441130e-02
2.800000000000024691e-03 9.287310255688643879e-02
4.000000000000669687e-04 1.017486920754915800e-02
1.599999999999934808e-03 5.913581184923058509e-02
3.199999999999980638e-03 1.261966793584389790e-01
4.000000000000003553e-03 1.724250392011416610e-01
2.000000000000001776e-03 6.645080636974294575e-02
1.600000000000045830e-03 4.337563611817311232e-02
2.000000000000001776e-03 5.166039133284283658e-02
2.000000000000001776e-03 8.508290652036762380e-02
2.399999999999957723e-03 8.546399157627690424e-02
2.799999999999913669e-03 9.119151482894165273e-02
4.399999999999959499e-03 3.010802342799031028e-01
4.000000000000669687e-04 9.719743137049399045e-03
2.000000000000001776e-03 8.305027460298007591e-02
3.199999999999980638e-03 9.458916703258155034e-02
4.000000000000003553e-03 2.770260843454711019e-01
5.599999999999938360e-03 2.099893334784190824e-01
3.999999999999559464e-04 9.705143854374933057e-03
8.000000000000229150e-04 2.027395296168084740e-02
1.199999999999978861e-03 3.651371202437450614e-02
3.199999999999980638e-03 1.508569317318309011e-01
4.000000000000669687e-04 2.139774305010027147e-02
3.999999999999559464e-04 8.849074774783956265e-02
