# size duration
2.000000000000057288e-04 5.894127499395447611e-02
9.999999999998898659e-05 4.550293065770955742e-02
1.000000000000167422e-04 4.383140372470904073e-02
1.999999999999779732e-04 6.313008450312296294e-02
9.999999999998898659e-05 7.829784199462985761e-02
1.000000000000167422e-04 3.977780749167116048e-02
9.999999999998898659e-05 3.071563612786419942e-02
9.999999999998898659e-05 2.398343999786565692e-02
1.000000000000167422e-04 4.368626075311971696e-02
2.000000000000057288e-04 7.418207624124316391e-02
1.000000000000167422e-04 4.281512178803812546e-02
2.999999999999947153e-04 1.646233578877936976e-01
3.999999999999837019e-04 1.697813258082983834e-01
2.000000000000057288e-04 1.519118194317354842e-01
9.999999999998898659e-05 1.248356843115398795e-01
2.999999999999947153e-04 1.297461972953907750e-01
9.999999999998898659e-05 2.802945788037087063e-02
2.000000000000057288e-04 5.267146255883126127e-02
2.999999999999947153e-04 4.242991493224668731e-01
9.999999999998898659e-05 6.317704109993269035e-02
9.999999999998898659e-05 4.258830183292533489e-02
1.000000000000167422e-04 3.774305726030210972e-02
9.999999999998898659e-05 2.706869153502495726e-02
9.999999999998898659e-05 4.083678806557896473e-02
9.999999999998898659e-05 6.412460866146997562e-02
1.000000000000167422e-04 2.865662839243020635e-02
9.999999999998898659e-05 4.108618657119497697e-02
9.999999999998898659e-05 2.594805077423012127e-02
1.999999999999779732e-04 9.128376389256931400e-02
9.999999999998898659e-05 4.014434255153004338e-02
1.000000000000167422e-04 4.408276209911374949e-02
2.000000000000057288e-04 6.790341840089952896e-02
3.000000000000224709e-04 2.762672266809061972e-01
2.000000000000057288e-04 7.559242735781679379e-02
7.000000000000061728e-04 4.065975841621406461e-01
9.999999999998898659e-05 5.764021143163829131e-02
9.999999999998898659e-05 2.338744461617213097e-02
2.999999999999947153e-04 1.456792293819214323e-01
2.000000000000057288e-04 1.389491361992967744e-01
2.000000000000057288e-04 6.629958029587612600e-02
1.000000000000167422e-04 3.795310554285578203e-02
9.999999999998898659e-05 3.374140809841993938e-02
1.000000000000167422e-04 4.205545030098668813e-02
3.000000000000224709e-04 1.513688849461545249e-01
1.000000000000167422e-04 4.224882121362286830e-02
9.999999999998898659e-05 5.592588118598317004e-02
9.999999999998898659e-05 3.875252085958409698e-02
2.000000000000057288e-04 1.078482629466545606e-01
1.999999999999779732e-04 1.104393138910936822e-01
1.000000000000167422e-04 4.254943067730222045e-02
1.999999999999779732e-04 8.020405698329421962e-02
1.000000000000167422e-04 6.008658674679850931e-02
1.000000000000167422e-04 6.252488788820075027e-02
2.000000000000057288e-04 1.261860432416544442e-01
1.999999999999779732e-04 7.712383992242745345e-02
9.999999999998898659e-05 5.947899770577150247e-02
1.000000000000167422e-04 1.053338539530446621e-01
1.000000000000167422e-04 4.213416951758641033e-02
1.999999999999779732e-04 6.983371504994678736e-02
9.999999999998898659e-05 7.058479451397602078e-02
9.999999999998898659e-05 3.952837829731981056e-02
2.000000000000057288e-04 8.044586843209246274e-02
2.000000000000057288e-04 9.062585456603110268e-02
1.000000000000167422e-04 3.727957373809318714e-02
2.000000000000057288e-04 1.215576670921975910e-01
9.999999999998898659e-05 3.142223518193641013e-02
1.000000000000167422e-04 3.176689907826698439e-02
2.000000000000057288e-04 9.717080164135979969e-02
9.999999999998898659e-05 3.115596616853002002e-02
1.000000000000167422e-04 2.426260192898577542e-02
9.999999999998898659e-05 2.484891299112477331e-02
9.999999999998898659e-05 7.444937509395402331e-02
9.999999999998898659e-05 2.305761987049900763e-02
2.000000000000057288e-04 8.985242910091489899e-02
9.999999999998898659e-05 3.618961298692977002e-02
9.999999999998898659e-05 2.506126744759454988e-02
9.999999999998898659e-05 5.112168685114776290e-02
9.999999999998898659e-05 2.744942233984954891e-02
2.000000000000057288e-04 1.310079604217305738e-01
2.000000000000057288e-04 1.157533745077488629e-01
2.999999999999947153e-04 2.404894085824773042e-01
1.000000000000167422e-04 7.575227031760672913e-02
3.999999999999559464e-04 1.891195521615408603e-01
2.000000000000334843e-04 9.779638822113875807e-02
9.999999999998898659e-05 2.274287755258505572e-02
5.000000000000004441e-04 9.041755146935865906e-01
9.999999999998898659e-05 3.120201120329004277e-02
9.999999999998898659e-05 5.707569898094924654e-02
1.000000000000444977e-04 5.133839781848065914e-02
9.999999999998898659e-05 4.847452533548014808e-02
9.999999999998898659e-05 4.057083151792002101e-02
9.999999999998898659e-05 4.069306637011147615e-02
1.000000000000444977e-04 3.353136311578110151e-02
9.999999999998898659e-05 4.481951947962004024e-02
9.999999999998898659e-05 6.659642003543989053e-02
9.999999999998898659e-05 4.493419001953512237e-02
9.999999999998898659e-05 4.433349797720932683e-02
3.000000000000224709e-04 1.332649936146265701e-01
9.999999999998898659e-05 2.604390188706988407e-02
1.000000000000444977e-04 2.292391544404073778e-02
9.999999999998898659e-05 2.359166484281990245e-02
9.999999999998898659e-05 3.157476526436001074e-02
9.999999999998898659e-05 2.464549512336544970e-02
1.000000000000444977e-04 3.987360715980985820e-02
9.999999999998898659e-05 5.612607737459348461e-02
9.999999999998898659e-05 3.273023550973997581e-02
9.999999999998898659e-05 3.630329228207992975e-02
9.999999999998898659e-05 3.844434180460115646e-02
9.999999999998898659e-05 2.952872469935011873e-02
9.999999999998898659e-05 4.422838652873983117e-02
2.000000000000334843e-04 9.612456567778948635e-02
9.999999999998898659e-05 4.653371001561005388e-02
9.999999999998898659e-05 4.790697114435005927e-02
2.000000000000334843e-04 8.989839489941436890e-02
2.000000000000334843e-04 9.481311245889698092e-02
9.999999999998898659e-05 8.081165267950000952e-02
9.999999999998898659e-05 2.374393030290004869e-02
9.999999999998898659e-05 6.629155764816839491e-02
2.000000000000334843e-04 6.378172084653341289e-02
1.999999999999779732e-04 8.827307272001044813e-02
9.999999999998898659e-05 3.243567144588857531e-02
9.999999999998898659e-05 3.926157409014635613e-02
1.000000000000444977e-04 3.068637197641238545e-02
9.999999999998898659e-05 4.142460634244979345e-02
1.000000000000444977e-04 2.402112553354250266e-02
9.999999999998898659e-05 6.520555529907005876e-02
1.999999999999779732e-04 7.366064441131482676e-02
7.999999999999674039e-04 3.887752453609465420e+00
9.999999999998898659e-05 2.824594271627850484e-02
9.999999999998898659e-05 2.804329663055500979e-02
3.000000000000224709e-04 1.355518423718199417e-01
9.999999999998898659e-05 3.397760491860449955e-02
9.999999999998898659e-05 3.293452241464849689e-02
1.999999999999779732e-04 7.350438661023539488e-02
9.999999999998898659e-05 2.495965263818735250e-02
1.999999999999779732e-04 8.142323297552755967e-02
9.999999999998898659e-05 4.400407938768693961e-02
9.999999999998898659e-05 3.525060801359700818e-02
1.000000000000444977e-04 4.691800111329787887e-02
9.999999999998898659e-05 3.019733910686001749e-02
9.999999999998898659e-05 2.252265438166702743e-02
9.999999999998898659e-05 2.585085429990701539e-02
9.999999999998898659e-05 4.264543559075699430e-02
9.999999999998898659e-05 2.264038719439350617e-02
9.999999999998898659e-05 4.388285608763743684e-02
9.999999999998898659e-05 3.742351682707645982e-02
9.999999999998898659e-05 3.109022882716002203e-02
9.999999999998898659e-05 3.074431740382576814e-02
9.999999999998898659e-05 3.253579319810993159e-02
9.999999999998898659e-05 2.497308984397220849e-02
9.999999999998898659e-05 3.388292209426008172e-02
1.000000000000444977e-04 3.113384252636490837e-02
9.999999999998898659e-05 2.191941596729479400e-02
9.999999999998898659e-05 4.559574975175008371e-02
9.999999999998898659e-05 2.583043019825570150e-02
9.999999999998898659e-05 2.337059562406499855e-02
1.000000000000444977e-04 2.512471970844407446e-02
1.000000000000444977e-04 4.438569626205818991e-02
9.999999999998898659e-05 3.204206298808996711e-02
9.999999999998898659e-05 3.988539256602504496e-02
9.999999999998898659e-05 3.183503514179987504e-02
9.999999999998898659e-05 2.611848499676510879e-02
1.999999999999779732e-04 7.033022207860256669e-02
1.999999999999779732e-04 9.448567268931015728e-02
9.999999999998898659e-05 2.227487697361512156e-02
9.999999999998898659e-05 6.152984477559016174e-02
9.999999999998898659e-05 2.406686487678224434e-02
9.999999999998898659e-05 2.213915580419372267e-02
1.999999999999779732e-04 6.613042828385477800e-02
9.999999999998898659e-05 2.832794427622008573e-02
2.000000000000334843e-04 2.518034193957528477e-01
2.000000000000334843e-04 8.253503282661056595e-02
9.999999999998898659e-05 3.309753689033331781e-02
9.999999999998898659e-05 3.092891605520003973e-02
9.999999999998898659e-05 3.178376987644019463e-02
2.000000000000334843e-04 8.125060426593869178e-02
1.999999999999779732e-04 5.566922181390496910e-02
9.999999999998898659e-05 4.408370905460493733e-02
9.999999999998898659e-05 2.439294023694514590e-02
1.999999999999779732e-04 1.685246201030500546e-01
1.999999999999779732e-04 1.413475525049399106e-01
9.999999999998898659e-05 2.685863481771479794e-02
1.999999999999779732e-04 5.234487136078974645e-02
1.000000000000444977e-04 4.836370563519600679e-02
9.999999999998898659e-05 3.074809331141975868e-02
9.999999999998898659e-05 2.597808703114993026e-02
2.000000000000334843e-04 7.629187448948074324e-02
9.999999999998898659e-05 5.652047681947547364e-02
9.999999999998898659e-05 3.509172454304002736e-02
1.999999999999779732e-04 5.762448243413093724e-02
1.999999999999779732e-04 1.175671143237415478e-01
7.000000000000339284e-04 9.227460060768876149e-01
3.000000000000224709e-04 2.339962097419826526e-01
9.999999999998898659e-05 3.495049511880003040e-02
1.999999999999779732e-04 5.647010070529009940e-02
1.999999999999779732e-04 9.960747471469852399e-02
1.000000000000444977e-04 2.220711962792890071e-02
9.999999999998898659e-05 3.546090761366004623e-02
9.999999999998898659e-05 8.635031077319703374e-02
9.999999999998898659e-05 2.579782309215486458e-02
9.999999999998898659e-05 2.553492735844511974e-02
9.999999999998898659e-05 5.160481483023481725e-02
9.999999999998898659e-05 5.933380905973482944e-02
1.999999999999779732e-04 6.002811781815137887e-02
9.999999999998898659e-05 5.544020888302501199e-02
1.000000000000444977e-04 6.724819567435524892e-02
9.999999999998898659e-05 5.150170006664499256e-02
1.999999999999779732e-04 6.668838510885900794e-02
2.999999999999669598e-04 2.322124284645850634e-01
9.999999999998898659e-05 2.327862760741498255e-02
9.999999999998898659e-05 3.403412166107798453e-02
9.999999999998898659e-05 3.961098349118001571e-02
9.999999999998898659e-05 4.453913190370495379e-02
1.000000000000444977e-04 2.223725538102342206e-02
9.999999999998898659e-05 6.150720457546008518e-02
1.999999999999779732e-04 9.762583700206503567e-02
9.999999999998898659e-05 3.642499337610659998e-02
9.999999999998898659e-05 2.319286562870492147e-02
5.000000000000004441e-04 1.329415761297295440e+00
9.999999999998898659e-05 3.566886221133006712e-02
9.999999999998898659e-05 4.748936939416503050e-02
9.999999999998898659e-05 4.463910689193998499e-02
9.999999999998898659e-05 2.933868731128991270e-02
9.999999999998898659e-05 2.490217256542508542e-02
9.999999999998898659e-05 2.988274859816991008e-02
9.999999999998898659e-05 3.280356953018510879e-02
9.999999999998898659e-05 4.521739332660992816e-02
9.999999999998898659e-05 3.630074009610508023e-02
1.000000000000444977e-04 2.206235409046329934e-02
9.999999999998898659e-05 5.231191516290479432e-02
9.999999999998898659e-05 3.380413604777505326e-02
9.999999999998898659e-05 6.774022239577442983e-02
9.999999999998898659e-05 3.061189384617636622e-02
9.999999999998898659e-05 2.442284666119944048e-02
9.999999999998898659e-05 2.409552866502006827e-02
9.999999999998898659e-05 3.168659609809507116e-02
1.999999999999779732e-04 4.784423471839509279e-02
9.999999999998898659e-05 2.533753447230495393e-02
1.999999999999779732e-04 5.669131114155018941e-02
1.999999999999779732e-04 8.020105309715516717e-02
9.999999999998898659e-05 3.392150993646109169e-02
9.999999999998898659e-05 7.048893775619513580e-02
1.000000000000444977e-04 4.403736251850891292e-02
9.999999999998898659e-05 2.196429380920502869e-02
3.000000000000224709e-04 8.347225117542668438e-02
1.999999999999779732e-04 6.194045674581966088e-02
1.999999999999779732e-04 8.588419310751488345e-02
9.999999999998898659e-05 3.634346502007483604e-02
2.999999999999669598e-04 9.398451691991524526e-02
1.999999999999779732e-04 6.570646919329505009e-02
9.999999999998898659e-05 6.767124322373184453e-02
9.999999999998898659e-05 9.199433957820497831e-02
9.999999999998898659e-05 3.512711153222494026e-02
2.999999999999669598e-04 1.252341363686351738e-01
9.999999999998898659e-05 1.185285145961550851e-01
2.000000000000334843e-04 7.301133883854957207e-02
9.999999999998898659e-05 2.502619636164906194e-02
2.000000000000334843e-04 7.720173028704832574e-02
1.999999999999779732e-04 7.089356005803003347e-02
1.999999999999779732e-04 1.024346329098650976e-01
9.999999999998898659e-05 5.311123911002393200e-02
9.999999999998898659e-05 4.603733748240013135e-02
1.000000000000444977e-04 5.504699677961155668e-02
9.999999999998898659e-05 3.009106782549020656e-02
9.999999999998898659e-05 2.839284370237452407e-02
9.999999999998898659e-05 5.211040528725469773e-02
1.999999999999779732e-04 5.936253953119523252e-02
9.999999999998898659e-05 5.828081142649001872e-02
1.000000000000444977e-04 2.613155772944990990e-02
9.999999999998898659e-05 5.027002306064851794e-02
9.999999999998898659e-05 4.804228986307624433e-02
9.999999999998898659e-05 2.835493451318958982e-02
9.999999999998898659e-05 4.194525380463284825e-02
4.000000000000114575e-04 1.227420151999326081e-01
9.999999999998898659e-05 2.426713351310487432e-02
1.000000000000444977e-04 4.624134646933764775e-02
9.999999999998898659e-05 5.203229711316498252e-02
9.999999999998898659e-05 4.219449907042480130e-02
9.999999999998898659e-05 3.125460038660186207e-02
1.000000000000444977e-04 7.248583596857012534e-02
1.000000000000444977e-04 3.895523459974598035e-02
9.999999999998898659e-05 2.652025077542529211e-02
3.000000000000224709e-04 1.545116705249992839e-01
2.000000000000334843e-04 1.118643008729410943e-01
9.999999999998898659e-05 5.840853776059532626e-02
2.000000000000334843e-04 1.071011986459887155e-01
9.999999999998898659e-05 3.988350690187469211e-02
9.999999999998898659e-05 2.919135850152494369e-02
1.999999999999779732e-04 5.880109701819972307e-02
1.000000000000444977e-04 2.351841859969309306e-02
9.999999999998898659e-05 6.042672820030482728e-02
9.999999999998898659e-05 3.486422465406847221e-02
9.999999999998898659e-05 5.113663201013497056e-02
9.999999999998898659e-05 2.581259967011035120e-02
1.999999999999779732e-04 9.925099798801491346e-02
3.000000000000224709e-04 2.889369646013867921e-01
1.999999999999779732e-04 1.075661055094400409e-01
1.999999999999779732e-04 2.022641344883438497e-01
9.999999999998898659e-05 7.125561489119988656e-02
9.999999999998898659e-05 3.160483158518488656e-02
9.999999999998898659e-05 6.359499254996908713e-02
9.999999999998898659e-05 5.162494700846959744e-02
5.000000000000004441e-04 6.234961650610375550e-01
9.999999999998898659e-05 6.845201581808296742e-02
9.999999999998898659e-05 7.337751003017503604e-02
9.999999999998898659e-05 6.160537450367496032e-02
9.999999999998898659e-05 6.015662682529538535e-02
2.000000000000334843e-04 1.213432717331026922e-01
2.000000000000334843e-04 8.428234909140094877e-02
2.999999999999669598e-04 1.299053989373153417e-01
2.000000000000334843e-04 1.125968848632933200e-01
9.999999999998898659e-05 6.220519727522011433e-02
2.000000000000334843e-04 1.134686114298309734e-01
2.000000000000334843e-04 9.537115823892763911e-02
9.999999999998898659e-05 2.726822021247016573e-02
1.999999999999779732e-04 9.489168484694501804e-02
1.999999999999779732e-04 1.556842537798128756e-01
9.999999999998898659e-05 4.270294239858524882e-02
2.000000000000334843e-04 8.136162619433001675e-02
9.999999999998898659e-05 2.313171582659015110e-02
1.000000000000444977e-04 3.116222850358503493e-02
2.000000000000334843e-04 6.722107514982837706e-02
9.999999999998898659e-05 3.879795505769480235e-02
9.999999999998898659e-05 7.401877078716555258e-02
1.999999999999779732e-04 1.283459339322049753e-01
5.999999999999894307e-04 4.359665912776965468e-01
2.999999999999669598e-04 3.672770114542497355e-01
9.999999999998898659e-05 7.544964703732481848e-02
1.000000000000444977e-04 3.180642364587089183e-02
2.000000000000334843e-04 5.776130127918512047e-02
1.999999999999779732e-04 7.788720753771483096e-02
9.999999999998898659e-05 5.291142039252989815e-02
9.999999999998898659e-05 6.753715027034469520e-02
9.999999999998898659e-05 4.130772758253496713e-02
1.000000000000444977e-04 5.771054840411146691e-02
2.000000000000334843e-04 1.143611811064819406e-01
9.999999999998898659e-05 2.446008551327489774e-02
1.999999999999779732e-04 1.325819509683769382e-01
3.000000000000224709e-04 1.073406169416401684e-01
3.000000000000224709e-04 1.282207558030291628e-01
2.999999999999669598e-04 1.032427906544303442e-01
9.999999999998898659e-05 3.691745389914825176e-02
2.000000000000334843e-04 1.783441541663987606e-01
1.999999999999779732e-04 6.492016744312471832e-02
9.999999999998898659e-05 4.228708285474502143e-02
9.999999999998898659e-05 4.085513785076495819e-02
9.999999999998898659e-05 2.310803495882974082e-02
1.999999999999779732e-04 9.695980537077980577e-02
3.000000000000224709e-04 2.433564577300727227e-01
9.999999999998898659e-05 5.237124304323502455e-02
2.999999999999669598e-04 1.607303357432610380e-01
1.999999999999779732e-04 1.086736911064599964e-01
1.999999999999779732e-04 8.255174911409976501e-02
9.999999999998898659e-05 2.563460523588991652e-02
1.000000000000444977e-04 7.204124445013389277e-02
9.999999999998898659e-05 6.651476691372512628e-02
1.999999999999779732e-04 1.217033051759452561e-01
1.999999999999779732e-04 7.194355952158373868e-02
1.000000000000444977e-04 3.316802298731729576e-02
9.999999999998898659e-05 3.644863884931508896e-02
2.000000000000334843e-04 1.252398147033298714e-01
2.000000000000334843e-04 6.849125170676195751e-02
1.999999999999779732e-04 1.430647842091019584e-01
1.000000000000444977e-04 2.661605667495170816e-02
9.999999999998898659e-05 5.579027058763990493e-02
1.999999999999779732e-04 6.425780022340006614e-02
9.999999999998898659e-05 4.239946714108506348e-02
2.000000000000334843e-04 5.222165349843828352e-02
1.999999999999779732e-04 8.065089991399984615e-02
9.999999999998898659e-05 8.979973260465479168e-02
9.999999999998898659e-05 2.602842334306992508e-02
9.999999999998898659e-05 6.574725763253012889e-02
9.999999999998898659e-05 2.973686381309016691e-02
1.000000000000444977e-04 2.380140477926783599e-02
9.999999999998898659e-05 3.053227173045989021e-02
9.999999999998898659e-05 3.971032667398503163e-02
1.000000000000444977e-04 3.717660905862266163e-02
1.000000000000444977e-04 6.278500959841286366e-02
9.999999999998898659e-05 7.898680323483098231e-02
2.000000000000334843e-04 1.544521520917532809e-01
3.000000000000224709e-04 9.320650271315281121e-02
9.999999999998898659e-05 7.840988189636509398e-02
9.999999999998898659e-05 4.627834193977177490e-02
2.999999999999669598e-04 1.249775407750705891e-01
9.999999999998898659e-05 4.003635375165991162e-02
9.999999999998898659e-05 4.114798684787985411e-02
9.999999999998898659e-05 2.541102462529499714e-02
1.000000000000444977e-04 3.622607463202087014e-02
1.999999999999779732e-04 9.155575365963969370e-02
1.999999999999779732e-04 1.704028254400100084e-01
9.999999999998898659e-05 4.546261684483733634e-02
4.000000000000114575e-04 1.915703789424831327e-01
2.000000000000334843e-04 1.046975843214346391e-01
1.999999999999779732e-04 1.042197597961299627e-01
9.999999999998898659e-05 2.888316530413476482e-02
9.999999999998898659e-05 3.241302296703003905e-02
1.999999999999779732e-04 1.137014684641102780e-01
6.999999999999784173e-04 1.590882618210510691e+00
9.999999999998898659e-05 5.519021148644998737e-02
2.999999999999669598e-04 1.726418009468449755e-01
2.000000000000334843e-04 1.010354690018409052e-01
9.999999999998898659e-05 2.806049873929496521e-02
9.999999999998898659e-05 3.114298943098076783e-02
9.000000000000119016e-04 2.143140007060110541e+00
2.000000000000334843e-04 9.407026897184221637e-02
9.999999999998898659e-05 4.213091251848848084e-02
1.000000000000444977e-04 3.043968697962041656e-02
2.000000000000334843e-04 1.019373810444754447e-01
9.999999999998898659e-05 2.570978726763158834e-02
9.999999999998898659e-05 2.763458938356970138e-02
9.999999999998898659e-05 4.108204958770515086e-02
9.999999999998898659e-05 2.743406401131890521e-02
9.999999999998898659e-05 4.119684692672340165e-02
9.999999999998898659e-05 3.569974605412059437e-02
9.999999999998898659e-05 3.644500006412901283e-02
1.000000000000444977e-04 3.764411475537494250e-02
9.999999999998898659e-05 3.020051208705651011e-02
9.999999999998898659e-05 7.150764867507351796e-02
9.999999999998898659e-05 3.429820358856799922e-02
9.999999999998898659e-05 2.874179591412550500e-02
1.999999999999779732e-04 6.141880808013402970e-02
9.999999999998898659e-05 3.228858309089600170e-02
9.999999999998898659e-05 2.766612991092124579e-02
9.999999999998898659e-05 2.372575958915961250e-02
9.999999999998898659e-05 2.219540118176147395e-02
9.999999999998898659e-05 4.567379048415002446e-02
9.999999999998898659e-05 2.874776689245001765e-02
9.999999999998898659e-05 2.831417931537986987e-02
1.000000000000444977e-04 3.909182724583581958e-02
9.999999999998898659e-05 3.778188876672004121e-02
1.000000000000444977e-04 4.489356926013075844e-02
9.999999999998898659e-05 2.669018317352508246e-02
9.999999999998898659e-05 2.783045680689013451e-02
9.999999999998898659e-05 4.083677279342123878e-02
1.999999999999779732e-04 6.340173476322008561e-02
9.999999999998898659e-05 2.506103286202502820e-02
9.999999999998898659e-05 3.055513257446136610e-02
9.999999999998898659e-05 4.487774638259503512e-02
9.999999999998898659e-05 4.157935124393494913e-02
1.999999999999779732e-04 5.690622594985662863e-02
9.999999999998898659e-05 2.503409133912497947e-02
1.999999999999779732e-04 9.426287001718608449e-02
9.999999999998898659e-05 2.303763305440426068e-02
9.999999999998898659e-05 3.043792687149481438e-02
1.999999999999779732e-04 5.495713507600007153e-02
9.999999999998898659e-05 2.564997796317992906e-02
2.000000000000334843e-04 7.247157540002130416e-02
9.999999999998898659e-05 4.580279984876001881e-02
9.999999999998898659e-05 4.382867063713501155e-02
9.999999999998898659e-05 4.298660639751814699e-02
9.999999999998898659e-05 2.637555238317018658e-02
9.999999999998898659e-05 3.372921947592995989e-02
9.999999999998898659e-05 5.145363985640376281e-02
9.999999999998898659e-05 2.229621657680008751e-02
9.999999999998898659e-05 2.282448173593005364e-02
1.000000000000444977e-04 2.259379917718984387e-02
9.999999999998898659e-05 3.868353677070492103e-02
9.999999999998898659e-05 3.971476846624499846e-02
9.999999999998898659e-05 3.549993635061937658e-02
9.999999999998898659e-05 4.254976816814837193e-02
1.999999999999779732e-04 1.037815417352893066e-01
1.999999999999779732e-04 5.819146509999478106e-02
9.999999999998898659e-05 2.262975335780507621e-02
2.000000000000334843e-04 7.089944174786243225e-02
1.000000000000444977e-04 3.870334472424195871e-02
9.999999999998898659e-05 2.538908570543983376e-02
1.000000000001000089e-04 2.760438076154055412e-02
9.999999999998898659e-05 4.019758477879507158e-02
9.999999999998898659e-05 5.929369672359500326e-02
9.999999999998898659e-05 2.214528458577998821e-02
1.000000000001000089e-04 2.553651300268364177e-02
9.999999999998898659e-05 4.012553939583480417e-02
9.999999999998898659e-05 3.874502331085469264e-02
9.999999999998898659e-05 2.742095231835981264e-02
9.999999999998898659e-05 5.478644139632066895e-02
2.000000000000889955e-04 9.681816158128708771e-02
1.000000000001000089e-04 4.346747173211060189e-02
9.999999999998898659e-05 4.612958483968469803e-02
1.999999999999779732e-04 1.121435762517747348e-01
9.999999999998898659e-05 4.096782242958491721e-02
9.999999999998898659e-05 2.375992406854013361e-02
9.999999999998898659e-05 5.811397493267992514e-02
2.999999999999669598e-04 8.965586207943557207e-02
1.000000000001000089e-04 3.609646109049725882e-02
9.999999999998898659e-05 3.744746151675960172e-02
9.999999999998898659e-05 3.750718047351971063e-02
1.999999999999779732e-04 7.738237747435471048e-02
9.999999999998898659e-05 3.960622003896024229e-02
9.999999999998898659e-05 2.852603585009469075e-02
1.000000000001000089e-04 2.231828169830163758e-02
9.999999999998898659e-05 3.333665172959514311e-02
1.999999999999779732e-04 8.532502566804875399e-02
1.000000000001000089e-04 4.027480621794082838e-02
1.999999999999779732e-04 8.300827500002447290e-02
1.000000000001000089e-04 2.459064049827742668e-02
9.999999999998898659e-05 3.066526530095496639e-02
9.999999999998898659e-05 2.399553292357476872e-02
1.000000000001000089e-04 2.254251994649201715e-02
1.000000000001000089e-04 3.115901784928561125e-02
9.999999999998898659e-05 8.548144077601504964e-02
1.000000000001000089e-04 2.250546164691435980e-02
9.999999999998898659e-05 3.971867929975523431e-02
9.999999999998898659e-05 2.435355994322512679e-02
9.999999999998898659e-05 3.979880330674567118e-02
9.999999999998898659e-05 3.487353698602507768e-02
1.999999999999779732e-04 8.220440428287006940e-02
9.999999999998898659e-05 2.416021152753007606e-02
9.999999999998898659e-05 6.158240119749475161e-02
9.999999999998898659e-05 4.721016491711987895e-02
9.999999999998898659e-05 9.189278479435494806e-02
9.999999999998898659e-05 2.810815881668986271e-02
1.000000000001000089e-04 2.989380916571760319e-02
9.999999999998898659e-05 2.620729304767485321e-02
9.999999999998898659e-05 2.835346296395015522e-02
2.000000000000889955e-04 2.746562561720643503e-01
9.999999999998898659e-05 2.245104445511977506e-02
9.999999999998898659e-05 3.556263714968999068e-02
9.999999999998898659e-05 4.639419193037973288e-02
9.999999999998898659e-05 6.007167263372496097e-02
9.999999999998898659e-05 2.297891959238478748e-02
9.999999999998898659e-05 6.095617494162963029e-02
9.999999999998898659e-05 6.334753564364466183e-02
9.999999999998898659e-05 4.865249754545485084e-02
9.999999999998898659e-05 2.340581753245129723e-02
9.999999999998898659e-05 2.209321462370546565e-02
9.999999999998898659e-05 2.998819931016002277e-02
9.999999999998898659e-05 2.733794965850964986e-02
2.999999999999669598e-04 9.488105827063020303e-02
1.999999999999779732e-04 9.934509916673048280e-02
9.999999999998898659e-05 3.849166941198940706e-02
9.999999999998898659e-05 3.149125189072454756e-02
9.999999999998898659e-05 4.390433348472969066e-02
9.999999999998898659e-05 5.598061655379244633e-02
9.999999999998898659e-05 2.717445049369044546e-02
9.999999999998898659e-05 4.149829846791524418e-02
9.999999999998898659e-05 3.753732375251953024e-02
9.999999999998898659e-05 3.479142750632944342e-02
3.999999999999559464e-04 3.815242688531552684e-01
9.999999999998898659e-05 2.265611418597514304e-02
9.999999999998898659e-05 3.120597641445949436e-02
9.999999999998898659e-05 3.979834437703028138e-02
9.999999999998898659e-05 6.423857060838511490e-02
9.999999999998898659e-05 2.259054601214489921e-02
9.999999999998898659e-05 3.504374381469511218e-02
9.999999999998898659e-05 3.807190120687972690e-02
2.000000000000889955e-04 6.798116507174248313e-02
1.999999999999779732e-04 9.073610542305488025e-02
6.000000000000449418e-04 3.880975966788885678e+00
9.999999999998898659e-05 6.950747516826011330e-02
3.000000000000779821e-04 1.055554635545850606e-01
9.999999999998898659e-05 2.497438959021508476e-02
9.999999999998898659e-05 3.915539837998027045e-02
2.999999999999669598e-04 1.341704047687118373e-01
9.999999999998898659e-05 5.417212935218016640e-02
9.999999999998898659e-05 3.329093116882010650e-02
9.999999999998898659e-05 4.982495191098001985e-02
1.999999999999779732e-04 1.160666126951651195e-01
1.999999999999779732e-04 8.059764627500992651e-02
9.999999999998898659e-05 2.465656667311506151e-02
9.999999999998898659e-05 4.201648158669987754e-02
9.999999999998898659e-05 6.169177265018491174e-02
1.999999999999779732e-04 7.268476197820999962e-02
9.999999999998898659e-05 4.650530695498997918e-02
9.999999999998898659e-05 2.668162303645492048e-02
9.999999999998898659e-05 3.492095936604507067e-02
9.999999999998898659e-05 5.330230968389000623e-02
1.999999999999779732e-04 8.040282180069467655e-02
9.999999999998898659e-05 3.871927695969471644e-02
9.999999999998898659e-05 5.019164872625508228e-02
9.999999999998898659e-05 3.117493940894475873e-02
9.999999999998898659e-05 2.300125756309026950e-02
1.999999999999779732e-04 7.630028552018516819e-02
9.999999999998898659e-05 2.277726128606995248e-02
1.999999999999779732e-04 1.382897363585602335e-01
9.999999999998898659e-05 6.701098435473021309e-02
9.999999999998898659e-05 3.369800007541991216e-02
9.999999999998898659e-05 2.787791438860533558e-02
9.999999999998898659e-05 3.821244925577536866e-02
9.999999999998898659e-05 5.459042332704501510e-02
2.999999999999669598e-04 1.085705161389600576e-01
1.000000000001000089e-04 3.464286262183968040e-02
9.999999999998898659e-05 2.694410824224972856e-02
1.999999999999779732e-04 8.077813985546691833e-02
9.999999999998898659e-05 3.922963073988543908e-02
2.000000000000889955e-04 7.586556212832670787e-02
9.999999999998898659e-05 7.439979497133007713e-02
9.999999999998898659e-05 2.450633717609510681e-02
1.000000000001000089e-04 2.647194950420735798e-02
9.999999999998898659e-05 2.616034928556476222e-02
1.000000000001000089e-04 4.298109128555048508e-02
9.999999999998898659e-05 3.663000186274472519e-02
2.000000000000889955e-04 7.163727683508977484e-02
9.999999999998898659e-05 4.034518552746987202e-02
9.999999999998898659e-05 7.130882175115491051e-02
9.999999999998898659e-05 3.205462542088509392e-02
1.999999999999779732e-04 8.185782851968986806e-02
1.999999999999779732e-04 8.444315873285976326e-02
1.999999999999779732e-04 5.493740684087547455e-02
1.999999999999779732e-04 7.037359744415505602e-02
1.999999999999779732e-04 7.438980014614224312e-02
1.999999999999779732e-04 1.391533265050896584e-01
9.999999999998898659e-05 4.287062575246528007e-02
9.999999999998898659e-05 7.108389745858494091e-02
2.000000000000889955e-04 6.467214809679103227e-02
1.999999999999779732e-04 1.615889904171905478e-01
1.999999999999779732e-04 6.719453172974997057e-02
9.999999999998898659e-05 3.927681390539987383e-02
9.999999999998898659e-05 2.805016161722505980e-02
1.000000000001000089e-04 5.569395379070814917e-02
9.999999999998898659e-05 6.595217121450006048e-02
1.000000000001000089e-04 3.121844951397281798e-02
9.999999999998898659e-05 2.478700892047982010e-02
9.999999999998898659e-05 5.996126986166012973e-02
2.000000000000889955e-04 6.291191906498280750e-02
9.999999999998898659e-05 1.048818846706447427e-01
9.999999999998898659e-05 2.603827182626559586e-02
9.999999999998898659e-05 4.119017125058509199e-02
1.999999999999779732e-04 6.630458404103953263e-02
9.999999999998898659e-05 2.447362345926034147e-02
2.000000000000889955e-04 7.020554139561979712e-02
1.000000000001000089e-04 3.985414276480971768e-02
9.999999999998898659e-05 5.921569310751513548e-02
9.999999999998898659e-05 4.307574692201486533e-02
2.000000000000889955e-04 7.077613095201444604e-02
9.999999999998898659e-05 5.600540654101970883e-02
1.999999999999779732e-04 7.620551753425641728e-02
1.999999999999779732e-04 8.669334512314444408e-02
9.999999999998898659e-05 7.163319814656472773e-02
9.999999999998898659e-05 2.531124447020532270e-02
9.999999999998898659e-05 3.221969546504451637e-02
2.999999999999669598e-04 1.071978432708902140e-01
1.999999999999779732e-04 1.485067335099505836e-01
9.999999999998898659e-05 2.653719897646004619e-02
9.999999999998898659e-05 3.632806035936009953e-02
1.999999999999779732e-04 6.250082919380986479e-02
9.999999999998898659e-05 2.542575099929501523e-02
2.999999999999669598e-04 2.718908870202954020e-01
1.000000000001000089e-04 4.032399559371000614e-02
1.999999999999779732e-04 8.230839191833040636e-02
1.999999999999779732e-04 6.036296292054456336e-02
2.000000000000889955e-04 1.644672658312937574e-01
9.999999999998898659e-05 4.092680959486010017e-02
9.999999999998898659e-05 4.092506877317013403e-02
9.999999999998898659e-05 3.204972449559984060e-02
1.999999999999779732e-04 7.393566566179018973e-02
2.999999999999669598e-04 2.539885486472943654e-01
1.000000000001000089e-04 6.215448653568341614e-02
1.999999999999779732e-04 1.361344291057149380e-01
9.999999999998898659e-05 4.727059716636965864e-02
3.000000000000779821e-04 1.058228296678842273e-01
1.999999999999779732e-04 6.477876225829982959e-02
9.999999999998898659e-05 1.129109335621403531e-01
1.999999999999779732e-04 9.209045697491968774e-02
1.999999999999779732e-04 1.433028814857442157e-01
9.999999999998898659e-05 6.508168010557539851e-02
1.999999999999779732e-04 7.589956318250588863e-02
9.999999999998898659e-05 5.906847620193515780e-02
9.999999999998898659e-05 2.395361483917540779e-02
9.999999999998898659e-05 9.098857596644974177e-02
9.999999999998898659e-05 4.531966747974484899e-02
9.999999999998898659e-05 5.078229710916407763e-02
2.999999999999669598e-04 1.199232340627250648e-01
9.999999999998898659e-05 4.004097311427499278e-02
9.999999999998898659e-05 1.329875662845198259e-01
2.999999999999669598e-04 1.689178406034286539e-01
9.999999999998898659e-05 5.634369415690014538e-02
2.000000000000889955e-04 8.114665564945390541e-02
1.199999999999978861e-03 2.967464031920233225e+00
9.999999999998898659e-05 2.418955569948490897e-02
9.999999999998898659e-05 4.117468717607008361e-02
9.999999999998898659e-05 2.464588150223991428e-02
2.000000000000889955e-04 5.578512097932131208e-02
9.999999999998898659e-05 3.937218058741512317e-02
9.999999999998898659e-05 8.434757698010487970e-02
9.999999999998898659e-05 4.432002799547483940e-02
1.999999999999779732e-04 1.130305022848551028e-01
1.999999999999779732e-04 1.168340622214497221e-01
2.000000000000889955e-04 6.635724117267766120e-02
1.999999999999779732e-04 6.231618438812479288e-02
1.999999999999779732e-04 8.863482045692495925e-02
9.999999999998898659e-05 2.828543963424506175e-02
9.999999999998898659e-05 2.213213911458507960e-02
9.999999999998898659e-05 2.582693701285486074e-02
9.999999999998898659e-05 4.050513005875518158e-02
1.000000000001000089e-04 2.798901845199923411e-02
9.999999999998898659e-05 2.541044671863012042e-02
1.999999999999779732e-04 6.604292005849493608e-02
1.999999999999779732e-04 6.993826094370500512e-02
9.999999999998898659e-05 3.284236677351002470e-02
9.999999999998898659e-05 3.392550303795496131e-02
1.000000000001000089e-04 5.217316963019454079e-02
9.999999999998898659e-05 5.065094529514486965e-02
9.999999999998898659e-05 9.007031568877491012e-02
9.999999999998898659e-05 2.710375854741752660e-02
9.999999999998898659e-05 3.763697051769471918e-02
1.000000000001000089e-04 4.517235135870002749e-02
9.999999999998898659e-05 2.829824598470492836e-02
1.999999999999779732e-04 6.203145370036480810e-02
9.999999999998898659e-05 4.573487869264068750e-02
9.999999999998898659e-05 4.181975699244989270e-02
9.999999999998898659e-05 2.253927440979502581e-02
1.000000000001000089e-04 3.414370643600736499e-02
9.999999999998898659e-05 3.566950771999989611e-02
9.999999999998898659e-05 3.123012750983017796e-02
9.999999999998898659e-05 4.668119219173017670e-02
9.999999999998898659e-05 2.206812566283490595e-02
9.999999999998898659e-05 3.605042052155479904e-02
9.999999999998898659e-05 3.681206073913194377e-02
9.999999999998898659e-05 2.703526719842659631e-02
9.999999999998898659e-05 2.516672330569031529e-02
9.999999999998898659e-05 5.681383055183461539e-02
9.999999999998898659e-05 3.464379450447031827e-02
2.000000000000889955e-04 6.842860668051731210e-02
1.000000000001000089e-04 2.275243895146506282e-02
9.999999999998898659e-05 5.061551343425951116e-02
9.999999999998898659e-05 4.363418562965518110e-02
9.999999999998898659e-05 2.672638134646037125e-02
9.999999999998898659e-05 6.376478166508521561e-02
9.999999999998898659e-05 3.826505407801866071e-02
9.999999999998898659e-05 4.271592850138479502e-02
1.999999999999779732e-04 6.416844518441525147e-02
9.999999999998898659e-05 3.570543420482506780e-02
9.999999999998898659e-05 2.833650314220009792e-02
1.000000000001000089e-04 5.105720665137827852e-02
9.999999999998898659e-05 2.418630072714465437e-02
9.999999999998898659e-05 2.378003918803507991e-02
1.999999999999779732e-04 6.775158096837967381e-02
2.000000000000889955e-04 7.193300764079621490e-02
9.999999999998898659e-05 3.405174901115522179e-02
9.999999999998898659e-05 3.609416615541452544e-02
9.999999999998898659e-05 7.657204033735463822e-02
9.999999999998898659e-05 2.517985738378861194e-02
9.999999999998898659e-05 4.994834339663935252e-02
9.999999999998898659e-05 3.087243652601560917e-02
1.000000000001000089e-04 3.117922142853083931e-02
9.999999999998898659e-05 5.162281669558992786e-02
9.999999999998898659e-05 3.044230719935031929e-02
9.999999999998898659e-05 2.684450162955504329e-02
9.999999999998898659e-05 2.900006469608532728e-02
9.999999999998898659e-05 2.649896514443934523e-02
1.999999999999779732e-04 8.570653080739504270e-02
9.999999999998898659e-05 4.807639130172517566e-02
9.999999999998898659e-05 2.326510393227034304e-02
1.999999999999779732e-04 6.920837504322882583e-02
9.999999999998898659e-05 2.879178365393501166e-02
9.999999999998898659e-05 2.603696287251954997e-02
9.999999999998898659e-05 3.753940355486506952e-02
1.999999999999779732e-04 9.673203931178457615e-02
1.999999999999779732e-04 5.901881879195939457e-02
9.999999999998898659e-05 3.061236742762002416e-02
9.999999999998898659e-05 2.877309405132011041e-02
1.999999999999779732e-04 4.872161047780000642e-02
9.999999999998898659e-05 4.036067285300515284e-02
9.999999999998898659e-05 2.790575570524508192e-02
1.000000000001000089e-04 2.647795696537606422e-02
9.999999999998898659e-05 4.593745819460531149e-02
9.999999999998898659e-05 2.465816998150932235e-02
9.999999999998898659e-05 4.513755777720519780e-02
9.999999999998898659e-05 3.210505405408049101e-02
1.000000000001000089e-04 2.898544237872545046e-02
9.999999999998898659e-05 3.946581756648522010e-02
1.999999999999779732e-04 8.291228647298953813e-02
1.999999999999779732e-04 9.137862505202441754e-02
9.999999999998898659e-05 2.606076505653986269e-02
1.999999999999779732e-04 7.065712478301525157e-02
1.999999999999779732e-04 9.491285764567046479e-02
9.999999999998898659e-05 4.699475342210490680e-02
3.999999999999559464e-04 2.422780650950897563e-01
9.999999999998898659e-05 7.156596550662519540e-02
1.999999999999779732e-04 9.520044636655772274e-02
9.999999999998898659e-05 5.092250545805458023e-02
9.999999999998898659e-05 2.314307577625986448e-02
9.999999999998898659e-05 5.016997852696979121e-02
2.000000000000889955e-04 5.999552252273369912e-02
9.999999999998898659e-05 5.024352706572491473e-02
9.999999999998898659e-05 2.850503406378534013e-02
9.999999999998898659e-05 6.308158346018495621e-02
3.000000000000779821e-04 2.393877765037750738e-01
2.999999999999669598e-04 1.607555576393509544e-01
3.000000000000779821e-04 1.189638147661778722e-01
1.999999999999779732e-04 5.408461454817502234e-02
2.000000000000889955e-04 7.104503920736829348e-02
3.999999999999559464e-04 3.179879405870151832e-01
1.999999999999779732e-04 1.644106391517155263e-01
9.999999999998898659e-05 5.763842123122032979e-02
9.999999999998898659e-05 3.371695451800470894e-02
9.999999999998898659e-05 4.360646444729966015e-02
9.999999999998898659e-05 3.154365112609537614e-02
1.999999999999779732e-04 1.168813505100357863e-01
9.999999999998898659e-05 4.553775077177059372e-02
9.999999999998898659e-05 4.808251300380778082e-02
9.999999999998898659e-05 4.707650858061524640e-02
2.000000000000889955e-04 1.762536514909234242e-01
9.999999999998898659e-05 4.237363195270415356e-02
9.999999999998898659e-05 2.544484910256516672e-02
1.999999999999779732e-04 2.083905288398465450e-01
8.000000000000229150e-04 4.933299468899106976e+00
2.999999999999669598e-04 2.773652300985650077e-01
1.999999999999779732e-04 7.522747904254001305e-02
9.999999999998898659e-05 4.255627499747010462e-02
2.999999999999669598e-04 2.220486444714001861e-01
9.999999999998898659e-05 3.445459400739003114e-02
2.000000000000889955e-04 7.584060014267256233e-02
1.999999999999779732e-04 1.067667515161000447e-01
9.999999999998898659e-05 3.257092572263014379e-02
1.999999999999779732e-04 7.737080998269996179e-02
9.999999999998898659e-05 2.740477914637511406e-02
1.999999999999779732e-04 8.326431210014062501e-02
9.999999999998898659e-05 2.738904859373513662e-02
1.999999999999779732e-04 7.061757316844509413e-02
9.999999999998898659e-05 3.790168425171506345e-02
9.999999999998898659e-05 3.939344286362486680e-02
9.999999999998898659e-05 4.098645978339994500e-02
2.000000000000889955e-04 9.503103748812036233e-02
9.999999999998898659e-05 2.269589449640993864e-02
1.999999999999779732e-04 7.959986611978507598e-02
1.999999999999779732e-04 1.182226577470252560e-01
9.999999999998898659e-05 6.993742205689498781e-02
1.999999999999779732e-04 7.277252996043970246e-02
9.999999999998898659e-05 2.476907613735002123e-02
1.999999999999779732e-04 1.501902008539702238e-01
1.000000000001000089e-04 4.795501892138684386e-02
9.999999999998898659e-05 2.387649980440502070e-02
9.999999999998898659e-05 2.422110242571495070e-02
2.000000000000889955e-04 1.039675726234568914e-01
1.999999999999779732e-04 9.231826084230526641e-02
9.999999999998898659e-05 6.191021917625994658e-02
5.000000000000559552e-04 1.902812227278551926e-01
9.999999999998898659e-05 5.931492184686996266e-02
1.999999999999779732e-04 6.618079776326993291e-02
1.999999999999779732e-04 5.213278985901514256e-02
9.999999999998898659e-05 4.037285140837494624e-02
9.999999999998898659e-05 5.913100604518516795e-02
9.999999999998898659e-05 6.328333272225512840e-02
1.000000000001000089e-04 3.612312040084190989e-02
9.999999999998898659e-05 4.680932120062510082e-02
2.000000000000889955e-04 6.280949370576538460e-02
8.000000000000229150e-04 6.008879826652482325e-01
2.000000000000889955e-04 1.870658877475118442e-01
2.999999999999669598e-04 7.521376854560495318e-01
5.000000000000559552e-04 4.721900783910476518e-01
1.999999999999779732e-04 1.831472571013660067e-01
5.000000000000559552e-04 1.561674818273253162e+00
9.999999999998898659e-05 4.205115269988000948e-02
1.999999999999779732e-04 1.317051171476649463e-01
1.999999999999779732e-04 1.368652461781499352e-01
9.999999999998898659e-05 3.105756345284502520e-02
9.999999999998898659e-05 3.840601128952007143e-02
9.999999999998898659e-05 2.674860491485993655e-02
9.999999999998898659e-05 2.326036825405497846e-02
1.999999999999779732e-04 8.052943349960009489e-02
9.999999999998898659e-05 3.067556564845507275e-02
9.999999999998898659e-05 5.636167644575496016e-02
2.000000000000889955e-04 6.532635260025458634e-02
1.999999999999779732e-04 9.568375340560998643e-02
1.999999999999779732e-04 9.067159066818997193e-02
1.999999999999779732e-04 6.006100885692396835e-02
1.000000000001000089e-04 4.367124418222421978e-02
1.999999999999779732e-04 9.362393474590696707e-02
9.999999999998898659e-05 2.879133794153450679e-02
1.999999999999779732e-04 1.367077034934066071e-01
9.999999999998898659e-05 5.838765696416570172e-02
1.999999999999779732e-04 9.939833786858649767e-02
9.999999999998898659e-05 2.917241517355348077e-02
1.999999999999779732e-04 7.446803489563746936e-02
1.000000000001000089e-04 7.066877433828586130e-02
9.999999999998898659e-05 2.202268152162253911e-02
9.999999999998898659e-05 3.299243188814703770e-02
1.000000000001000089e-04 5.505713213431794734e-02
1.999999999999779732e-04 1.024943576782125498e-01
9.999999999998898659e-05 2.554871927465797443e-02
9.999999999998898659e-05 4.737666411724050092e-02
9.999999999998898659e-05 6.084808488356700795e-02
9.999999999998898659e-05 4.007801254952800957e-02
3.999999999999559464e-04 1.218890849744695415e-01
1.999999999999779732e-04 1.046659618534999808e-01
9.999999999998898659e-05 2.438884864110404602e-02
9.999999999998898659e-05 7.674376242021549444e-02
9.999999999998898659e-05 6.656705993346044570e-02
9.999999999998898659e-05 4.151809012460901116e-02
9.999999999998898659e-05 2.754031438739649659e-02
9.999999999998898659e-05 6.008602287227352012e-02
9.999999999998898659e-05 2.301955431462648569e-02
9.999999999998898659e-05 3.330078032634350288e-02
9.999999999998898659e-05 2.561266905559552928e-02
9.999999999998898659e-05 3.144548402263848408e-02
1.999999999999779732e-04 8.683205735232603362e-02
9.999999999998898659e-05 2.857862871304552368e-02
9.999999999998898659e-05 3.133755288226901248e-02
1.999999999999779732e-04 7.682454737021000846e-02
1.000000000001000089e-04 3.995292443000719729e-02
1.999999999999779732e-04 9.632428147806200436e-02
1.999999999999779732e-04 7.319729661625004602e-02
9.999999999998898659e-05 3.160113819551354369e-02
3.000000000000779821e-04 1.312653984321898171e-01
9.999999999998898659e-05 4.140509373363148587e-02
9.999999999998898659e-05 2.861041347978051513e-02
1.999999999999779732e-04 5.277610927688149850e-02
1.999999999999779732e-04 5.456072855054549392e-02
9.999999999998898659e-05 3.514674452021949308e-02
9.999999999998898659e-05 4.631606910691249412e-02
9.999999999998898659e-05 7.252064723295752191e-02
3.000000000000779821e-04 1.030541431232656624e-01
9.999999999998898659e-05 3.350546325144450333e-02
9.999999999998898659e-05 2.636721962004475242e-02
1.999999999999779732e-04 6.464436447526425433e-02
9.999999999998898659e-05 3.024550039451282674e-02
9.999999999998898659e-05 2.915051749746000453e-02
9.999999999998898659e-05 5.873197073002480589e-02
9.999999999998898659e-05 4.975871608628000542e-02
9.999999999998898659e-05 6.090425657532466674e-02
9.999999999998898659e-05 3.641301262861502963e-02
1.999999999999779732e-04 8.641330405825350947e-02
1.999999999999779732e-04 1.180239620352445118e-01
1.999999999999779732e-04 9.195974694530925642e-02
9.999999999998898659e-05 2.617085183284501015e-02
1.999999999999779732e-04 8.413184055173301978e-02
9.999999999998898659e-05 5.982320590010845734e-02
1.000000000001000089e-04 2.482218312542667712e-02
9.999999999998898659e-05 3.021093112625102689e-02
9.999999999998898659e-05 3.636741825206149525e-02
9.999999999998898659e-05 2.437582283135752634e-02
9.999999999998898659e-05 2.932501742597150990e-02
9.999999999998898659e-05 4.938924860455001092e-02
9.999999999998898659e-05 6.790995820339397471e-02
2.000000000000889955e-04 7.698436169581182598e-02
1.999999999999779732e-04 9.063304254884899103e-02
9.999999999998898659e-05 3.033973343191949043e-02
9.999999999998898659e-05 2.844015058725504405e-02
1.999999999999779732e-04 1.002925679452800478e-01
2.000000000000889955e-04 1.064308908475606469e-01
9.999999999998898659e-05 2.271314200784004325e-02
