0.000000	-409.099819	-0.010891
0.000000	-375.085085	-0.009978
0.000000	-338.052088	-0.009072
0.000000	-299.844259	-0.008164
0.000000	-257.423178	-0.007257
0.000000	-215.214509	-0.006348
0.000000	-182.468965	-0.005442
0.000000	-141.879445	-0.004536
0.000000	-102.131055	-0.003630
0.000000	-76.605712	-0.002725
0.000000	-43.511052	-0.001819
0.000000	-6.677730	-0.000907
0.000000	0.000000	0.000000
0.000000	1.175497	0.000905
0.000000	1.495974	0.001809
0.000000	2.008819	0.002712
0.000000	2.325464	0.003621
0.000000	2.535838	0.004528
0.000000	2.692422	0.005431
0.000000	2.681820	0.006337
0.000000	2.826382	0.007241
0.000000	3.419471	0.008155
0.000000	3.406469	0.009062
0.000000	3.057217	0.009968
0.000000	3.051431	0.009968
0.106408	3.482277	0.009971
0.156389	7.737859	0.059673
0.207626	15.544169	0.110745
0.259983	23.264821	0.163187
0.309759	28.624616	0.212860
0.359265	34.092994	0.262511
0.408916	39.196379	0.312382
0.459324	43.935609	0.362484
0.508700	49.752358	0.411867
0.559484	53.808241	0.462906
0.609821	58.137735	0.512966
0.662066	62.620651	0.565216
0.711509	66.546123	0.614722
0.761496	69.937509	0.664748
0.811228	73.915915	0.714399
0.862452	78.285192	0.766002
0.911931	80.759862	0.815159
0.961620	83.666271	0.864644
1.012077	87.141559	0.914996
1.063492	90.074083	0.966788
1.114674	94.938225	1.017921
1.166371	98.071202	1.069098
1.216467	100.702569	1.119316
1.267269	104.282822	1.170219
1.317299	107.253316	1.219836
1.367686	109.443851	1.271073
1.417188	112.194802	1.320399
1.467905	114.711087	1.370989
1.517287	117.549513	1.420645
1.567071	120.241065	1.469900
1.617352	123.135942	1.520446
1.666899	125.665095	1.570000
1.716616	128.562981	1.619789
1.767913	131.258217	1.670913
1.817277	134.093439	1.720660
1.866787	136.142733	1.769857
1.917452	138.551907	1.820580
1.967029	141.017684	1.870029
2.017558	143.506639	1.920899
2.067892	145.903717	1.971120
2.117539	148.572406	2.020662
2.167496	150.921971	2.070562
2.217483	153.939925	2.120474
2.266906	156.342218	2.170112
2.317289	159.827809	2.220301
2.367595	162.797746	2.270694
2.417573	164.435236	2.320669
2.467514	165.894649	2.370583
2.518069	168.007875	2.421317
2.567531	169.453446	2.470624
2.617454	170.848095	2.520406
2.667096	172.778601	2.570037
2.717247	174.606975	2.620246
2.767501	176.267100	2.669831
2.817320	178.039732	2.720266
2.867541	179.946140	2.770868
2.917238	181.939925	2.820260
2.966990	183.584403	2.869826
3.017244	185.155724	2.920436
3.066694	187.450633	2.969745
3.118035	189.668385	3.021309
3.167893	192.270233	3.071119
3.217892	194.270106	3.121046
3.268053	197.750807	3.171452
3.317905	200.640750	3.221194
3.367792	202.182098	3.271042
3.417939	203.736982	3.321333
3.468195	205.449856	3.370863
3.519130	206.791620	3.422401
3.569691	208.779862	3.472436
3.619794	211.208342	3.523062
3.669729	212.713724	3.572900
3.720279	214.397425	3.623431
3.769890	215.454576	3.673161
3.820131	216.873591	3.723463
3.869551	218.257222	3.773047
3.919045	220.249218	3.822200
3.969227	222.260031	3.872428
4.019280	224.510586	3.922417
4.069415	226.385350	3.972824
4.119405	228.295681	4.022684
4.170054	230.634902	4.072920
4.219656	232.147127	4.122790
4.271665	233.915256	4.174625
4.322369	235.149690	4.225425
4.372771	236.767992	4.275821
4.423866	237.810856	4.327088
4.474081	239.754195	4.377302
4.524489	241.648148	4.427770
4.574043	243.250274	4.477284
4.623970	244.889147	4.527017
4.674468	246.729833	4.577891
4.723876	248.212995	4.627239
4.773734	249.547775	4.676977
4.823703	251.306036	4.726954
4.874633	252.530351	4.777947
4.924007	254.698942	4.827416
4.974115	256.498108	4.877177
5.024788	258.229116	4.927819
5.075368	259.589293	4.978617
5.125230	261.318283	5.028167
5.175876	262.809711	5.078981
5.226850	264.036882	5.129796
5.279147	265.686520	5.182185
5.329359	267.381647	5.232389
5.379498	268.829019	5.282596
5.429458	270.104445	5.332678
5.478822	271.804131	5.382221
5.529221	273.157643	5.432414
5.578751	274.630901	5.481900
5.628986	276.196989	5.532096
5.679571	277.565180	5.582719
5.729294	279.224317	5.632420
5.779612	281.182369	5.682668
5.829440	282.131075	5.732808
5.879121	283.339175	5.782389
5.930003	284.702598	5.833453
5.979910	286.384586	5.883151
6.029687	287.883664	5.933010
6.079541	289.019700	5.982782
6.128961	290.440678	6.032421
6.179067	291.944306	6.082260
6.229050	293.479022	6.132273
6.279114	294.443880	6.182201
6.328569	296.431724	6.231803
6.379059	297.684499	6.282231
6.428987	299.189648	6.332183
6.479553	300.550971	6.382668
6.529008	301.242418	6.432417
6.579635	303.418058	6.483118
6.631357	305.151109	6.534050
6.681942	306.853517	6.584934
6.731692	308.009268	6.634689
6.781964	309.498840	6.685197
6.832525	310.919001	6.735578
6.882783	312.094983	6.786167
6.932330	312.975090	6.835505
6.982622	314.712839	6.885364
7.032470	315.972563	6.935560
7.083357	317.365218	6.986646
7.132740	318.920890	7.036051
7.182792	320.330894	7.085756
7.233423	321.844135	7.136737
7.284428	322.753405	7.187623
7.333951	324.065232	7.237230
7.384702	324.988085	7.288041
7.435711	326.562731	7.338932
7.485862	328.211786	7.389054
7.536076	329.998325	7.439508
7.586226	331.295223	7.489482
7.636855	332.913407	7.540099
7.689271	334.301018	7.592426
7.739408	335.463760	7.642532
7.789458	336.542314	7.692660
7.839723	337.759729	7.743159
7.889535	339.155757	7.792648
7.940291	340.294098	7.843410
7.990205	341.630234	7.893445
8.041515	342.699157	7.944648
8.091976	343.456793	7.995306
8.141471	344.015440	8.044600
8.191517	345.640762	8.094565
8.242207	347.171491	8.145270
8.293005	348.259836	8.196086
8.343244	349.088057	8.246563
8.393747	350.186534	8.296967
8.444474	351.788039	8.347757
8.495226	353.087699	8.398257
8.545653	354.283681	8.449009
8.595449	355.370975	8.498775
8.646831	356.523205	8.549094
8.697528	358.019895	8.600513
8.748268	359.019842	8.651392
8.797695	360.373076	8.700977
8.848979	360.986949	8.752162
8.898824	362.352665	8.802060
8.949084	363.615902	8.852055
8.999682	364.505675	8.903065
9.050242	365.212648	8.953428
9.100989	366.425674	9.004352
9.151700	367.875409	9.054783
9.203086	368.760900	9.106294
9.253860	369.229473	9.157017
9.304131	370.785227	9.207270
9.355848	371.978501	9.259197
9.405829	372.967955	9.309050
9.456717	373.884764	9.359912
9.507369	374.668534	9.410557
9.557947	376.081412	9.461171
9.607714	376.706948	9.510977
9.659018	377.535223	9.562296
9.709443	378.841411	9.612569
9.760384	379.291493	9.663694
9.811407	380.491653	9.714609
9.862012	381.261479	9.765160
9.913656	382.531835	9.816612
9.964335	382.971504	9.866900
10.014990	383.696024	9.918159
10.065413	384.748834	9.968580
10.117076	385.457735	10.000000
12.241660	390.389289	9.999994
12.291468	390.264729	9.901252
12.340799	390.563816	9.802492
12.390821	390.543717	9.702498
12.439282	389.816856	9.605814
12.487810	389.765855	9.508610
12.536178	389.644443	9.411874
12.584969	389.278965	9.314306
12.633872	388.804524	9.216706
12.683457	388.645068	9.118808
12.731984	388.429256	9.020608
12.780889	388.108588	8.922394
12.829696	388.074108	8.825554
12.879416	388.164785	8.725746
12.928069	387.618635	8.628420
12.976708	387.214202	8.530530
13.025549	386.845415	8.432878
13.073957	386.778349	8.336474
13.123259	386.835129	8.237796
13.171811	386.439661	8.140744
13.221235	386.212123	8.041898
13.269619	385.827183	7.944798
13.319253	385.927215	7.845916
13.367504	385.846455	7.749188
13.416359	385.463567	7.651528
13.465189	384.946559	7.553842
13.513509	384.796684	7.457204
13.562363	384.964353	7.360580
13.611216	384.812158	7.261888
13.660116	384.200692	7.163890
13.709049	383.920323	7.066050
13.757408	383.579295	6.969796
13.805727	383.093782	6.872398
13.854386	382.558430	6.775396
13.903012	382.794898	6.678598
13.952516	382.738026	6.579458
14.000818	382.501072	6.482302
14.050171	381.858333	6.383892
14.099010	382.010064	6.286256
14.147142	381.622662	6.189854
14.196364	381.384686	6.091848
14.245531	381.568656	5.993842
14.294941	380.932205	5.894816
14.343855	380.640922	5.796694
14.393060	380.610112	5.698362
14.441579	380.331934	5.601368
14.490004	379.725065	5.503928
14.539281	379.808880	5.405892
14.587829	379.170573	5.308608
14.636215	379.051331	5.211836
14.685094	378.913729	5.114142
14.733806	378.731207	5.016810
14.782457	378.322080	4.919372
14.830808	378.132264	4.822220
14.879729	377.900303	4.725110
14.928291	377.504817	4.628062
14.976548	377.487583	4.531342
15.025278	376.809048	4.433508
15.074805	376.666876	4.334798
15.123371	376.623656	4.237210
15.171985	376.032512	4.140492
15.221693	375.916724	4.041490
15.270265	375.657696	3.943960
15.319652	375.328987	3.845178
15.368049	374.931121	3.748252
15.417002	374.750772	3.650442
15.465069	374.700396	3.553852
15.514615	374.325548	3.455108
15.563443	373.952140	3.357616
15.612070	373.590293	3.260744
15.661682	373.155515	3.161446
15.710008	372.835090	3.063994
15.759233	372.400969	2.965876
15.807617	372.324508	2.868794
15.856263	372.256720	2.771984
15.905239	371.444647	2.673886
15.954868	371.026669	2.575120
16.003431	370.625160	2.477568
16.051926	370.716585	2.380606
16.101415	370.077254	2.281518
16.149782	370.292235	2.184696
16.199253	369.704095	2.085906
16.247891	369.144343	1.988656
16.297047	369.096747	1.889816
16.346466	368.388722	1.790912
16.395503	368.138870	1.693336
16.444362	367.454310	1.596174
16.494067	367.222839	1.496742
16.545438	366.509219	1.396706
16.594910	365.687575	1.294500
16.644865	365.231098	1.194602
16.693222	365.159932	1.097464
16.741323	364.734489	1.001222
16.789698	364.557495	0.999003
76.930541	363.017660	0.998997
76.980457	362.632703	0.901649
77.030362	361.830114	0.800475
77.078888	362.245685	0.703881
77.128125	361.733616	0.605499
77.177122	361.428483	0.507303
77.225731	360.753250	0.410741
77.275393	359.765293	0.313641
77.323815	358.287375	0.214169
77.372766	357.061985	0.116517
77.421919	355.769562	0.018015
77.471179	354.581555	0.000000
