# size duration
2.500000000000000000e-01 1.752913780342657546e-02
2.500000000000000000e-01 1.917781729270151558e-02
3.750000000000000000e-01 3.282420104940264594e-02
1.875000000000000000e+00 3.198926341082191094e-01
2.500000000000000000e+00 9.023401977372631499e-01
6.000000000000000000e+00 2.465937531333490362e+00
1.500000000000000000e+00 3.168772642704926756e-01
1.250000000000000000e-01 7.959406012530756414e-03
3.375000000000000000e+00 2.309448078716152430e+00
1.625000000000000000e+00 1.888509232813735395e-01
1.625000000000000000e+00 2.980083604193790592e-01
2.500000000000000000e-01 1.631286423297417798e-02
2.500000000000000000e-01 1.663654831075866980e-02
2.500000000000000000e-01 1.576254394257636804e-02
1.250000000000000000e-01 7.465034356217703504e-03
3.750000000000000000e-01 2.904970272662543707e-02
7.250000000000000000e+00 2.922836540280808304e+00
2.500000000000000000e-01 1.863453093293232499e-02
8.750000000000000000e-01 9.809261107648836742e-02
5.000000000000000000e-01 4.007780798065052608e-02
2.750000000000000000e+00 9.387466201973446722e-01
2.500000000000000000e-01 2.461764052932413627e-02
1.250000000000000000e-01 7.641399763180567462e-03
2.875000000000000000e+00 3.162689814315444714e-01
3.250000000000000000e+00 8.076882045066593463e-01
5.000000000000000000e-01 5.162687899613871423e-02
2.500000000000000000e-01 1.641426137127011131e-02
1.625000000000000000e+00 1.728621308099342890e-01
5.000000000000000000e-01 4.588718779658762514e-02
2.500000000000000000e-01 1.609781603363202862e-02
3.750000000000000000e-01 3.109473729140610487e-02
6.250000000000000000e-01 6.475522734349281606e-02
5.000000000000000000e-01 5.323346514651339234e-02
1.875000000000000000e+00 3.877828525929656323e-01
5.000000000000000000e-01 4.177072180337404461e-02
1.250000000000000000e-01 7.958248699312164831e-03
3.750000000000000000e-01 2.743518821380686035e-02
3.750000000000000000e-01 3.074260987469701334e-02
6.250000000000000000e-01 4.393020695934346520e-02
2.875000000000000000e+00 6.072244791473857539e-01
5.000000000000000000e-01 3.554754997107334447e-02
6.250000000000000000e-01 7.459783990128210363e-02
6.250000000000000000e-01 1.020296879281916702e-01
2.375000000000000000e+00 3.844807821803550851e-01
3.750000000000000000e+00 6.010329646600189868e-01
1.875000000000000000e+00 2.665533935160659951e-01
3.750000000000000000e-01 2.767207993556208834e-02
7.500000000000000000e-01 6.601045123456539265e-02
3.750000000000000000e-01 3.273212957468851769e-02
8.750000000000000000e-01 1.411619965948556210e-01
1.375000000000000000e+00 1.674342510682738094e-01
5.000000000000000000e-01 4.148705521169593347e-02
2.625000000000000000e+00 3.413412022034072457e-01
3.750000000000000000e-01 2.582174598986397562e-02
2.250000000000000000e+00 3.769443346682230800e-01
1.500000000000000000e+00 1.184396565776459909e-01
6.250000000000000000e-01 6.454298746972497725e-02
1.250000000000000000e-01 9.066592784144233974e-03
5.000000000000000000e-01 4.035727684710121999e-02
3.750000000000000000e-01 2.848305487508073774e-02
3.750000000000000000e-01 2.615650617812215195e-02
3.750000000000000000e-01 2.648250838514010219e-02
2.500000000000000000e-01 1.652238854621645991e-02
3.750000000000000000e-01 4.062993075889420602e-02
6.250000000000000000e-01 1.027039320438045689e-01
1.125000000000000000e+00 1.075491776532289112e-01
1.250000000000000000e-01 7.793113253657057982e-03
7.500000000000000000e-01 1.020160532474363446e-01
6.250000000000000000e-01 5.506316678187173075e-02
1.750000000000000000e+00 2.457851300047545484e-01
3.750000000000000000e-01 2.709196623013687688e-02
5.000000000000000000e-01 5.275082525833219016e-02
1.375000000000000000e+00 2.326853826967437699e-01
5.000000000000000000e-01 4.516076445606154177e-02
1.500000000000000000e+00 1.660065075608700980e-01
5.000000000000000000e-01 4.495112140334622808e-02
8.750000000000000000e-01 1.445725011539497062e-01
1.000000000000000000e+00 2.081252003254950855e-01
1.000000000000000000e+00 1.369799288324765607e-01
2.500000000000000000e-01 1.600647011972089473e-02
7.500000000000000000e-01 1.359150083387447583e-01
5.000000000000000000e-01 6.586469630879887571e-02
3.750000000000000000e-01 3.386546436846826769e-02
2.500000000000000000e-01 1.866348762120972893e-02
2.500000000000000000e-01 1.567692769697659472e-02
2.500000000000000000e-01 1.711659109713681293e-02
3.750000000000000000e-01 2.710068998027637122e-02
1.250000000000000000e-01 7.197631430934103847e-03
2.500000000000000000e+00 3.347181450651500745e-01
4.375000000000000000e+00 1.850791960854689666e+00
3.750000000000000000e-01 3.030095038782529282e-02
1.000000000000000000e+00 1.147194896167054584e-01
2.500000000000000000e-01 1.652771416841011809e-02
3.750000000000000000e-01 2.578921254528987461e-02
2.500000000000000000e-01 1.535385480491147092e-02
3.750000000000000000e-01 2.560552218009304326e-02
1.250000000000000000e-01 9.230115164401642147e-03
2.500000000000000000e-01 1.726836203549586557e-02
3.750000000000000000e-01 2.986450629585624128e-02
2.500000000000000000e-01 1.518556980161056558e-02
3.750000000000000000e-01 2.605865494389902892e-02
3.750000000000000000e-01 3.504194947516348080e-02
2.500000000000000000e-01 1.700487625074753595e-02
3.750000000000000000e-01 2.411827701302504678e-02
6.250000000000000000e-01 7.507430980135731957e-02
1.750000000000000000e+00 2.006405352090148142e-01
8.750000000000000000e-01 1.535496714381201500e-01
3.750000000000000000e-01 2.623804602427659560e-02
2.500000000000000000e-01 2.003931506967848719e-02
2.000000000000000000e+00 2.661404619524025961e-01
1.750000000000000000e+00 6.742112539821412120e-01
8.750000000000000000e-01 1.414728638411211215e-01
3.750000000000000000e-01 3.406078302520443302e-02
3.750000000000000000e-01 2.829624067286840017e-02
2.000000000000000000e+00 2.040343696287405528e-01
1.250000000000000000e-01 8.344957553107157366e-03
6.250000000000000000e-01 8.487192456361603021e-02
2.500000000000000000e-01 2.317475962555626268e-02
3.750000000000000000e-01 4.395138722128510977e-02
5.000000000000000000e-01 4.552703769209953677e-02
2.500000000000000000e-01 1.658596754637731152e-02
6.250000000000000000e-01 4.643967756458966534e-02
1.125000000000000000e+00 7.743923130328145277e-02
5.000000000000000000e-01 4.143101453044195637e-02
5.000000000000000000e-01 5.239434664934217167e-02
1.250000000000000000e-01 7.448880521057521520e-03
3.750000000000000000e-01 2.608075040100121811e-02
2.500000000000000000e-01 1.750176435015848853e-02
3.750000000000000000e-01 3.087783114114772687e-02
3.750000000000000000e-01 2.584316770785788364e-02
3.750000000000000000e-01 3.012761711135159004e-02
3.750000000000000000e-01 3.511010450545093420e-02
6.250000000000000000e-01 3.895633860711900098e-02
5.000000000000000000e-01 4.989366036455145093e-02
1.375000000000000000e+00 1.351683333644300156e-01
3.750000000000000000e-01 2.808134982883370157e-02
7.500000000000000000e-01 6.083599803752148816e-02
6.250000000000000000e-01 4.185951290158351767e-02
1.250000000000000000e+00 2.322689292593782540e-01
2.500000000000000000e-01 2.129135351742927895e-02
1.500000000000000000e+00 1.819612272169992551e-01
1.000000000000000000e+00 1.599390491300591854e-01
1.625000000000000000e+00 2.704993626960812136e-01
3.750000000000000000e-01 2.866766371286244564e-02
7.500000000000000000e-01 8.304164282960124766e-02
7.500000000000000000e-01 7.060842846810988505e-02
8.750000000000000000e-01 1.226145210240874306e-01
3.750000000000000000e-01 3.475296954557860474e-02
2.500000000000000000e-01 1.594273046936534044e-02
7.500000000000000000e-01 9.846471474178031258e-02
1.500000000000000000e+00 2.047426221576365002e-01
1.125000000000000000e+00 1.907078433075752866e-01
6.250000000000000000e-01 4.963701970100453664e-02
1.375000000000000000e+00 1.374193952698881116e-01
1.250000000000000000e+00 1.300240336876361535e-01
6.250000000000000000e-01 7.765228760795794827e-02
2.500000000000000000e-01 1.462319627463015692e-02
2.500000000000000000e-01 2.207685123181946096e-02
2.500000000000000000e-01 1.852666599294638949e-02
3.750000000000000000e-01 3.972907537945080669e-02
1.250000000000000000e+00 1.375577225515987045e-01
5.000000000000000000e-01 3.867836370324106987e-02
1.125000000000000000e+00 1.841838030321691910e-01
3.750000000000000000e-01 3.792106143537155027e-02
6.250000000000000000e-01 7.913563258596645333e-02
5.000000000000000000e-01 5.305221552121075490e-02
2.500000000000000000e-01 1.502347610948828738e-02
2.500000000000000000e-01 1.732022950308365061e-02
2.500000000000000000e-01 2.001071983132129972e-02
2.500000000000000000e-01 1.939814383331261993e-02
5.000000000000000000e-01 4.832483060150627452e-02
5.000000000000000000e-01 5.403271571162449050e-02
2.500000000000000000e-01 1.962972545237962052e-02
2.500000000000000000e-01 1.717298046101634057e-02
5.000000000000000000e-01 4.561508056730101401e-02
5.000000000000000000e-01 4.670622026412551975e-02
5.000000000000000000e-01 5.666083494316920266e-02
1.000000000000000000e+00 1.162182180355570971e-01
6.250000000000000000e-01 8.414196893021097523e-02
1.250000000000000000e-01 7.925514827967994336e-03
3.750000000000000000e-01 3.191038875275564735e-02
5.000000000000000000e-01 5.249196923753052246e-02
2.500000000000000000e-01 1.749258657363483849e-02
3.750000000000000000e-01 2.961790201538683220e-02
7.500000000000000000e-01 1.056260404176398993e-01
7.500000000000000000e-01 9.300740237286353462e-02
3.750000000000000000e-01 2.838902405174659194e-02
2.500000000000000000e-01 2.094914151325522056e-02
2.500000000000000000e-01 1.613971734672370317e-02
3.750000000000000000e-01 2.577711691794881688e-02
3.750000000000000000e-01 4.277628984482939600e-02
5.000000000000000000e-01 7.044431560934327763e-02
5.000000000000000000e-01 5.224013012697792391e-02
1.375000000000000000e+00 1.613650993963826608e-01
5.000000000000000000e-01 5.304846924470707492e-02
7.500000000000000000e-01 5.954424158975513137e-02
3.750000000000000000e-01 4.088195711680775446e-02
1.125000000000000000e+00 1.596502364553051834e-01
5.000000000000000000e-01 8.565612787900889202e-02
1.750000000000000000e+00 3.201701250318391700e-01
7.500000000000000000e-01 1.026373658474319939e-01
5.000000000000000000e-01 4.312739145182398204e-02
6.250000000000000000e-01 5.614581713759658754e-02
1.000000000000000000e+00 1.589631741361419159e-01
6.250000000000000000e-01 8.084816075346212827e-02
1.250000000000000000e+00 2.608832880992151271e-01
5.000000000000000000e-01 4.975423839936055082e-02
5.000000000000000000e-01 5.795118100564189412e-02
6.250000000000000000e-01 5.172061340375155858e-02
3.750000000000000000e-01 2.844806205566507984e-02
6.250000000000000000e-01 5.905517592584663689e-02
2.500000000000000000e-01 1.643217418921905093e-02
1.250000000000000000e-01 7.385348437430661050e-03
5.000000000000000000e-01 4.632344713025693395e-02
5.000000000000000000e-01 3.784715632952062592e-02
3.750000000000000000e-01 3.441695968838098807e-02
6.250000000000000000e-01 7.100231990996430653e-02
6.250000000000000000e-01 1.012373808873725523e-01
3.750000000000000000e-01 3.176594231409612945e-02
3.750000000000000000e-01 3.003452308535825566e-02
2.500000000000000000e-01 1.543643111492931652e-02
2.500000000000000000e-01 1.950188596471047475e-02
2.500000000000000000e-01 2.101147894413024630e-02
2.500000000000000000e-01 1.562699029322756061e-02
1.000000000000000000e+00 1.259164971105803943e-01
1.125000000000000000e+00 1.404049100240607473e-01
3.750000000000000000e-01 3.011316122047968946e-02
6.250000000000000000e-01 5.830219903259425962e-02
3.750000000000000000e-01 3.233573727204808179e-02
2.500000000000000000e-01 1.893622294515440174e-02
3.750000000000000000e-01 3.196822389888653859e-02
3.750000000000000000e-01 3.480936800203870973e-02
3.750000000000000000e-01 3.389945335511912461e-02
2.500000000000000000e-01 1.809448366533938923e-02
1.125000000000000000e+00 1.452655476894975095e-01
6.250000000000000000e-01 5.595023095106865796e-02
3.750000000000000000e-01 2.859008661320361355e-02
3.750000000000000000e-01 2.749938428777243260e-02
5.000000000000000000e-01 3.956518189516877726e-02
6.250000000000000000e-01 5.767790406763539934e-02
2.000000000000000000e+00 4.408384559512272816e-01
2.500000000000000000e-01 1.726621067506428631e-02
2.500000000000000000e-01 1.551711001139155499e-02
3.750000000000000000e-01 3.208539784145214568e-02
3.750000000000000000e-01 2.869080595356754415e-02
1.250000000000000000e-01 7.268678097198222332e-03
5.000000000000000000e-01 6.122875552040207836e-02
3.750000000000000000e-01 5.857229968982080592e-02
6.250000000000000000e-01 1.068854060551402974e-01
5.000000000000000000e-01 5.258142717302138891e-02
5.000000000000000000e-01 3.860029915150997581e-02
1.125000000000000000e+00 2.370785540140829539e-01
6.250000000000000000e-01 7.330557795492875783e-02
3.750000000000000000e-01 3.487349371639947293e-02
3.750000000000000000e-01 3.869179798989419439e-02
3.750000000000000000e-01 3.223585229582948131e-02
1.250000000000000000e-01 7.369210054007702126e-03
3.750000000000000000e-01 3.105309437373016124e-02
6.250000000000000000e-01 7.111890454082825386e-02
5.000000000000000000e-01 5.338206295330305551e-02
6.250000000000000000e-01 6.594162348239862581e-02
5.000000000000000000e-01 4.306566985632320765e-02
2.500000000000000000e-01 2.105619505569045202e-02
1.250000000000000000e-01 7.273902659311826113e-03
6.250000000000000000e-01 4.373456826039578971e-02
2.500000000000000000e-01 1.534583612278472842e-02
1.375000000000000000e+00 1.331134755276668358e-01
1.250000000000000000e-01 8.648420940416734481e-03
5.000000000000000000e-01 3.517205399121881015e-02
3.750000000000000000e-01 4.168949644029140700e-02
2.500000000000000000e-01 2.037236293873778692e-02
1.000000000000000000e+00 1.525186017573445518e-01
3.750000000000000000e-01 3.042620704574483526e-02
2.500000000000000000e-01 1.684492405198856346e-02
5.000000000000000000e-01 5.311977891599006796e-02
2.500000000000000000e-01 1.855089251596275801e-02
1.250000000000000000e-01 7.406060022661975495e-03
5.000000000000000000e-01 4.641424857699494311e-02
7.500000000000000000e-01 6.880435609626367466e-02
5.000000000000000000e-01 4.718801412051387700e-02
3.750000000000000000e-01 3.700366502386964740e-02
1.250000000000000000e-01 7.514404208622593728e-03
6.250000000000000000e-01 4.092490618922095535e-02
2.500000000000000000e-01 1.581920675954995303e-02
5.000000000000000000e-01 4.180419740446339461e-02
7.500000000000000000e-01 9.804247214856154358e-02
3.750000000000000000e-01 2.790328708254019574e-02
1.250000000000000000e-01 8.034828213102862549e-03
5.000000000000000000e-01 4.386139725777749021e-02
7.500000000000000000e-01 8.782287940498667567e-02
3.750000000000000000e-01 2.501232905136419049e-02
2.500000000000000000e-01 1.973186117245351312e-02
7.500000000000000000e-01 1.261686908662698059e-01
6.250000000000000000e-01 8.036901951968955515e-02
2.500000000000000000e+00 2.904088710627168446e-01
3.750000000000000000e-01 2.949424079315310365e-02
3.750000000000000000e-01 3.436047347341331104e-02
2.500000000000000000e-01 1.707273481137416837e-02
6.250000000000000000e-01 1.008660693169853850e-01
5.000000000000000000e-01 5.815669459763306293e-02
5.000000000000000000e-01 4.449643349921750257e-02
6.250000000000000000e-01 8.340092977290458620e-02
2.500000000000000000e-01 1.562413420319685997e-02
1.250000000000000000e+00 1.060476298612957891e-01
2.875000000000000000e+00 4.169468286923634359e-01
1.250000000000000000e-01 7.316668372912893403e-03
1.875000000000000000e+00 2.464711988916601371e-01
6.250000000000000000e-01 7.244131178228752077e-02
2.000000000000000000e+00 2.242132699155718889e-01
3.750000000000000000e-01 4.507805138206455453e-02
6.250000000000000000e-01 6.477006121345363354e-02
1.250000000000000000e-01 9.517449872352923279e-03
2.500000000000000000e-01 1.585631530920794674e-02
1.250000000000000000e-01 7.853457535825558722e-03
3.750000000000000000e-01 4.942454429667764160e-02
2.500000000000000000e-01 2.337597468211116691e-02
3.750000000000000000e-01 3.222791207058639529e-02
2.500000000000000000e-01 1.679428188026488300e-02
6.250000000000000000e-01 8.456339852471783658e-02
6.250000000000000000e-01 9.057915836166863244e-02
3.750000000000000000e-01 2.562864933509034771e-02
5.000000000000000000e-01 4.203116405165507885e-02
5.000000000000000000e-01 4.752099192886660717e-02
6.250000000000000000e-01 5.649104362069445884e-02
6.250000000000000000e-01 6.986952355459985498e-02
8.750000000000000000e-01 1.022444283150338862e-01
7.500000000000000000e-01 1.373748060918804637e-01
3.750000000000000000e-01 2.688981739254359127e-02
3.750000000000000000e-01 2.819557617017531825e-02
7.500000000000000000e-01 1.006314793082367931e-01
3.750000000000000000e-01 3.315033596559779916e-02
2.500000000000000000e-01 1.859824351174355073e-02
3.750000000000000000e-01 2.807486674340387012e-02
6.250000000000000000e-01 8.825194823195814386e-02
5.000000000000000000e-01 3.833092124458814531e-02
2.500000000000000000e-01 1.573469004437733076e-02
3.750000000000000000e-01 4.578198026633151230e-02
3.750000000000000000e-01 4.572494959777917423e-02
3.750000000000000000e-01 2.939306769530070085e-02
3.750000000000000000e-01 2.545848362730729342e-02
2.500000000000000000e-01 2.075087731019964465e-02
2.500000000000000000e-01 1.626028743838103807e-02
2.500000000000000000e-01 1.978937866336805129e-02
3.750000000000000000e-01 3.465871236040607428e-02
5.000000000000000000e-01 3.836000461245703264e-02
1.250000000000000000e-01 8.733681557294925568e-03
1.250000000000000000e-01 7.868726842344742067e-03
5.000000000000000000e-01 6.696375527404807571e-02
3.750000000000000000e-01 3.673626216115932763e-02
3.750000000000000000e-01 2.876129853783249146e-02
5.000000000000000000e-01 5.884869501957501470e-02
2.500000000000000000e-01 1.600888901483710214e-02
2.500000000000000000e-01 1.670492669083589732e-02
5.000000000000000000e-01 3.787959046531019780e-02
7.500000000000000000e-01 9.271403393333876863e-02
3.750000000000000000e-01 2.677369627050829592e-02
5.000000000000000000e-01 3.714772210497363503e-02
2.500000000000000000e-01 2.015526899526154381e-02
6.250000000000000000e-01 5.645500108222822888e-02
3.750000000000000000e-01 2.928070063211407614e-02
2.500000000000000000e-01 1.650447329065851676e-02
5.000000000000000000e-01 4.654346872743753138e-02
5.000000000000000000e-01 5.920398480300725907e-02
