# size duration
2.875000000000000000e+00 1.131919387116296605e+01
3.125000000000000000e+00 7.314744881906406704e+00
3.000000000000000000e+00 2.567553568542423559e+00
8.750000000000000000e-01 2.897843596307638769e-01
1.250000000000000000e-01 1.533329365912150521e-02
2.500000000000000000e-01 3.523885086645694997e-02
2.500000000000000000e-01 4.010840118269598520e-02
2.500000000000000000e-01 3.450327701413957726e-02
1.250000000000000000e-01 1.522227149878085939e-02
2.500000000000000000e+00 1.083484390564176891e+00
2.500000000000000000e-01 4.669445212349465635e-02
3.750000000000000000e-01 1.293910547194689897e-01
5.000000000000000000e-01 1.188679512956261064e-01
5.000000000000000000e-01 1.657970494347762447e-01
3.750000000000000000e-01 6.930569532253283427e-02
1.250000000000000000e-01 1.948179859722731777e-02
1.250000000000000000e-01 1.875194424930537451e-02
3.750000000000000000e-01 1.032151171671960022e-01
5.000000000000000000e-01 9.739231075852794461e-02
5.000000000000000000e-01 1.214292591004491051e-01
1.250000000000000000e-01 1.779584664216260492e-02
1.250000000000000000e-01 1.769918121081781592e-02
3.750000000000000000e-01 6.013413080723895021e-02
2.500000000000000000e-01 3.534860143452434045e-02
7.500000000000000000e-01 3.087608022134578079e-01
3.750000000000000000e-01 8.518639715576714622e-02
1.875000000000000000e+00 1.142970568893606487e+00
1.250000000000000000e-01 1.549878116572767084e-02
2.500000000000000000e-01 4.348905908118760877e-02
3.750000000000000000e-01 6.108519345197738204e-02
2.500000000000000000e-01 4.357472541866247440e-02
3.750000000000000000e-01 6.656084829340080944e-02
5.000000000000000000e-01 1.511796921479096056e-01
5.000000000000000000e-01 1.537265462116161885e-01
5.000000000000000000e-01 1.701732775831494848e-01
2.500000000000000000e-01 3.069412540938998291e-02
3.500000000000000000e+00 4.778190974871726837e+00
2.125000000000000000e+00 1.460983227025254072e+00
8.750000000000000000e-01 6.201765688352409711e-01
1.625000000000000000e+00 1.078542462380689182e+00
1.250000000000000000e-01 1.751705501614075899e-02
6.250000000000000000e-01 1.418804339589834207e-01
1.000000000000000000e+00 4.947187814527024274e-01
5.000000000000000000e-01 1.038787308436911472e-01
6.250000000000000000e-01 1.733869834331127624e-01
3.750000000000000000e-01 5.656815540926540820e-02
3.750000000000000000e-01 7.339928333164280616e-02
5.000000000000000000e-01 1.102237458605412890e-01
6.250000000000000000e-01 1.191221250559084677e-01
2.500000000000000000e-01 3.871976685324529655e-02
6.250000000000000000e-01 2.033303091833722487e-01
6.250000000000000000e-01 1.609798262001038704e-01
3.750000000000000000e-01 1.125229592489325192e-01
8.750000000000000000e-01 2.442437515977924356e-01
5.000000000000000000e-01 1.048941122342350596e-01
2.500000000000000000e-01 3.535779686949958034e-02
4.250000000000000000e+00 2.904596164776715117e+00
8.750000000000000000e-01 4.562161593365173795e-01
3.750000000000000000e-01 6.679946528181296417e-02
7.500000000000000000e-01 2.383979889634611493e-01
7.500000000000000000e-01 1.736933254259630521e-01
5.000000000000000000e-01 1.577747766831322784e-01
3.750000000000000000e-01 9.883895697730615826e-02
3.750000000000000000e-01 6.658556210009580756e-02
3.750000000000000000e-01 5.656559610127032123e-02
2.500000000000000000e-01 3.172410508203715729e-02
3.750000000000000000e-01 6.676104062773946524e-02
2.500000000000000000e-01 5.666650465716260854e-02
1.250000000000000000e-01 2.198517958860968236e-02
5.000000000000000000e-01 9.052026191674134026e-02
2.500000000000000000e-01 4.269820304409055467e-02
2.500000000000000000e-01 4.863964487972882722e-02
1.250000000000000000e-01 1.546898105546645752e-02
1.250000000000000000e-01 1.609272016441209985e-02
2.500000000000000000e-01 3.362993696176364011e-02
3.750000000000000000e-01 6.126378134663656994e-02
7.500000000000000000e-01 1.916758234408586503e-01
2.500000000000000000e-01 4.438939960465670964e-02
5.000000000000000000e-01 1.347585294173407888e-01
4.500000000000000000e+00 2.792760284843307517e+00
3.750000000000000000e-01 8.348226345772813417e-02
5.000000000000000000e-01 1.130453238826216733e-01
7.500000000000000000e-01 2.048076077824649843e-01
6.250000000000000000e-01 1.563328899766029956e-01
8.750000000000000000e-01 2.757714700601057167e-01
1.375000000000000000e+00 4.650786750986957152e-01
5.000000000000000000e-01 1.035001203719279061e-01
1.250000000000000000e-01 1.521466847695984725e-02
2.500000000000000000e-01 4.027493325111963784e-02
2.500000000000000000e-01 3.745074670800230265e-02
2.500000000000000000e-01 3.687867918608978002e-02
2.500000000000000000e-01 3.827974901569675126e-02
1.250000000000000000e-01 1.584266888619811908e-02
2.500000000000000000e-01 3.793492263055053826e-02
1.000000000000000000e+00 1.833566982489802655e-01
1.125000000000000000e+00 2.870310061656944356e-01
7.500000000000000000e-01 2.474116027974755383e-01
6.250000000000000000e-01 1.347556364369491000e-01
1.500000000000000000e+00 3.517148823646247813e-01
1.250000000000000000e-01 1.785596675120171284e-02
2.500000000000000000e-01 4.236057314733976398e-02
5.000000000000000000e-01 1.314636790678194167e-01
3.750000000000000000e-01 6.048072102514856496e-02
3.750000000000000000e+00 2.877905339298784337e+00
2.500000000000000000e-01 4.189031418917266159e-02
2.500000000000000000e-01 4.195049458827204703e-02
5.000000000000000000e-01 1.366311433005868992e-01
3.750000000000000000e-01 6.358912848815378993e-02
2.500000000000000000e-01 4.917394449652245925e-02
1.250000000000000000e-01 1.677209905980747706e-02
5.000000000000000000e-01 8.451349263362573083e-02
3.750000000000000000e-01 8.698726915552290606e-02
2.500000000000000000e-01 3.448356724055257061e-02
2.500000000000000000e-01 4.653591011756130769e-02
1.250000000000000000e-01 1.490430001152232009e-02
5.000000000000000000e-01 9.762341490711667902e-02
7.500000000000000000e-01 2.434606142569206710e-01
2.500000000000000000e-01 3.002677707553580433e-02
2.500000000000000000e-01 4.056034034612032713e-02
2.500000000000000000e-01 4.329022277053606871e-02
1.625000000000000000e+00 6.078755227833676500e-01
1.625000000000000000e+00 7.690471156615834580e-01
5.000000000000000000e-01 1.611366096925119784e-01
3.750000000000000000e-01 8.117967763710920437e-02
3.750000000000000000e-01 5.615356065965126930e-02
1.875000000000000000e+00 7.430990448130250225e-01
3.750000000000000000e-01 7.828763472779565191e-02
3.750000000000000000e-01 9.051742435365106587e-02
3.750000000000000000e-01 8.738055029448288380e-02
5.000000000000000000e-01 9.528732172233533859e-02
3.750000000000000000e-01 7.623908079666952275e-02
2.500000000000000000e-01 3.539572141184565979e-02
5.000000000000000000e-01 7.819995865477125108e-02
5.000000000000000000e-01 1.325393327953228173e-01
1.625000000000000000e+00 7.480983637959248700e-01
7.500000000000000000e-01 2.788557541901215409e-01
3.750000000000000000e-01 7.090822466666546475e-02
2.625000000000000000e+00 9.478579234636035356e-01
3.750000000000000000e-01 9.050719801365225692e-02
5.000000000000000000e-01 1.596314962917875224e-01
6.250000000000000000e-01 2.452144824659385769e-01
2.500000000000000000e-01 3.418930386309049219e-02
6.250000000000000000e-01 1.596011924849751740e-01
5.000000000000000000e-01 1.038690249877722849e-01
2.500000000000000000e-01 3.177663735276947676e-02
3.750000000000000000e-01 9.457450055004446021e-02
5.000000000000000000e-01 1.067640976790571461e-01
5.000000000000000000e-01 1.254994534932492023e-01
2.500000000000000000e-01 3.921353437882713067e-02
2.500000000000000000e-01 3.570744095908762183e-02
2.500000000000000000e-01 3.913366655118477588e-02
3.750000000000000000e-01 1.305721511268060908e-01
3.750000000000000000e-01 7.624782303418431439e-02
6.250000000000000000e-01 1.594799193880478416e-01
1.250000000000000000e-01 1.515670044452011034e-02
1.250000000000000000e-01 1.719319890816994878e-02
3.750000000000000000e-01 8.948379473184697730e-02
3.750000000000000000e-01 6.760930415196630960e-02
7.500000000000000000e-01 1.392198584830834918e-01
1.250000000000000000e-01 1.544608412377579398e-02
1.250000000000000000e-01 1.829483239507823100e-02
5.000000000000000000e-01 1.198684768016424762e-01
1.625000000000000000e+00 3.608816683762321453e-01
3.750000000000000000e-01 5.729098444987146266e-02
3.750000000000000000e-01 6.834903652696233678e-02
1.250000000000000000e-01 2.027608016804061108e-02
1.250000000000000000e-01 1.500519974270275725e-02
2.500000000000000000e-01 3.204678498397672826e-02
2.500000000000000000e-01 3.282579885436698319e-02
2.500000000000000000e-01 3.584896315700003555e-02
2.500000000000000000e-01 4.172902299186143082e-02
5.000000000000000000e-01 1.275646056624499813e-01
3.750000000000000000e-01 5.991830796879904497e-02
3.750000000000000000e-01 7.814770382877966881e-02
2.500000000000000000e-01 3.445298367684257457e-02
1.000000000000000000e+00 2.531404793654035146e-01
2.375000000000000000e+00 1.627001829471991678e+00
2.500000000000000000e-01 3.462220344802369176e-02
3.750000000000000000e-01 7.240125744051173484e-02
7.500000000000000000e-01 1.925409531143202901e-01
3.750000000000000000e-01 5.464881197659510192e-02
3.750000000000000000e-01 6.497714796136655480e-02
1.250000000000000000e-01 1.668200732493696492e-02
1.250000000000000000e-01 1.643572094010625761e-02
6.250000000000000000e-01 8.327545356192267434e-02
7.500000000000000000e-01 2.522955525511152430e-01
2.500000000000000000e-01 7.239818977158263280e-02
5.000000000000000000e-01 1.129393389048303220e-01
2.500000000000000000e-01 4.136327562613750786e-02
5.000000000000000000e-01 1.322508416068188808e-01
2.500000000000000000e-01 6.493623269987525148e-02
3.750000000000000000e-01 6.937034238143136022e-02
6.250000000000000000e-01 2.190852945739143465e-01
3.750000000000000000e-01 6.786905305263912780e-02
5.000000000000000000e-01 1.113603932070428293e-01
1.500000000000000000e+00 5.271987782348936946e-01
5.000000000000000000e-01 1.063237789335698125e-01
6.250000000000000000e-01 1.279407614984475750e-01
8.750000000000000000e-01 1.430854780031629581e-01
1.250000000000000000e-01 1.543887447179326244e-02
2.500000000000000000e-01 4.270715180656825538e-02
3.750000000000000000e-01 6.271692517686755508e-02
3.750000000000000000e-01 7.944356207069169784e-02
1.250000000000000000e-01 1.607035444487880937e-02
3.750000000000000000e-01 5.829171974134483847e-02
6.250000000000000000e-01 1.679360622027536998e-01
1.625000000000000000e+00 1.161805889349318832e+00
2.000000000000000000e+00 1.136353287905293996e+00
3.750000000000000000e-01 8.969783120719787561e-02
5.000000000000000000e-01 9.815297141865553243e-02
6.250000000000000000e-01 1.878228260797865090e-01
1.250000000000000000e-01 2.073149851849542813e-02
5.000000000000000000e-01 1.561425654295032217e-01
6.250000000000000000e-01 2.704093756827283812e-01
6.250000000000000000e-01 2.321344556078990262e-01
5.000000000000000000e-01 1.550079748685937453e-01
2.500000000000000000e-01 3.437354080566734638e-02
5.000000000000000000e-01 1.467474326992281863e-01
6.250000000000000000e-01 1.388182619474127577e-01
2.500000000000000000e-01 4.189504113379927119e-02
5.000000000000000000e-01 1.154606189466043098e-01
2.500000000000000000e-01 5.653574692568996696e-02
1.250000000000000000e-01 1.709906396012406127e-02
2.500000000000000000e-01 5.423201615105743834e-02
3.750000000000000000e-01 7.119204904799092404e-02
3.750000000000000000e-01 9.208868583736284918e-02
3.750000000000000000e-01 7.539947047811246250e-02
3.750000000000000000e-01 5.671925772132846433e-02
3.750000000000000000e-01 7.642731021993798279e-02
5.000000000000000000e-01 1.195734460510027297e-01
1.000000000000000000e+00 4.067709646207631202e-01
1.375000000000000000e+00 3.823459281230736639e-01
3.750000000000000000e-01 6.523762578257996658e-02
7.500000000000000000e-01 2.820839111920163678e-01
1.000000000000000000e+00 2.857869028020363356e-01
2.500000000000000000e-01 4.821361106906874028e-02
1.875000000000000000e+00 7.043767423955267226e-01
6.250000000000000000e-01 1.686041861675116049e-01
5.000000000000000000e-01 8.799471338058117986e-02
8.750000000000000000e-01 2.325797904840865016e-01
1.250000000000000000e-01 1.576578914074100446e-02
1.250000000000000000e-01 1.770395568512261875e-02
1.250000000000000000e-01 2.199126949514940144e-02
2.500000000000000000e-01 3.807150118348578971e-02
1.250000000000000000e-01 1.472950764549185720e-02
2.500000000000000000e-01 4.876426353329543772e-02
3.750000000000000000e-01 7.738726233600123905e-02
1.250000000000000000e-01 1.836882321167987442e-02
1.250000000000000000e-01 1.499131784035734327e-02
2.500000000000000000e-01 3.967930178589051948e-02
2.500000000000000000e-01 4.241322733412289381e-02
5.000000000000000000e-01 1.111161563146900733e-01
5.000000000000000000e-01 1.604978343945639985e-01
6.250000000000000000e-01 1.690490324090720975e-01
1.250000000000000000e+00 4.576471384974345469e-01
3.750000000000000000e-01 7.724823652012524633e-02
3.750000000000000000e-01 6.823607304752687952e-02
2.500000000000000000e-01 4.290576231845388833e-02
2.500000000000000000e-01 3.312278018439496208e-02
5.000000000000000000e-01 1.048442174992754161e-01
3.750000000000000000e-01 8.050383005410965964e-02
2.500000000000000000e-01 4.015623192570139111e-02
2.500000000000000000e-01 3.586197446258454491e-02
1.125000000000000000e+00 3.771753876890353574e-01
3.375000000000000000e+00 2.243757355484708782e+00
2.875000000000000000e+00 2.399223501777459244e+00
2.500000000000000000e-01 3.714066835918085341e-02
1.250000000000000000e-01 1.557294224234412328e-02
1.250000000000000000e-01 2.112139939459500848e-02
2.500000000000000000e-01 7.073914752367069236e-02
2.500000000000000000e-01 5.008381512680715186e-02
2.500000000000000000e-01 3.270886249851712169e-02
1.250000000000000000e-01 1.957711965766995021e-02
2.500000000000000000e-01 5.103338091740217131e-02
6.250000000000000000e-01 1.944659499413464721e-01
2.500000000000000000e-01 3.767793075717040807e-02
3.750000000000000000e-01 7.547651475047345571e-02
2.500000000000000000e-01 3.860076750717711391e-02
1.250000000000000000e-01 1.599728663112243154e-02
2.500000000000000000e-01 3.049868772821762164e-02
2.500000000000000000e-01 3.187224403833832653e-02
2.500000000000000000e+00 1.341252115646445642e+00
3.750000000000000000e-01 8.043505088593727592e-02
2.500000000000000000e-01 5.001236116923202246e-02
1.250000000000000000e-01 2.075818119985806121e-02
5.000000000000000000e-01 1.032421092070645585e-01
1.250000000000000000e-01 2.010234567140622985e-02
3.750000000000000000e-01 5.728910389537045234e-02
3.750000000000000000e-01 7.121078450408280247e-02
3.750000000000000000e-01 6.138788733275379883e-02
5.000000000000000000e-01 1.155633190480367389e-01
1.875000000000000000e+00 6.677138987024249239e-01
1.000000000000000000e+00 2.290666395282259238e-01
2.500000000000000000e-01 3.355516214784826090e-02
2.500000000000000000e-01 3.478617739481126847e-02
2.500000000000000000e-01 3.624610153200613638e-02
1.250000000000000000e-01 1.603286577793205936e-02
1.250000000000000000e-01 1.505816859970776633e-02
1.250000000000000000e-01 1.640262076160103888e-02
2.500000000000000000e-01 4.789967992151566989e-02
1.250000000000000000e-01 2.055215395908849274e-02
3.750000000000000000e-01 5.538895412495792314e-02
3.750000000000000000e-01 6.131403122828071872e-02
2.500000000000000000e-01 3.135680288081044154e-02
5.375000000000000000e+00 3.280626360041227763e+00
1.125000000000000000e+00 3.510575561554101220e-01
1.250000000000000000e-01 1.628003097435204438e-02
5.000000000000000000e-01 1.876401495066717384e-01
5.000000000000000000e-01 1.147880726986501010e-01
1.250000000000000000e-01 1.575064750435939409e-02
5.000000000000000000e-01 1.381480293184689234e-01
3.750000000000000000e-01 8.641824364183192664e-02
3.750000000000000000e-01 7.100507663868427244e-02
3.750000000000000000e-01 6.756121200256970383e-02
3.750000000000000000e-01 6.372248953912995617e-02
2.500000000000000000e-01 3.141995522806118046e-02
3.750000000000000000e-01 7.455868636981888287e-02
3.750000000000000000e-01 5.784765747299847050e-02
2.500000000000000000e-01 3.947376500869292926e-02
2.500000000000000000e-01 4.465659561456591931e-02
1.250000000000000000e-01 1.473263481948050568e-02
3.750000000000000000e-01 6.638623676739019430e-02
5.000000000000000000e-01 1.168448377992912235e-01
5.000000000000000000e-01 7.916082481485053890e-02
2.500000000000000000e-01 3.273164003713313619e-02
1.250000000000000000e-01 1.685158808837305955e-02
5.000000000000000000e-01 1.275430600167313244e-01
1.250000000000000000e-01 1.635881639743663740e-02
2.500000000000000000e-01 4.335278843200862653e-02
3.750000000000000000e-01 7.576484215478895834e-02
5.000000000000000000e-01 9.565188007170544182e-02
6.250000000000000000e-01 1.163447410361015955e-01
5.000000000000000000e-01 7.596338918729905743e-02
6.250000000000000000e-01 1.481138974375837414e-01
8.750000000000000000e-01 3.105238864608463878e-01
7.500000000000000000e-01 2.067015335593622716e-01
3.750000000000000000e-01 6.847088289504998926e-02
2.500000000000000000e-01 5.674391626073216344e-02
3.750000000000000000e-01 7.203066033866667439e-02
2.500000000000000000e-01 3.538167489283772227e-02
2.500000000000000000e-01 3.280419545192758690e-02
5.000000000000000000e-01 1.404793941801147916e-01
5.000000000000000000e-01 9.432471551354870698e-02
2.500000000000000000e-01 3.793300812219824181e-02
2.500000000000000000e-01 3.380563094299882110e-02
5.000000000000000000e-01 1.059657055982285989e-01
2.500000000000000000e-01 3.975330947846344998e-02
1.250000000000000000e-01 1.479657687790725262e-02
3.750000000000000000e-01 5.510679066448931351e-02
1.875000000000000000e+00 1.042819600246883027e+00
3.750000000000000000e-01 7.610756870417478837e-02
5.000000000000000000e-01 1.011031243718729655e-01
5.000000000000000000e-01 1.050993798691615133e-01
3.750000000000000000e-01 9.182614994011872867e-02
8.750000000000000000e-01 1.296586529459728965e-01
1.250000000000000000e+00 5.652250788430728257e-01
7.500000000000000000e-01 2.935934405109614787e-01
2.500000000000000000e-01 4.732528930971069414e-02
2.500000000000000000e-01 4.189357351994926759e-02
2.500000000000000000e-01 3.562855441743995044e-02
3.750000000000000000e-01 6.302321988609538295e-02
2.500000000000000000e-01 6.111147567212116272e-02
2.500000000000000000e-01 5.037522944470573805e-02
2.500000000000000000e-01 3.700656527110224303e-02
3.750000000000000000e-01 7.054831549240603294e-02
2.500000000000000000e-01 4.438074558398952263e-02
2.500000000000000000e-01 3.500024935239309798e-02
3.750000000000000000e-01 9.341064053159575664e-02
3.750000000000000000e-01 7.737183192868180015e-02
3.750000000000000000e-01 7.803675255229691743e-02
5.000000000000000000e-01 1.307181794872986913e-01
4.875000000000000000e+00 8.756983604278824274e+00
7.500000000000000000e-01 2.176599656871309740e-01
5.000000000000000000e-01 1.210573352643261602e-01
3.750000000000000000e-01 5.631240640715684531e-02
5.000000000000000000e-01 1.322540763871827285e-01
3.750000000000000000e-01 8.304955225010696163e-02
3.750000000000000000e-01 5.557505735342038733e-02
1.250000000000000000e-01 1.519188796964907051e-02
2.500000000000000000e-01 4.298012755961182207e-02
2.500000000000000000e-01 3.672393641143116561e-02
1.250000000000000000e-01 1.565682670491562456e-02
3.750000000000000000e-01 1.125715788579734894e-01
3.750000000000000000e-01 6.641745564368339849e-02
1.250000000000000000e-01 1.906939857218750700e-02
3.750000000000000000e-01 7.410995869602512998e-02
2.500000000000000000e-01 4.873646697377992387e-02
3.750000000000000000e-01 6.355193585241991627e-02
1.250000000000000000e-01 1.587886610931299458e-02
5.000000000000000000e-01 1.359295805651165034e-01
5.000000000000000000e-01 1.292083665131587566e-01
1.250000000000000000e-01 1.523346576697404142e-02
1.250000000000000000e-01 1.776586269066227075e-02
1.250000000000000000e-01 1.678922508611524478e-02
3.750000000000000000e-01 7.093803875801829584e-02
3.750000000000000000e-01 7.186040618859257378e-02
2.500000000000000000e-01 3.983069969402053268e-02
1.250000000000000000e-01 1.927707376480514156e-02
2.500000000000000000e-01 5.338720898141913196e-02
1.250000000000000000e-01 2.010618085554849443e-02
1.250000000000000000e-01 1.738929991998605651e-02
2.500000000000000000e-01 4.908717690444852622e-02
2.500000000000000000e-01 3.326268592293812887e-02
1.250000000000000000e-01 1.502082402195981103e-02
1.250000000000000000e-01 1.963719214149417525e-02
1.250000000000000000e-01 1.604425188168479011e-02
2.500000000000000000e-01 3.401893070054606838e-02
1.250000000000000000e-01 1.571024822454436531e-02
1.250000000000000000e-01 1.565766923014288992e-02
1.250000000000000000e-01 1.558151893680559397e-02
