# size duration
3.000000000000000000e+00 9.778535978329117029e+00
1.625000000000000000e+00 5.068525004395153744e+00
7.500000000000000000e-01 2.116383109502475435e-01
2.500000000000000000e+00 1.438135282047581676e+00
2.750000000000000000e+00 7.727317171093970316e-01
6.250000000000000000e-01 8.529514228832546507e-02
1.125000000000000000e+00 4.001661629135844223e-01
2.250000000000000000e+00 7.821274884146482975e-01
5.000000000000000000e-01 6.719501756134693693e-02
6.250000000000000000e-01 8.936745410395907641e-02
5.875000000000000000e+00 5.690591593307104290e+00
2.500000000000000000e-01 2.701404084818070928e-02
2.375000000000000000e+00 1.078938471989475678e+00
8.750000000000000000e-01 1.280068447939632925e-01
1.375000000000000000e+00 3.978674856292934159e-01
6.250000000000000000e-01 8.906240888984973125e-02
5.000000000000000000e-01 6.370291306180497770e-02
1.875000000000000000e+00 4.761952180435442550e-01
2.375000000000000000e+00 5.739327694818538994e-01
1.375000000000000000e+00 6.429815125105200480e-01
3.750000000000000000e-01 4.936819390801305829e-02
2.500000000000000000e-01 2.608189586428277806e-02
3.750000000000000000e+00 1.824354698971315969e+00
1.375000000000000000e+00 2.238672697038106563e-01
1.250000000000000000e-01 1.286526061089432460e-02
6.250000000000000000e-01 7.675911983922789616e-02
1.125000000000000000e+00 1.910790219771376641e-01
7.500000000000000000e-01 8.787395581496237895e-02
3.125000000000000000e+00 1.125553861563619584e+00
1.375000000000000000e+00 2.199153751583753369e-01
1.125000000000000000e+00 1.707320523499409326e-01
8.750000000000000000e-01 1.649598322118621674e-01
6.375000000000000000e+00 3.166520335372472239e+00
1.125000000000000000e+00 2.374530840338580084e-01
5.000000000000000000e-01 6.815004554602244191e-02
2.625000000000000000e+00 7.003296834503147661e-01
3.750000000000000000e-01 4.637928366792332113e-02
1.375000000000000000e+00 3.784652118699711743e-01
8.750000000000000000e-01 1.473762563324423347e-01
2.500000000000000000e-01 2.745927305066109270e-02
1.250000000000000000e+00 2.658824760379445706e-01
2.750000000000000000e+00 1.310101319870226710e+00
3.750000000000000000e-01 4.243237484400408377e-02
1.375000000000000000e+00 2.492978982641886887e-01
5.000000000000000000e-01 6.189307415648581667e-02
6.250000000000000000e-01 7.873243826343356844e-02
6.375000000000000000e+00 2.748106346014006274e+00
8.750000000000000000e-01 1.973616486276164039e-01
1.625000000000000000e+00 3.747431762912949438e-01
3.750000000000000000e-01 4.026656464409228420e-02
1.250000000000000000e-01 1.259621234260066558e-02
2.875000000000000000e+00 1.435267934568024817e+00
3.000000000000000000e+00 1.679482444491129822e+00
4.250000000000000000e+00 2.261230515328342072e+00
1.125000000000000000e+00 1.373841387779677348e-01
5.000000000000000000e-01 5.547022655981326267e-02
6.250000000000000000e+00 9.176056507123252715e+00
7.500000000000000000e-01 1.305536785102869857e-01
4.375000000000000000e+00 3.257716300902297135e+00
8.750000000000000000e-01 1.799091315481282649e-01
8.500000000000000000e+00 2.446527306577448879e+00
8.750000000000000000e-01 1.566941010539903978e-01
8.750000000000000000e-01 1.272319163073662995e-01
5.000000000000000000e-01 7.907620402127335524e-02
3.750000000000000000e-01 4.381131327513543283e-02
1.500000000000000000e+00 6.009734065072900311e-01
2.500000000000000000e-01 2.622568840271766177e-02
1.250000000000000000e+00 2.963505917969793124e-01
6.250000000000000000e-01 7.101602101777437781e-02
1.250000000000000000e+00 3.014815350421513607e-01
2.500000000000000000e-01 2.584372988658101278e-02
6.250000000000000000e-01 8.113489069653123664e-02
2.125000000000000000e+00 6.961615633288533722e-01
1.000000000000000000e+00 2.226298017480967673e-01
4.250000000000000000e+00 4.189401139981712596e+00
5.000000000000000000e-01 8.118309952047386702e-02
2.500000000000000000e-01 2.833129308952120340e-02
7.875000000000000000e+00 5.940177534993447139e+00
3.750000000000000000e-01 4.682424550780850403e-02
7.500000000000000000e-01 1.168447128827243553e-01
8.750000000000000000e-01 1.407922970614343683e-01
5.000000000000000000e-01 7.283807153695853742e-02
6.250000000000000000e-01 7.055073179754423052e-02
8.750000000000000000e-01 1.528010645137025669e-01
5.000000000000000000e-01 6.128863678144114147e-02
2.000000000000000000e+00 3.424315940107294232e-01
2.500000000000000000e-01 2.710941698565649816e-02
2.875000000000000000e+00 1.104651659664968033e+00
5.000000000000000000e-01 6.175171337861629084e-02
6.250000000000000000e-01 9.185910994751989023e-02
2.125000000000000000e+00 4.545393468729135300e-01
8.750000000000000000e-01 1.106258588660957720e-01
5.000000000000000000e-01 5.537664436369826859e-02
1.375000000000000000e+00 1.579755702514851201e-01
6.250000000000000000e-01 8.400413360856351375e-02
3.125000000000000000e+00 7.182023404981672243e-01
3.750000000000000000e-01 4.450435896704751926e-02
