# rg size
1.379522075841370743e+01 2.810000000000000000e+02
7.833722749682921815e+00 2.190000000000000000e+02
2.921489176271648613e+00 1.900000000000000000e+01
1.099958670914183045e+01 5.060000000000000000e+02
2.594593222819399525e+00 1.500000000000000000e+01
1.371392249083883996e+01 2.870000000000000000e+02
7.059446989303284070e+00 1.970000000000000000e+02
1.002188861962371291e+01 5.700000000000000000e+01
1.075440273488874965e+01 4.610000000000000000e+02
1.760218560707154767e+00 1.200000000000000000e+01
7.051999173757071970e-01 2.000000000000000000e+00
1.195923628679249173e+00 4.000000000000000000e+00
1.428957425989192176e+00 8.000000000000000000e+00
1.205449513838532916e+01 3.000000000000000000e+00
1.385898221577438028e+00 7.000000000000000000e+00
1.729158108745640243e+00 6.000000000000000000e+00
1.475945603185008448e+00 6.000000000000000000e+00
1.332593725908454907e+01 2.251000000000000000e+03
7.208285328936260283e-01 2.000000000000000000e+00
7.367323302829150711e-01 2.000000000000000000e+00
1.331011028754301506e+01 2.308000000000000000e+03
7.505846276959636798e-01 2.000000000000000000e+00
1.273934365672078783e+01 2.090000000000000000e+03
9.114181990763293717e-01 3.000000000000000000e+00
6.882495884488539772e-01 2.000000000000000000e+00
1.021540759411627519e+01 1.480000000000000000e+02
1.294008035796445810e+01 1.941000000000000000e+03
7.068102116787418066e-01 2.000000000000000000e+00
7.512533769974270026e-01 2.000000000000000000e+00
1.245614124919479693e+01 4.180000000000000000e+02
8.297391564488473037e+00 1.300000000000000000e+01
1.308864577775623239e+01 1.939000000000000000e+03
1.244992151772174083e+01 4.170000000000000000e+02
1.022206905671618671e+01 8.000000000000000000e+00
1.032768527886452237e+00 3.000000000000000000e+00
2.627134167161351730e+00 3.400000000000000000e+01
7.627914196122428381e-01 2.000000000000000000e+00
1.314495150887246133e+01 2.136000000000000000e+03
1.220644332614759620e+01 3.310000000000000000e+02
1.259106650122670601e+01 3.820000000000000000e+02
8.704561394818250974e+00 5.000000000000000000e+00
1.137661192518958586e+00 3.000000000000000000e+00
7.746656758456155201e-01 2.000000000000000000e+00
7.705298221573296802e-01 2.000000000000000000e+00
2.784947431249441330e+00 4.300000000000000000e+01
1.378300073381454283e+01 2.484000000000000000e+03
1.140335095354766892e+01 3.610000000000000000e+02
1.074627047799289237e+01 2.690000000000000000e+02
1.661228020762390756e+01 2.300000000000000000e+01
7.545018433818905246e-01 2.000000000000000000e+00
1.386915601715115365e+01 2.711000000000000000e+03
8.919463992627626681e+00 1.880000000000000000e+02
1.484332888211259771e+01 3.200000000000000000e+01
1.079067681196008621e+01 2.960000000000000000e+02
2.106947927607805582e+00 5.000000000000000000e+00
1.426708606035433569e+01 3.150000000000000000e+03
7.364542953684960480e-01 2.000000000000000000e+00
3.132598460475557456e+00 5.400000000000000000e+01
1.402578933800308469e+01 3.283000000000000000e+03
2.926110760355421281e+00 4.900000000000000000e+01
6.940877627025886509e-01 2.000000000000000000e+00
1.375659291627103897e+01 3.475000000000000000e+03
1.422438419457329406e+00 6.000000000000000000e+00
4.563148240339571338e+00 7.400000000000000000e+01
7.075481397052809651e-01 2.000000000000000000e+00
1.377490875106859214e+01 3.425000000000000000e+03
3.151301284206511788e+00 1.400000000000000000e+01
4.358347925880327267e+00 7.100000000000000000e+01
9.279649144549023676e-01 4.000000000000000000e+00
1.401583576148534505e+01 3.032000000000000000e+03
1.631173779922885814e+01 1.660000000000000000e+02
8.805109564155516821e+00 1.300000000000000000e+01
1.963901844233002070e+00 2.000000000000000000e+01
8.210787320485685159e-01 3.000000000000000000e+00
1.401060967680833080e+01 2.996000000000000000e+03
1.666305784900784204e+01 1.690000000000000000e+02
2.901141065026587640e+00 3.800000000000000000e+01
2.557432158580449144e+00 3.100000000000000000e+01
7.293433937453790428e-01 2.000000000000000000e+00
8.844048600427759643e-01 3.000000000000000000e+00
1.405817473160509046e+01 2.973000000000000000e+03
1.621791619863495626e+01 1.740000000000000000e+02
3.204898960088458093e+00 4.700000000000000000e+01
1.066394570016508725e+00 5.000000000000000000e+00
1.066517508078239196e+00 3.000000000000000000e+00
1.412124597367882473e+01 3.949000000000000000e+03
1.790556828842618486e+01 1.950000000000000000e+02
1.529391767691713033e+00 7.000000000000000000e+00
6.996784202284265231e-01 2.000000000000000000e+00
1.414284545341139143e+01 3.871000000000000000e+03
1.768865084185339498e+01 1.610000000000000000e+02
1.233789633122374108e+00 5.000000000000000000e+00
7.380638407233984788e-01 2.000000000000000000e+00
1.421623726802460297e+01 3.770000000000000000e+03
1.759161142159646829e+01 1.830000000000000000e+02
2.200530611514765589e+00 1.200000000000000000e+01
1.415174659980445249e+01 3.510000000000000000e+03
1.325850705437881594e+01 1.730000000000000000e+02
1.804462762993436087e+01 2.180000000000000000e+02
1.102031542307338796e+01 4.100000000000000000e+01
9.555355608029432180e-01 4.000000000000000000e+00
1.564016293407958447e+00 1.200000000000000000e+01
1.360502952156389433e+01 3.688000000000000000e+03
1.768693835839037831e+01 1.700000000000000000e+02
1.398538443271849552e+01 1.500000000000000000e+01
1.461170264084778347e+00 1.000000000000000000e+01
1.064900398413771709e+00 4.000000000000000000e+00
1.415430271284572683e+01 3.930000000000000000e+03
1.769249262876567030e+01 1.360000000000000000e+02
1.439110000081261376e+01 4.024000000000000000e+03
1.633972900961619956e+01 1.190000000000000000e+02
9.341477091316093606e+00 8.700000000000000000e+01
2.951210605603372006e+00 2.100000000000000000e+01
7.382296027885965062e-01 2.000000000000000000e+00
2.403035325324029969e+00 2.500000000000000000e+01
1.460095106106364504e+01 3.911000000000000000e+03
1.053227845881832048e+00 3.000000000000000000e+00
1.016505631130186060e+01 7.000000000000000000e+00
1.414367587052059960e+01 3.800000000000000000e+01
8.667733785917079103e+00 1.460000000000000000e+02
3.013957899554177811e+00 1.000000000000000000e+01
7.301841143962973790e-01 2.000000000000000000e+00
1.417408737967590371e+00 5.000000000000000000e+00
2.644212199792781437e+00 3.100000000000000000e+01
1.658342352751672966e+00 1.400000000000000000e+01
1.472212664533747173e+01 4.110000000000000000e+03
1.736156495146640921e+01 1.500000000000000000e+01
7.642552165998571789e-01 2.000000000000000000e+00
7.289810106259507094e+00 8.000000000000000000e+00
8.575465042665054938e+00 1.660000000000000000e+02
7.399509588986450392e-01 2.000000000000000000e+00
7.399694639960543441e+00 3.800000000000000000e+01
1.025155780005292172e+01 4.200000000000000000e+01
7.737243765278265517e-01 2.000000000000000000e+00
2.631683569618834984e+00 1.800000000000000000e+01
2.270483460583320401e+00 2.500000000000000000e+01
7.130653417932778515e-01 2.000000000000000000e+00
9.010931921763708274e+00 1.550000000000000000e+02
1.490431239932294183e+01 4.090000000000000000e+03
1.103047866988991821e+01 1.830000000000000000e+02
8.099494367537433348e+00 3.800000000000000000e+01
1.743564185944541478e+01 3.000000000000000000e+00
7.716053481759153065e-01 2.000000000000000000e+00
1.517401151444861984e+00 7.000000000000000000e+00
1.066594093077380290e+00 4.000000000000000000e+00
2.166778867789135976e+00 1.900000000000000000e+01
1.462742342523728389e+01 4.423000000000000000e+03
1.799773340999510474e+00 1.300000000000000000e+01
1.873107728258137072e+01 9.000000000000000000e+00
9.253039647433123349e+00 1.900000000000000000e+01
1.345232500375591833e+00 5.000000000000000000e+00
8.050151272907682953e-01 2.000000000000000000e+00
2.837966172335131709e+00 3.500000000000000000e+01
9.003826090397796023e+00 4.400000000000000000e+01
7.233769418843829513e-01 2.000000000000000000e+00
9.652787088612800659e+00 1.290000000000000000e+02
7.656668826259097616e-01 2.000000000000000000e+00
1.483206516842671796e+01 4.327000000000000000e+03
2.402256891076151923e+00 1.900000000000000000e+01
2.627996766232128856e+00 3.700000000000000000e+01
6.587981598401950301e+00 2.800000000000000000e+01
2.636802641981032203e+00 3.200000000000000000e+01
9.429458285062175094e+00 1.430000000000000000e+02
1.499274990792162576e+01 4.268000000000000000e+03
5.420122936862948215e+00 2.000000000000000000e+01
2.809316317671445074e+00 4.200000000000000000e+01
2.568705226551299070e+00 3.800000000000000000e+01
2.066362150813899401e+00 1.600000000000000000e+01
1.122446101269183316e+00 4.000000000000000000e+00
9.446065780464094175e+00 1.400000000000000000e+02
1.600083455728040960e+01 4.000000000000000000e+00
1.480020576181157743e+01 4.656000000000000000e+03
3.152494125878855247e+00 3.800000000000000000e+01
1.895305412862045102e+01 2.000000000000000000e+00
1.082979430959949241e+01 2.000000000000000000e+00
2.124427768668095684e+00 5.000000000000000000e+00
1.534288458084455575e+00 9.000000000000000000e+00
2.585494438599170053e+00 3.500000000000000000e+01
7.016526671604420562e-01 2.000000000000000000e+00
1.621022195428280632e+00 1.400000000000000000e+01
9.395463776010890555e+00 1.150000000000000000e+02
1.479133776215732610e+01 4.702000000000000000e+03
3.229888187663924271e+00 5.000000000000000000e+01
1.219871088093777800e+01 1.600000000000000000e+01
7.108058030503567881e-01 2.000000000000000000e+00
2.547301225225122145e+00 6.000000000000000000e+00
2.580037174077453255e+00 2.900000000000000000e+01
1.882929996604932432e+00 1.800000000000000000e+01
9.505478742469430031e+00 9.900000000000000000e+01
9.269510646469764081e-01 4.000000000000000000e+00
7.037457498869306161e-01 2.000000000000000000e+00
2.739330752894944432e+00 4.100000000000000000e+01
1.450615596107023997e+01 4.813000000000000000e+03
1.563775805502173455e+01 2.500000000000000000e+01
1.721163268280860192e+00 4.000000000000000000e+00
1.039443803072494710e+01 1.300000000000000000e+01
1.799664745487647011e+01 6.000000000000000000e+00
1.577647783590189645e+00 4.000000000000000000e+00
7.062542889309686434e-01 2.000000000000000000e+00
8.937987328544553245e-01 3.000000000000000000e+00
9.298203540674512269e+00 7.800000000000000000e+01
6.734716061080947558e-01 2.000000000000000000e+00
1.435546016795405144e+01 6.001000000000000000e+03
1.189927521259507159e+01 9.000000000000000000e+00
1.973004709651859034e+00 8.000000000000000000e+00
7.591866962743861746e-01 2.000000000000000000e+00
1.029197871383265195e+01 5.000000000000000000e+00
1.538330844451870760e+01 5.000000000000000000e+00
1.216904140800061151e+00 3.000000000000000000e+00
1.002248913959847165e+01 9.000000000000000000e+00
6.970142924168684084e-01 2.000000000000000000e+00
8.439015604346061794e-01 3.000000000000000000e+00
8.845377412966433095e-01 3.000000000000000000e+00
1.442318680321768731e+01 5.977000000000000000e+03
1.406576392064751069e+01 6.000000000000000000e+00
2.594294102368531085e+00 1.100000000000000000e+01
1.052074836858953510e+01 4.000000000000000000e+00
8.577546994895285382e-01 3.000000000000000000e+00
1.640711081387438375e+00 4.000000000000000000e+00
8.257543919003140331e+00 1.700000000000000000e+01
6.795082435237989049e-01 2.000000000000000000e+00
2.309346054940617066e+00 7.000000000000000000e+00
1.444093869150917975e+01 5.888000000000000000e+03
1.854529818901936267e+01 3.000000000000000000e+00
2.128765146442124667e+00 5.000000000000000000e+00
7.523067410970173396e-01 2.000000000000000000e+00
1.044378133876968739e+01 2.000000000000000000e+00
1.217856389369950998e+00 4.000000000000000000e+00
9.037027307144057886e+00 2.100000000000000000e+01
1.211597652941793557e+00 5.000000000000000000e+00
1.462031932591632888e+01 5.800000000000000000e+03
1.808750783966272735e+01 9.000000000000000000e+00
7.916690021299231939e-01 2.000000000000000000e+00
7.635702248723552188e+00 6.000000000000000000e+00
1.184789315910420804e+00 4.000000000000000000e+00
1.465884747362562024e+01 5.814000000000000000e+03
1.481920403554879417e+00 7.000000000000000000e+00
1.363693791041184822e+00 4.000000000000000000e+00
9.395778833153610732e-01 3.000000000000000000e+00
1.464317027077442646e+01 5.835000000000000000e+03
1.240920567229846672e+00 8.000000000000000000e+00
7.538510039568421250e-01 2.000000000000000000e+00
1.650870129132702813e+00 7.000000000000000000e+00
1.479139771176557083e+01 6.214000000000000000e+03
9.026502636374071908e-01 3.000000000000000000e+00
7.311880956135385912e-01 2.000000000000000000e+00
7.723344313407018991e-01 2.000000000000000000e+00
1.483345494220673544e+01 6.064000000000000000e+03
9.353435243961409906e-01 3.000000000000000000e+00
7.462030964378381093e-01 2.000000000000000000e+00
1.038691289215504465e+00 4.000000000000000000e+00
1.493981897089698485e+01 5.814000000000000000e+03
7.950029053991373829e+00 5.000000000000000000e+00
7.804335211367679825e+00 7.000000000000000000e+00
1.865661674884812271e+00 1.000000000000000000e+01
1.397161967938383098e+00 7.000000000000000000e+00
1.498907644171139530e+01 5.775000000000000000e+03
7.420494544031981832e+00 8.000000000000000000e+00
3.516954985785251342e+00 2.300000000000000000e+01
1.494560378230636566e+01 5.508000000000000000e+03
9.702917663278846305e+00 9.600000000000000000e+01
7.413656000835705306e+00 8.000000000000000000e+00
1.504025398407992320e+00 5.000000000000000000e+00
3.656902030868284470e+00 2.700000000000000000e+01
1.485307316651063303e+01 5.848000000000000000e+03
7.162013190205526181e-01 2.000000000000000000e+00
1.173782211696007938e+00 5.000000000000000000e+00
3.449700928963907121e+00 2.700000000000000000e+01
1.241372482064603711e+00 5.000000000000000000e+00
1.461669691564379114e+01 6.444000000000000000e+03
2.334420274836648268e+00 1.600000000000000000e+01
1.443881114910069563e+01 6.427000000000000000e+03
8.330658063939710090e+00 4.000000000000000000e+00
9.744701114367999573e-01 4.000000000000000000e+00
1.248243802723496332e+00 3.000000000000000000e+00
1.445810228693075672e+01 6.319000000000000000e+03
6.946518800812578887e-01 2.000000000000000000e+00
1.365082111327861725e+00 4.000000000000000000e+00
2.767110597478485978e+00 1.600000000000000000e+01
7.308782661976240824e-01 2.000000000000000000e+00
1.433840550455831675e+01 6.134000000000000000e+03
1.184457754511835326e+00 3.000000000000000000e+00
2.849302434298713660e+00 1.000000000000000000e+01
1.212349698725759373e+00 3.000000000000000000e+00
1.266605394400909246e+00 4.000000000000000000e+00
1.429732655320919399e+01 5.886000000000000000e+03
8.718691813878960417e+00 2.200000000000000000e+01
1.488313134382494241e+00 4.000000000000000000e+00
2.926382589113974309e+00 1.900000000000000000e+01
2.115349571842478849e+00 5.000000000000000000e+00
1.402944939125992185e+01 5.677000000000000000e+03
7.446020349042691278e-01 2.000000000000000000e+00
5.749412722868999737e+00 4.100000000000000000e+01
7.530504745035415670e-01 2.000000000000000000e+00
2.914563058345751134e+00 8.000000000000000000e+00
1.348343893424326012e+01 5.151000000000000000e+03
2.016227510916438348e+01 3.000000000000000000e+00
1.449139622904617841e+00 5.000000000000000000e+00
9.675617464246387911e+00 8.000000000000000000e+00
2.406730524227863821e+00 2.100000000000000000e+01
1.054776274842498474e+00 3.000000000000000000e+00
1.193569391425753023e+00 3.000000000000000000e+00
1.620152934769348407e+00 4.000000000000000000e+00
1.858921184900982837e+01 1.100000000000000000e+01
7.820321798583488304e-01 2.000000000000000000e+00
2.122812870399814500e+01 1.200000000000000000e+01
1.238891090419301344e+00 5.000000000000000000e+00
8.675976470181749889e-01 3.000000000000000000e+00
1.386112841425609687e+01 5.301000000000000000e+03
8.385105254755896853e-01 2.000000000000000000e+00
1.086693078812636415e+01 5.000000000000000000e+00
1.288804393459772868e+01 3.000000000000000000e+01
1.222281971602245054e+00 3.000000000000000000e+00
7.614343728566763669e-01 2.000000000000000000e+00
6.875438426020634708e-01 2.000000000000000000e+00
1.198838350484763060e+00 3.000000000000000000e+00
1.391089062503593077e+01 5.840000000000000000e+03
6.875621871268838836e-01 2.000000000000000000e+00
1.500583170396868615e+00 6.000000000000000000e+00
1.169270629479504775e+00 3.000000000000000000e+00
1.405900176146317726e+01 5.937000000000000000e+03
6.449418468616742173e-01 2.000000000000000000e+00
1.390749554551636891e+01 5.881000000000000000e+03
6.953534681490057823e-01 2.000000000000000000e+00
1.384402992962577983e+01 5.752000000000000000e+03
1.380237832281220811e+01 5.730000000000000000e+03
1.007055085240865822e+01 3.000000000000000000e+00
1.048479254126609250e+00 4.000000000000000000e+00
7.026494174433446371e-01 2.000000000000000000e+00
1.373899489337208202e+01 5.488000000000000000e+03
1.227297293876369544e+00 3.000000000000000000e+00
7.552649952170839009e-01 2.000000000000000000e+00
7.419066408030360327e-01 2.000000000000000000e+00
7.298231667100816278e-01 2.000000000000000000e+00
7.163625495056594739e-01 2.000000000000000000e+00
6.887792724574191006e-01 2.000000000000000000e+00
1.384120797794417257e+01 5.464000000000000000e+03
7.261304237761727620e-01 2.000000000000000000e+00
7.936258490836181068e-01 2.000000000000000000e+00
1.359975080666371383e+01 5.648000000000000000e+03
7.311173362285671162e-01 2.000000000000000000e+00
1.605598263205493259e+00 4.000000000000000000e+00
2.307411021602369772e+01 4.000000000000000000e+00
1.385797147167701837e+01 5.817000000000000000e+03
7.415485537373914804e-01 2.000000000000000000e+00
7.968951827771928453e-01 2.000000000000000000e+00
1.395045438741941446e+01 5.838000000000000000e+03
1.388322484403621004e+01 5.773000000000000000e+03
1.391054400114274614e+01 5.701000000000000000e+03
1.393743770293619733e+01 5.595000000000000000e+03
1.385211882161094898e+01 5.486000000000000000e+03
1.341400601939125714e+01 5.330000000000000000e+03
8.929260758752048943e-01 3.000000000000000000e+00
7.496940195842206611e-01 2.000000000000000000e+00
1.371631262902578818e+01 5.590000000000000000e+03
8.476506723712073921e-01 3.000000000000000000e+00
1.380404513968050928e+01 5.586000000000000000e+03
1.371373296502087769e+01 5.499000000000000000e+03
7.621136174045460843e-01 2.000000000000000000e+00
1.370842287592734010e+01 5.446000000000000000e+03
2.127767837577095733e+01 4.000000000000000000e+00
1.381189453106002496e+01 5.423000000000000000e+03
8.665934578912877218e-01 3.000000000000000000e+00
7.857321114732274125e-01 2.000000000000000000e+00
1.147519312352979215e+00 3.000000000000000000e+00
1.374361342597022784e+01 5.309000000000000000e+03
6.816462181129325781e-01 2.000000000000000000e+00
7.132373495786454853e-01 2.000000000000000000e+00
1.370048486767866613e+01 5.060000000000000000e+03
1.040152516993062015e+01 2.000000000000000000e+00
6.868949333778089361e-01 2.000000000000000000e+00
1.420476803407287214e+01 3.867000000000000000e+03
2.793848187636630342e+00 1.200000000000000000e+01
7.658982386714893176e-01 2.000000000000000000e+00
8.820892835891050998e-01 3.000000000000000000e+00
1.169270003068394015e+00 3.000000000000000000e+00
7.389299364623702626e-01 2.000000000000000000e+00
6.904709324077409338e-01 2.000000000000000000e+00
7.395496078470491508e-01 2.000000000000000000e+00
7.467315679015907870e-01 2.000000000000000000e+00
2.657320480752660696e+00 2.300000000000000000e+01
2.201619407333417655e+00 1.000000000000000000e+01
1.447614876321922317e+01 3.459000000000000000e+03
9.555410549547587173e-01 3.000000000000000000e+00
1.660924829062463193e+00 7.000000000000000000e+00
2.070266278902287649e+00 1.700000000000000000e+01
7.780369331423111490e-01 2.000000000000000000e+00
7.596818766212837248e-01 2.000000000000000000e+00
9.794822687006455197e+00 5.000000000000000000e+00
1.527439457620759500e+00 1.200000000000000000e+01
1.229441379892844743e+00 3.000000000000000000e+00
8.101985301835799902e+00 3.000000000000000000e+00
2.047082643992312434e+00 1.000000000000000000e+01
1.151446566669073412e+00 5.000000000000000000e+00
1.075624412925319850e+00 5.000000000000000000e+00
7.067534428645472211e-01 2.000000000000000000e+00
1.460636164112942836e+01 3.085000000000000000e+03
1.311043884399872628e+00 3.000000000000000000e+00
7.159432689351683532e-01 2.000000000000000000e+00
8.453890599331739253e+00 9.000000000000000000e+00
2.299769543704245578e+00 1.700000000000000000e+01
1.749573037870652437e+00 8.000000000000000000e+00
7.276365129651707342e-01 2.000000000000000000e+00
7.675232473135914502e-01 2.000000000000000000e+00
9.858448874860449962e+00 3.000000000000000000e+00
7.194955024187910109e-01 2.000000000000000000e+00
9.744326012944242166e+00 5.000000000000000000e+00
9.211509898354051096e-01 3.000000000000000000e+00
1.288699333323028329e+00 5.000000000000000000e+00
8.105962297321200438e+00 3.000000000000000000e+00
7.372185448247692285e-01 2.000000000000000000e+00
9.280122467089948479e-01 4.000000000000000000e+00
1.763292909174900336e+00 1.400000000000000000e+01
1.384344864469115421e+00 8.000000000000000000e+00
7.686886632444916989e-01 2.000000000000000000e+00
7.153612694531715777e-01 2.000000000000000000e+00
7.355777940959183914e-01 2.000000000000000000e+00
1.821933574929560429e+00 1.100000000000000000e+01
8.591513459140706077e-01 3.000000000000000000e+00
1.480950954967894084e+01 2.885000000000000000e+03
1.796328152366435393e+00 1.100000000000000000e+01
8.664935467948889913e-01 3.000000000000000000e+00
3.724122897971489543e+00 4.200000000000000000e+01
2.298159289724736265e+00 8.000000000000000000e+00
9.373219835965764801e-01 3.000000000000000000e+00
6.543061552769890987e-01 2.000000000000000000e+00
2.551306817996310539e+00 2.200000000000000000e+01
1.651231202269748399e+00 1.100000000000000000e+01
7.073779092536163215e-01 2.000000000000000000e+00
7.329659289321544868e+00 2.100000000000000000e+01
7.133484027227308122e-01 2.000000000000000000e+00
7.040246288305719302e-01 2.000000000000000000e+00
7.542338275804568726e-01 2.000000000000000000e+00
2.406953019292542351e+01 3.000000000000000000e+00
7.745157776529812965e-01 2.000000000000000000e+00
1.628373569560430001e+00 1.200000000000000000e+01
1.267829009406942209e+00 5.000000000000000000e+00
1.798329230624797992e+00 1.100000000000000000e+01
1.227688415705030067e+00 6.000000000000000000e+00
1.561769842744830994e+00 5.000000000000000000e+00
1.488116622957904944e+01 2.791000000000000000e+03
6.158965474242255489e+00 9.000000000000000000e+00
2.794686472020110557e+00 2.400000000000000000e+01
6.868893332748584601e-01 2.000000000000000000e+00
2.598351016886498499e+00 3.500000000000000000e+01
1.444595960970052051e+00 7.000000000000000000e+00
7.007691142000922468e-01 2.000000000000000000e+00
1.853242057056272873e+00 8.000000000000000000e+00
6.608328283313356089e-01 2.000000000000000000e+00
7.286116692045923049e-01 2.000000000000000000e+00
2.107244470886862064e+00 1.300000000000000000e+01
1.245469500165236942e+00 4.000000000000000000e+00
6.950089260817823300e-01 2.000000000000000000e+00
7.189341434837650535e-01 2.000000000000000000e+00
7.378276220771500249e-01 2.000000000000000000e+00
7.389263558583420988e+00 3.000000000000000000e+01
2.424253284231999928e+01 3.000000000000000000e+00
7.287605562418533189e-01 2.000000000000000000e+00
7.155883753946984394e-01 2.000000000000000000e+00
9.887065997406170315e-01 3.000000000000000000e+00
1.928294353258132476e+00 1.400000000000000000e+01
7.542217499966633598e-01 2.000000000000000000e+00
1.450087214068954822e+01 2.883000000000000000e+03
5.572531752056035792e+00 2.300000000000000000e+01
2.454675772188100069e+00 1.200000000000000000e+01
7.631131260610495293e-01 2.000000000000000000e+00
7.705704749513414553e-01 2.000000000000000000e+00
7.498991821907631250e-01 2.000000000000000000e+00
2.768357688691540197e+00 3.600000000000000000e+01
7.784277799941895504e-01 2.000000000000000000e+00
8.099156737545112339e-01 3.000000000000000000e+00
7.475843051684105678e-01 2.000000000000000000e+00
1.869032776782117988e+00 1.600000000000000000e+01
7.185018876564869039e+00 1.600000000000000000e+01
7.785607435747317950e+00 1.000000000000000000e+01
7.228531461046319162e-01 2.000000000000000000e+00
9.851852005665725498e-01 3.000000000000000000e+00
1.237557625804073247e+00 3.000000000000000000e+00
8.530340512504689388e-01 3.000000000000000000e+00
1.441698390460942036e+01 2.984000000000000000e+03
1.883091606928143147e+00 1.400000000000000000e+01
1.225622552501480333e+00 3.000000000000000000e+00
7.903275653175128035e-01 2.000000000000000000e+00
1.812649408713939092e+00 8.000000000000000000e+00
6.496428609249096375e-01 2.000000000000000000e+00
2.912848938826054557e+00 4.200000000000000000e+01
7.340124984178907352e-01 2.000000000000000000e+00
7.218844398519542738e-01 2.000000000000000000e+00
7.951617574492038543e+00 3.000000000000000000e+00
8.392604116872982800e+00 1.000000000000000000e+01
8.931761620031678506e-01 3.000000000000000000e+00
1.641181008527322849e+00 4.000000000000000000e+00
7.273585055988851522e-01 2.000000000000000000e+00
7.152737948972484050e-01 2.000000000000000000e+00
7.196878670648606535e-01 2.000000000000000000e+00
1.433680979983078885e+01 2.951000000000000000e+03
7.844968207392699622e-01 2.000000000000000000e+00
9.642753922246724008e-01 4.000000000000000000e+00
1.189477358565866894e+00 3.000000000000000000e+00
8.491145419004072492e-01 3.000000000000000000e+00
7.819470162147751369e-01 2.000000000000000000e+00
1.265788061625243932e+00 7.000000000000000000e+00
7.324900497620173700e-01 2.000000000000000000e+00
6.843321667874611158e-01 2.000000000000000000e+00
2.698712271052969847e+00 3.800000000000000000e+01
7.168273574115027191e-01 2.000000000000000000e+00
1.592549482664366467e+00 9.000000000000000000e+00
2.002543813747414081e+00 9.000000000000000000e+00
7.418780523106621727e-01 2.000000000000000000e+00
7.520002222518782364e-01 2.000000000000000000e+00
1.286350918933124587e+00 5.000000000000000000e+00
1.105881637173370624e+00 3.000000000000000000e+00
7.149473070331664459e-01 2.000000000000000000e+00
1.263891717115798397e+00 3.000000000000000000e+00
1.082103517914120072e+00 3.000000000000000000e+00
9.352804720953956652e-01 3.000000000000000000e+00
1.411767353862428642e+01 2.986000000000000000e+03
2.505020485877489822e+00 2.000000000000000000e+01
7.053192419039974181e-01 2.000000000000000000e+00
1.241296908908933183e+00 4.000000000000000000e+00
6.876048827876090064e-01 2.000000000000000000e+00
8.294622769536846851e-01 3.000000000000000000e+00
1.210989632613060696e+00 3.000000000000000000e+00
2.777473276475874719e+00 4.300000000000000000e+01
1.558961044194976386e+00 9.000000000000000000e+00
7.424062958759065189e+00 3.800000000000000000e+01
2.457571331356841249e+00 2.800000000000000000e+01
1.018943636648745876e+00 4.000000000000000000e+00
1.291242993677946149e+00 6.000000000000000000e+00
7.229684466375221330e-01 2.000000000000000000e+00
1.012087168862517927e+00 4.000000000000000000e+00
1.357779704871798288e+01 2.799000000000000000e+03
1.907549045368419627e+00 1.700000000000000000e+01
1.450688357989240673e+00 5.000000000000000000e+00
7.379080144797128815e-01 2.000000000000000000e+00
2.384804127280232944e+00 2.500000000000000000e+01
6.010283558710639795e+00 1.620000000000000000e+02
1.247994809806429073e+00 3.000000000000000000e+00
1.190238051203931890e+00 5.000000000000000000e+00
8.347968351552566446e+00 4.700000000000000000e+01
2.389974024807010267e+00 1.000000000000000000e+01
2.577258118892064687e+00 2.400000000000000000e+01
7.332404012331589227e-01 2.000000000000000000e+00
6.720987950691329482e-01 2.000000000000000000e+00
6.618766712916798189e-01 2.000000000000000000e+00
7.341550071341034212e-01 2.000000000000000000e+00
1.365199824936261130e+01 2.812000000000000000e+03
6.653654822247889733e+00 1.130000000000000000e+02
7.535144109439413374e-01 2.000000000000000000e+00
1.948827579098503682e+00 1.800000000000000000e+01
1.566733834873089259e+00 5.000000000000000000e+00
7.230031233220401976e-01 2.000000000000000000e+00
1.182869099363824228e+00 3.000000000000000000e+00
3.111961544995088591e+00 3.400000000000000000e+01
9.096318062986140873e+00 3.000000000000000000e+00
1.381783828947015236e+00 9.000000000000000000e+00
8.471313758474364519e+00 4.400000000000000000e+01
2.309520631958868808e+00 3.300000000000000000e+01
7.270087627855675860e-01 2.000000000000000000e+00
1.915830137825932811e+00 1.300000000000000000e+01
8.568847749155441562e-01 3.000000000000000000e+00
1.368274674828180437e+01 2.802000000000000000e+03
6.073257311277619586e+00 1.310000000000000000e+02
2.545568771216434545e+00 2.500000000000000000e+01
3.121878037771871117e+00 3.300000000000000000e+01
1.215334404164067239e+00 6.000000000000000000e+00
7.717569026795148002e-01 2.000000000000000000e+00
1.196653270203596131e+00 3.000000000000000000e+00
1.088338226533478448e+00 3.000000000000000000e+00
8.568909471402340827e+00 4.900000000000000000e+01
2.283439520513757870e+00 3.200000000000000000e+01
1.470252510249055122e+00 5.000000000000000000e+00
1.049851796461502396e+00 4.000000000000000000e+00
7.989438325411881703e-01 3.000000000000000000e+00
1.941842781157612663e+00 1.300000000000000000e+01
6.860151333366022453e-01 2.000000000000000000e+00
7.381182319487563648e-01 2.000000000000000000e+00
