# size duration
4.500000000000000000e+00 1.981518522139191774e-02
3.000000000000000000e+01 1.777135312302687176e+00
1.550000000000000000e+01 9.047720366090361566e-02
2.800000000000000000e+01 7.718301344563811561e-01
4.500000000000000000e+00 1.554096944440264139e-02
6.950000000000000000e+01 3.815242587866610524e+00
1.050000000000000000e+01 9.514923357260385295e-02
1.500000000000000000e+01 5.521186908284705375e-01
9.000000000000000000e+00 1.129391484704123094e-01
1.150000000000000000e+01 1.299829859498291551e-01
2.600000000000000000e+01 1.102988410049098977e+00
7.500000000000000000e+00 3.693809999330222027e-02
1.700000000000000000e+01 4.581330778804266757e-01
1.750000000000000000e+01 5.989476928718482363e-01
5.500000000000000000e+00 2.128839453188202668e-02
7.500000000000000000e+00 3.530417084904202696e-02
3.250000000000000000e+01 1.631739350509107567e+00
1.700000000000000000e+01 4.123057435458559183e-01
2.400000000000000000e+01 3.202111867986934257e-01
2.350000000000000000e+01 8.870349057484631095e-01
3.500000000000000000e+00 1.279301495206053296e-02
4.000000000000000000e+00 1.376221875145977602e-02
1.150000000000000000e+01 1.161513772743969497e-01
7.000000000000000000e+00 3.719156046031901752e-02
1.300000000000000000e+01 1.405285767149584419e-01
6.000000000000000000e+00 2.189901631225166234e-02
9.000000000000000000e+00 5.376487516162331559e-02
1.000000000000000000e+01 7.783248225316441449e-02
7.000000000000000000e+00 3.542110965385036891e-02
3.250000000000000000e+01 2.812947007394903665e-01
1.050000000000000000e+01 7.848630319142424483e-02
2.450000000000000000e+01 7.533666336045155010e-01
2.100000000000000000e+01 3.462722064728478433e-01
7.000000000000000000e+00 2.876641075851193996e-02
9.000000000000000000e+00 6.071039277374601362e-02
5.500000000000000000e+00 2.328291513775426758e-02
1.850000000000000000e+01 2.482576918788876874e-01
9.000000000000000000e+00 4.856074216304784308e-02
1.100000000000000000e+01 1.184850503391519094e-01
3.250000000000000000e+01 2.571016479371999175e-01
1.200000000000000000e+01 1.235110283901064143e-01
1.000000000000000000e+01 4.830516498299153305e-02
1.500000000000000000e+01 1.551801717738103825e-01
7.500000000000000000e+00 4.164171463279164875e-02
2.150000000000000000e+01 3.592437366302740909e-01
5.500000000000000000e+00 2.232108921436637416e-02
1.550000000000000000e+01 1.440311586035500913e-01
1.800000000000000000e+01 4.884258061813133711e-01
1.500000000000000000e+00 4.855976781084958560e-03
1.650000000000000000e+01 4.897873190275423561e-01
6.000000000000000000e+00 2.776710469175047713e-02
5.000000000000000000e+00 1.819302475807771380e-02
1.550000000000000000e+01 2.322881784489116974e-01
2.200000000000000000e+01 1.299538804625326449e-01
2.200000000000000000e+01 4.022299513418923222e-01
6.500000000000000000e+00 2.557940625376553534e-02
7.000000000000000000e+00 3.677357078286580538e-02
9.000000000000000000e+00 4.954446189125238931e-02
1.950000000000000000e+01 9.743202874487422172e-02
5.500000000000000000e+00 2.203208959687730228e-02
8.000000000000000000e+00 3.473810363796658862e-02
1.950000000000000000e+01 1.229286154330511138e-01
5.500000000000000000e+00 2.277958554317827122e-02
1.400000000000000000e+01 1.405754680596436046e-01
1.900000000000000000e+01 2.257802201596836866e-01
1.100000000000000000e+01 7.979346496853612081e-02
2.300000000000000000e+01 2.026861376211275267e-01
4.300000000000000000e+01 9.742021082466565396e-01
1.750000000000000000e+01 7.873179857930723280e-02
1.100000000000000000e+01 6.260938892758227681e-02
2.000000000000000000e+00 6.375600743858234054e-03
2.050000000000000000e+01 1.711666280786254823e-01
1.550000000000000000e+01 2.655537634849620687e-01
1.000000000000000000e+01 7.306228256851565739e-02
1.350000000000000000e+01 8.006487838777842647e-02
2.100000000000000000e+01 2.164884627192498190e-01
7.500000000000000000e+00 3.725155090332488150e-02
2.000000000000000000e+00 6.398940166215894010e-03
4.500000000000000000e+00 1.632756406655211379e-02
9.500000000000000000e+00 7.314133904251707285e-02
1.300000000000000000e+01 2.340409419032900562e-01
1.500000000000000000e+01 1.169813599216924516e-01
5.000000000000000000e+00 1.922955077275845248e-02
3.350000000000000000e+01 5.134204265337098949e-01
5.000000000000000000e+00 1.922672727631846712e-02
1.950000000000000000e+01 6.505534253061242556e-01
1.250000000000000000e+01 8.739175086934669601e-02
1.700000000000000000e+01 1.265305435379209253e-01
1.100000000000000000e+01 9.660826452252946339e-02
5.000000000000000000e-01 1.543353287203785840e-03
1.050000000000000000e+01 6.433382648963004158e-02
3.000000000000000000e+01 3.253489170702290600e-01
1.100000000000000000e+01 7.603533481492319446e-02
1.300000000000000000e+01 1.984906582676477793e-01
7.500000000000000000e+00 4.079327661788023640e-02
1.500000000000000000e+01 2.261803413585188327e-01
8.500000000000000000e+00 6.134260272586944396e-02
1.900000000000000000e+01 8.964894664301126248e-02
2.100000000000000000e+01 1.934238249959345790e-01
4.850000000000000000e+01 5.479499539124663698e-01
1.650000000000000000e+01 2.758184254552007442e-01
2.500000000000000000e+01 1.732071387939659868e-01
1.300000000000000000e+01 9.584192522950529813e-02
5.000000000000000000e+00 1.999477953249351181e-02
5.000000000000000000e+00 2.049508645415021313e-02
3.000000000000000000e+00 9.920746467296570614e-03
1.650000000000000000e+01 1.939955343106929408e-01
1.050000000000000000e+01 4.394364461206201611e-02
9.000000000000000000e+00 5.927604984816414735e-02
1.300000000000000000e+01 1.076330784698709131e-01
3.950000000000000000e+01 8.864692884648985860e-01
4.000000000000000000e+00 1.440495115812212568e-02
8.000000000000000000e+00 4.028505591265862940e-02
5.500000000000000000e+00 2.230667103307948373e-02
4.500000000000000000e+00 1.554361344932808642e-02
7.500000000000000000e+00 5.089157078563055769e-02
5.000000000000000000e+00 2.138382775791303203e-02
1.350000000000000000e+01 8.905202865442163329e-02
1.200000000000000000e+01 8.468737003516579875e-02
2.450000000000000000e+01 1.551459574191562663e-01
6.500000000000000000e+00 2.497269363824905497e-02
6.500000000000000000e+00 3.441733586078710161e-02
1.850000000000000000e+01 1.556802547058364627e-01
9.500000000000000000e+00 5.608049728744401996e-02
4.500000000000000000e+00 1.824750922008000487e-02
4.500000000000000000e+00 1.912832526066066130e-02
1.900000000000000000e+01 1.801295063242120964e-01
1.150000000000000000e+01 7.412633566194748447e-02
1.650000000000000000e+01 7.817565851208607697e-02
2.100000000000000000e+01 6.428438481400329252e-01
4.500000000000000000e+00 1.684998574285123674e-02
4.500000000000000000e+00 1.637931961014138516e-02
1.050000000000000000e+01 7.879973627571335015e-02
1.050000000000000000e+01 7.256892365171796477e-02
1.100000000000000000e+01 1.004529239670517438e-01
8.000000000000000000e+00 4.770430537288539163e-02
2.000000000000000000e+00 6.572054909379065890e-03
9.000000000000000000e+00 4.008385142373249721e-02
4.000000000000000000e+00 1.506842131623042924e-02
1.150000000000000000e+01 1.038124317745663383e-01
1.500000000000000000e+00 4.640538581572650756e-03
5.500000000000000000e+00 2.077860904048378643e-02
1.050000000000000000e+01 4.793006374786568102e-02
1.250000000000000000e+01 1.008806594703992587e-01
2.150000000000000000e+01 1.866514766014559790e-01
1.350000000000000000e+01 1.239334647820202751e-01
1.550000000000000000e+01 5.821112983763931936e-02
7.000000000000000000e+00 3.459669712844948286e-02
7.000000000000000000e+00 3.367590958652511013e-02
5.000000000000000000e+00 2.034233190303780248e-02
5.000000000000000000e+00 2.185697262951236119e-02
1.050000000000000000e+01 7.070326147715211285e-02
5.000000000000000000e+00 2.197063312234348587e-02
5.500000000000000000e+00 2.457300190095468295e-02
3.000000000000000000e+00 1.064335356428336432e-02
1.350000000000000000e+01 1.221939171060950624e-01
1.450000000000000000e+01 8.984876509147299295e-02
7.500000000000000000e+00 3.484328228167288266e-02
1.100000000000000000e+01 8.424806719590938187e-02
9.500000000000000000e+00 5.265347344714776945e-02
1.050000000000000000e+01 8.017865300562587727e-02
8.000000000000000000e+00 4.837702699389923033e-02
1.250000000000000000e+01 4.997602776053611251e-02
7.000000000000000000e+00 3.792764230078438104e-02
4.500000000000000000e+00 1.646671279719846837e-02
6.500000000000000000e+00 3.275478138697129893e-02
3.000000000000000000e+00 1.064421309983498709e-02
6.000000000000000000e+00 2.260883005816483049e-02
3.000000000000000000e+00 1.132751966735301430e-02
1.250000000000000000e+01 6.315460714629717032e-02
8.500000000000000000e+00 4.316338988542112176e-02
1.200000000000000000e+01 5.892013829580422524e-02
2.200000000000000000e+01 2.477624412213701444e-01
1.400000000000000000e+01 1.100425729428864408e-01
1.500000000000000000e+00 4.757413328241755224e-03
3.500000000000000000e+00 1.158089968546338611e-02
4.500000000000000000e+00 1.632752827153005626e-02
7.000000000000000000e+00 3.817734655132309918e-02
7.500000000000000000e+00 3.819126202905365197e-02
5.200000000000000000e+01 8.455174137297560844e-01
1.750000000000000000e+01 1.365370429931631602e-01
1.550000000000000000e+01 1.225126540842871314e-01
1.200000000000000000e+01 7.453763436412974563e-02
1.250000000000000000e+01 8.041111086669427976e-02
1.150000000000000000e+01 1.012859616104180294e-01
8.500000000000000000e+00 5.631533924830023352e-02
1.200000000000000000e+01 9.510624781599430477e-02
1.000000000000000000e+00 3.125310568466321826e-03
6.000000000000000000e+00 2.339140240995063458e-02
1.750000000000000000e+01 2.244691478295026688e-01
7.000000000000000000e+00 3.315705633452870060e-02
7.500000000000000000e+00 3.440665245755880619e-02
7.500000000000000000e+00 3.344916043482659695e-02
3.500000000000000000e+00 1.232265758328132677e-02
3.500000000000000000e+00 1.165170439859841700e-02
5.500000000000000000e+00 2.103317857826914050e-02
7.500000000000000000e+00 3.482615396972921218e-02
5.500000000000000000e+00 2.396548789234564936e-02
4.000000000000000000e+00 1.299994346046950966e-02
3.500000000000000000e+00 1.271950895714724084e-02
6.500000000000000000e+00 3.104814031460323420e-02
4.000000000000000000e+00 1.652440784823538955e-02
1.000000000000000000e+00 3.102625601340891492e-03
1.000000000000000000e+01 6.184746790282558138e-02
3.000000000000000000e+00 1.037764738997504210e-02
2.500000000000000000e+00 7.893086219409539694e-03
8.500000000000000000e+00 4.539310760023873570e-02
7.000000000000000000e+00 3.592241516512384436e-02
9.500000000000000000e+00 7.395675222467334997e-02
7.500000000000000000e+00 3.086183403921949342e-02
1.050000000000000000e+01 7.844392993806748038e-02
1.750000000000000000e+01 1.878986522715901941e-01
8.000000000000000000e+00 3.420751793724030598e-02
6.500000000000000000e+00 2.204516624260755009e-02
1.050000000000000000e+01 5.761615435087996673e-02
1.050000000000000000e+01 8.200249037867179958e-02
1.150000000000000000e+01 7.638201287920254323e-02
3.500000000000000000e+00 1.209907886314165459e-02
3.600000000000000000e+01 6.404006238587918176e-01
7.000000000000000000e+00 3.511569593502850140e-02
6.500000000000000000e+00 2.530513772421505436e-02
4.000000000000000000e+00 1.380773389572764742e-02
4.000000000000000000e+00 1.545569685523706660e-02
6.500000000000000000e+00 2.916303686531596107e-02
1.200000000000000000e+01 1.513687220884314399e-01
8.500000000000000000e+00 4.853445933915923050e-02
6.500000000000000000e+00 2.988224966686336970e-02
7.500000000000000000e+00 2.937808231402683212e-02
6.000000000000000000e+00 2.509074873548811091e-02
1.500000000000000000e+00 4.728711186164025193e-03
5.500000000000000000e+00 2.223354240166464102e-02
7.500000000000000000e+00 4.190953815998610388e-02
3.500000000000000000e+00 1.246709101340459647e-02
5.500000000000000000e+00 2.543927758468456091e-02
3.500000000000000000e+00 1.417024979479197810e-02
2.300000000000000000e+01 1.901905164214849897e-01
3.000000000000000000e+00 1.055988072322300297e-02
7.000000000000000000e+00 2.554220704002441167e-02
2.150000000000000000e+01 2.400454195826240422e-01
8.500000000000000000e+00 4.565655830700277029e-02
8.500000000000000000e+00 4.159524422055715931e-02
7.500000000000000000e+00 2.894895811273046071e-02
2.250000000000000000e+01 1.272812893748462848e-01
9.500000000000000000e+00 5.752943778561636634e-02
2.400000000000000000e+01 2.055084415707681966e-01
1.000000000000000000e+01 4.664316520319333748e-02
4.500000000000000000e+00 1.749772880365219052e-02
2.000000000000000000e+00 6.409643467601533473e-03
1.550000000000000000e+01 1.259292872418258380e-01
3.000000000000000000e+00 1.001225459482557589e-02
3.000000000000000000e+00 1.005926605282647657e-02
9.000000000000000000e+00 6.300213633610218800e-02
5.500000000000000000e+00 2.186505292008633639e-02
9.000000000000000000e+00 4.036753610372856294e-02
2.000000000000000000e+00 6.316063659955739595e-03
9.000000000000000000e+00 5.428515043931714246e-02
8.000000000000000000e+00 3.564111019838489547e-02
6.000000000000000000e+00 2.146405547984331363e-02
1.250000000000000000e+01 1.290710385730995391e-01
2.950000000000000000e+01 1.839211487339713624e-01
4.750000000000000000e+01 5.132353238086031499e-01
5.000000000000000000e-01 1.547687925499197092e-03
1.450000000000000000e+01 1.039506786222146317e-01
1.150000000000000000e+01 5.921061531770654973e-02
7.000000000000000000e+00 2.721228126525243596e-02
1.500000000000000000e+00 4.691205416250232574e-03
4.500000000000000000e+00 1.803705889980711241e-02
2.350000000000000000e+01 1.910790579394232580e-01
1.250000000000000000e+01 7.126622542744254218e-02
1.050000000000000000e+01 6.051789133422436073e-02
4.500000000000000000e+00 1.743855029628549325e-02
2.500000000000000000e+00 8.371645298937746560e-03
8.500000000000000000e+00 5.492978878904786200e-02
1.500000000000000000e+00 4.761466363452315775e-03
