# theta phi size
1.212250763038645829e+01 9.575659027940693591e+01 4.000000000000000000e+00
-1.678774923696135488e+02 8.424340972059306409e+01 2.000000000000000000e+00
-1.798466774357005988e+02 8.689866520276592610e+01 2.000000000000000000e+00
9.022903056936373289e+00 8.999848715475981464e+01 2.000000000000000000e+00
1.231025685460781318e+02 9.918111973348214860e+01 3.000000000000000000e+00
2.374217105939992933e+01 1.077839470372111350e+02 4.000000000000000000e+00
1.584082776036367761e+02 1.418604732176690391e+02 6.000000000000000000e+00
1.981675449044592474e+00 1.480170149650665792e+02 2.000000000000000000e+00
1.800000000000000000e+02 1.310995062207956039e+02 3.000000000000000000e+00
1.765789781653076602e+02 3.393555894661964167e+00 5.000000000000000000e+00
1.033623090482407889e+02 1.064606568834744564e+02 2.000000000000000000e+00
9.297402890178365453e+01 5.123710425636285493e+01 2.000000000000000000e+00
1.124752224666178506e+02 1.789993081603660414e+02 2.000000000000000000e+00
1.358043389389905542e+02 9.074718626365952900e+01 4.000000000000000000e+00
8.568305489160240995e+01 1.101402349845688491e+02 2.000000000000000000e+00
-1.414980321639811507e+02 1.081009837487519292e+02 3.000000000000000000e+00
-9.940873610748134581e+01 1.008591739314966986e+02 3.000000000000000000e+00
1.533225642994094917e-01 9.310133479723410233e+01 3.000000000000000000e+00
-1.709770969430636569e+02 9.000151284524018536e+01 2.000000000000000000e+00
-5.689743145392186818e+01 8.081888026651785140e+01 8.000000000000000000e+00
-1.562578289406000920e+02 7.221605296278887920e+01 2.000000000000000000e+00
-2.159172239636322743e+01 3.813952678233098226e+01 3.000000000000000000e+00
-1.780183245509553842e+02 3.198298503493342437e+01 2.000000000000000000e+00
0.000000000000000000e+00 4.890049377920440321e+01 2.000000000000000000e+00
-3.421021834692373975e+00 1.766064441053380563e+02 2.500000000000000000e+01
-7.663769095175921109e+01 7.353934311652554356e+01 4.000000000000000000e+00
-8.702597109821635968e+01 1.287628957436371593e+02 2.000000000000000000e+00
-6.752477753338214939e+01 1.000691839633941704e+00 3.000000000000000000e+00
-4.419566106100944580e+01 8.925281373634048521e+01 2.000000000000000000e+00
-9.431694510839760426e+01 6.985976501543115091e+01 2.000000000000000000e+00
3.850196783601887773e+01 7.189901625124808504e+01 3.000000000000000000e+00
8.059126389251863998e+01 7.914082606850331558e+01 2.000000000000000000e+00
3.046950289103389053e+01 6.217944006969166537e+01 5.000000000000000000e+00
1.382541515913548267e+02 5.437234998781645601e+01 5.000000000000000000e+00
-9.745121313057728685e+01 5.090417157667979531e+00 7.000000000000000000e+00
1.751032021320550314e+02 2.392539253826075196e+01 4.000000000000000000e+00
1.094156269417158143e+02 9.228265710509164421e+01 2.000000000000000000e+00
1.681935579179934166e+02 1.320044110200066996e+02 3.000000000000000000e+00
1.501426861358716280e+02 4.312718109988274762e+01 2.000000000000000000e+00
1.820985078690632752e+00 1.764909097471983728e+02 2.000000000000000000e+00
1.423224353469609298e+02 4.872447579819108476e+00 1.000000000000000000e+01
1.262564063299492432e+02 8.892464594148560053e+00 2.000000000000000000e+00
-9.994142923906088072e+01 1.206195394893270816e+02 1.200000000000000000e+01
-5.108162783653595085e+01 1.367571055489367211e+02 4.000000000000000000e+00
-4.970535943745700536e+01 1.762541076016058241e+02 3.000000000000000000e+00
-5.382852000018570493e+01 1.310796837249437488e+02 3.000000000000000000e+00
-1.138240812137220104e+02 5.632107920536699908e+01 2.000000000000000000e+00
-7.721147560541891153e+01 1.062408687933423010e+02 2.000000000000000000e+00
-1.495304971089661308e+02 1.178205599303083488e+02 4.000000000000000000e+00
-4.174584840864518753e+01 1.256276500121835511e+02 3.000000000000000000e+00
8.254878686942271315e+01 1.749095828423320427e+02 2.000000000000000000e+00
-4.896797867944957972e+00 1.560746074617392480e+02 3.000000000000000000e+00
-7.058437305828419994e+01 8.771734289490838421e+01 2.000000000000000000e+00
-1.180644208200660294e+01 4.799558897999329332e+01 2.000000000000000000e+00
-2.985731386412838262e+01 1.368728189001172666e+02 5.000000000000000000e+00
-1.781790149213093741e+02 3.509090252801624565e+00 2.000000000000000000e+00
-3.767756465303908442e+01 1.751275524201809048e+02 6.000000000000000000e+00
-5.374359367005076393e+01 1.711075354058514506e+02 2.000000000000000000e+00
8.005857076093910507e+01 5.938046051067291842e+01 2.000000000000000000e+00
1.289183721634640563e+02 4.324289445106328600e+01 3.000000000000000000e+00
1.302946405625430089e+02 3.745892398394196299e+00 2.000000000000000000e+00
1.261714799998142951e+02 4.892031627505624414e+01 4.000000000000000000e+00
6.617591878627801805e+01 1.236789207946330009e+02 2.000000000000000000e+00
1.027885243945811027e+02 7.375913120665768474e+01 2.000000000000000000e+00
1.766745068990334460e+02 5.662148506451310936e+01 2.000000000000000000e+00
4.430553407762899631e+00 8.968416097104646667e+01 2.000000000000000000e+00
-1.089782842805575314e+02 4.229535888564282686e+01 9.000000000000000000e+00
4.877622073597418506e+01 4.775952789747693217e+00 2.000000000000000000e+00
5.179881181325496442e+01 1.188999513316755099e+02 2.000000000000000000e+00
4.487694308431921542e+01 6.429354560483068326e+01 5.000000000000000000e+00
1.039000338559630165e+01 9.065434964123843997e+01 3.000000000000000000e+00
1.770147106716571841e+02 1.349235144034850862e+02 5.000000000000000000e+00
1.529150191064557305e+02 6.522223184893385906e+01 2.000000000000000000e+00
1.145246302059643728e+00 9.038154937419284352e+01 2.000000000000000000e+00
1.755143818555677058e+02 1.597492722634113349e+01 2.000000000000000000e+00
1.287330335483557064e+02 5.815137915179885653e+01 2.000000000000000000e+00
-5.537229746480559101e+01 1.164414037335195644e+02 3.000000000000000000e+00
1.259134151551578213e+02 1.214401976484593177e+02 4.000000000000000000e+00
7.680334421532970168e+01 1.753281377377722094e+02 2.000000000000000000e+00
-1.399178905096453036e+02 6.743986711450942551e+01 2.000000000000000000e+00
1.079681617857519029e+02 8.676718931951313607e+00 3.000000000000000000e+00
-1.415544255875845465e+02 1.307377336921520055e+02 2.000000000000000000e+00
1.243789936772565028e+02 1.693157586341144167e+02 5.000000000000000000e+00
1.436807270238905687e+02 1.224025237665354808e+02 2.000000000000000000e+00
-6.534553888393401166e+01 1.054931701929092895e+02 4.000000000000000000e+00
-8.723907895877840701e+01 9.789514339019486044e+01 2.000000000000000000e+00
-3.325493100966562476e+00 1.233785149354868906e+02 3.000000000000000000e+00
-1.755694465922371137e+02 9.031583902895354754e+01 2.000000000000000000e+00
7.102171571944248285e+01 1.377046411143571731e+02 2.000000000000000000e+00
-1.312237792640258078e+02 1.752240472102523370e+02 2.000000000000000000e+00
-1.282011881867450427e+02 6.110004866832451142e+01 2.000000000000000000e+00
-1.351230569156807917e+02 1.157064543951693025e+02 2.000000000000000000e+00
-1.696099966144036841e+02 8.934565035876154582e+01 2.000000000000000000e+00
-2.985289328342808801e+00 4.507648559651491382e+01 3.000000000000000000e+00
-2.708498089354425886e+01 1.147777681510661409e+02 2.000000000000000000e+00
-1.788547536979403674e+02 8.961845062580715648e+01 2.000000000000000000e+00
-4.485618144432314658e+00 1.640250727736588772e+02 4.000000000000000000e+00
-5.126696645164428645e+01 1.218486208482011506e+02 2.000000000000000000e+00
1.246277025351944161e+02 6.355859626648045690e+01 2.000000000000000000e+00
-5.408658484484216444e+01 5.855980235154068225e+01 4.000000000000000000e+00
-1.031966557846703267e+02 4.671862262227816309e+00 4.000000000000000000e+00
4.008210949035468218e+01 1.125601328854905887e+02 2.000000000000000000e+00
-7.203183821424809707e+01 1.713232810680486580e+02 2.000000000000000000e+00
3.844557441241545348e+01 4.926226630784799454e+01 6.000000000000000000e+00
-5.562100632274350431e+01 1.068424136588559570e+01 4.000000000000000000e+00
-3.631927297610943839e+01 5.759747623346451917e+01 6.000000000000000000e+00
1.146544611160660025e+02 7.450682980709071046e+01 4.000000000000000000e+00
9.276092104122159299e+01 8.210485660980513956e+01 7.000000000000000000e+00
2.790334441350975681e+01 6.655156510543059767e+01 2.000000000000000000e+00
-4.434539590865671857e-03 8.822264317651205090e+01 2.000000000000000000e+00
2.574055155672705553e+01 1.087528761257388652e+02 2.000000000000000000e+00
-1.781161970308747016e+02 9.371659859913712864e+01 2.000000000000000000e+00
9.381744816860600622e+01 1.233912053601839034e+02 3.000000000000000000e+00
-1.643842679850559989e+02 5.663761182828146445e+00 2.000000000000000000e+00
-4.940456057791328348e+00 8.993335181586648730e+01 2.000000000000000000e+00
5.408852912276414315e+01 5.435030775853604723e+01 7.000000000000000000e+00
-1.778061802549750894e+02 9.843291461671438469e+01 2.000000000000000000e+00
1.447141451246801012e+02 9.021641285528190224e+01 4.000000000000000000e+00
9.000000000000000000e+01 7.350470249159212699e+01 4.000000000000000000e+00
1.988692327238042346e+00 9.556440751260667810e+01 2.000000000000000000e+00
1.531269103789532551e+02 8.767319352736681282e+00 2.000000000000000000e+00
1.789278403033248139e+02 8.821093751237748393e+01 2.000000000000000000e+00
-3.588973515757304389e-01 9.309497192106758234e+01 2.000000000000000000e+00
1.144742931628180855e+02 2.935237760386311834e+01 2.000000000000000000e+00
1.328530439942029773e+02 6.145458903067575562e+01 5.000000000000000000e+00
2.938182241311167786e+00 5.122480298386000896e+01 2.000000000000000000e+00
1.799943529684068153e+02 9.023574923106365020e+01 2.000000000000000000e+00
1.798225588608104886e+02 8.936409472270450749e+01 2.000000000000000000e+00
1.398465721415352618e+02 1.123192967337988364e+02 3.000000000000000000e+00
-1.799187980398621107e+02 8.873384157876520817e+01 2.000000000000000000e+00
-8.379665263949648590e+01 9.078523346330365484e+01 2.000000000000000000e+00
-1.325117873475346926e+02 5.714521298909240699e+01 2.000000000000000000e+00
-4.151964266070164911e+01 1.752118777062978552e+02 3.000000000000000000e+00
8.750531029786944259e+01 1.021583614264449551e+02 2.000000000000000000e+00
1.349077192524625843e+02 6.049020256308432408e+01 3.000000000000000000e+00
1.837273003391098669e+00 9.202772258243362558e+01 4.000000000000000000e+00
9.587344027780764222e+00 9.624692774735193268e+01 2.000000000000000000e+00
8.871875268286028415e+01 1.709376994596768213e+02 4.000000000000000000e+00
2.305598736949990979e+01 9.178765788093332390e+01 2.000000000000000000e+00
1.190276373721806067e+02 1.479053931947025262e+02 2.000000000000000000e+00
3.967727488754501763e+01 8.549878490807213893e+01 8.000000000000000000e+00
1.795741852125576656e+02 8.980317579174216291e+01 9.000000000000000000e+00
-1.415924414173059915e+02 6.413764204177505235e+01 2.000000000000000000e+00
8.480110166330450738e+01 1.749038529273805693e+02 3.000000000000000000e+00
4.399534571833969920e+01 6.544766085991646776e+01 8.000000000000000000e+00
1.486588933697068455e+02 1.223108305043259065e+02 2.000000000000000000e+00
1.648554554767881655e+02 9.012958378433546613e+01 2.000000000000000000e+00
-1.520966555864902432e+02 1.134484348945694165e+02 6.000000000000000000e+00
1.799955654604091535e+02 9.177735682348793489e+01 3.000000000000000000e+00
-1.542594484432729587e+02 7.124712387426114901e+01 2.000000000000000000e+00
1.883802969125309534e+00 8.628340140086285714e+01 7.000000000000000000e+00
-8.618255183139399378e+01 5.660879463981608950e+01 5.000000000000000000e+00
1.561573201494401353e+01 1.743362388171718464e+02 5.000000000000000000e+00
1.750595439422086770e+02 9.006664818413351270e+01 4.000000000000000000e+00
-1.259114708772358711e+02 1.256496922414639386e+02 2.000000000000000000e+00
2.193819745024891965e+00 8.156708538328562952e+01 3.000000000000000000e+00
-3.528585487531987752e+01 8.978358714471809776e+01 3.000000000000000000e+00
-9.000000000000000000e+01 1.064952975084078872e+02 2.000000000000000000e+00
-1.780113076727619443e+02 8.443559248739332190e+01 3.000000000000000000e+00
-2.687308962104673782e+01 1.712326806472633223e+02 2.000000000000000000e+00
-1.072159696675194951e+00 9.178906248762251607e+01 2.000000000000000000e+00
1.796411026484242370e+02 8.690502807893240345e+01 5.000000000000000000e+00
-6.552570683718191447e+01 1.506476223961369101e+02 2.000000000000000000e+00
-4.714695600579702273e+01 1.185454109693242515e+02 4.000000000000000000e+00
-1.770618177586888464e+02 1.287751970161400266e+02 2.000000000000000000e+00
-5.647031593200606964e-03 8.976425076893634980e+01 3.000000000000000000e+00
-1.774411391895225065e-01 9.063590527729549251e+01 2.000000000000000000e+00
-4.015342785846476659e+01 6.768070326620116361e+01 3.000000000000000000e+00
8.120196013790816070e-02 9.126615842123482025e+01 2.000000000000000000e+00
9.620334736050351410e+01 8.921476653669635937e+01 3.000000000000000000e+00
4.748821265246530743e+01 1.228547870109076001e+02 2.000000000000000000e+00
1.384803573392983651e+02 4.788122293702146592e+00 4.000000000000000000e+00
-9.249468970213057162e+01 7.784163857355505911e+01 2.000000000000000000e+00
-4.509228074753740856e+01 1.195097974369156759e+02 1.000000000000000000e+01
-1.781627269966089102e+02 8.797227741756637442e+01 2.000000000000000000e+00
-1.704126559722192553e+02 8.375307225264808153e+01 2.000000000000000000e+00
-9.128124731713971585e+01 9.062300540323169784e+00 2.000000000000000000e+00
-1.569440126305001115e+02 8.821234211906666189e+01 2.000000000000000000e+00
-6.097236262781938620e+01 3.209460680529746668e+01 3.000000000000000000e+00
-1.403227251124549753e+02 9.450121509192786107e+01 3.000000000000000000e+00
-4.258147874423619528e-01 9.019682420825782287e+01 7.000000000000000000e+00
3.840755858269400136e+01 1.158623579582249477e+02 2.000000000000000000e+00
-9.519889833669549262e+01 5.096147072619441332e+00 2.000000000000000000e+00
-1.360046542816602937e+02 1.145523391400835180e+02 6.000000000000000000e+00
-3.134110663029316513e+01 5.768916949567410057e+01 1.000000000000000000e+01
-1.514454452321184341e+01 8.987041621566454808e+01 4.000000000000000000e+00
8.296142432454176685e+01 9.464798420579212745e+01 2.000000000000000000e+00
-8.983065394696433614e+00 7.958340064954347781e+01 4.000000000000000000e+00
-1.798762341923441284e+02 8.181383169563190449e+01 2.000000000000000000e+00
-3.522196551321282953e+01 9.055309993971435745e+01 5.000000000000000000e+00
3.530204972352579684e-01 8.999162992477612022e+01 3.000000000000000000e+00
1.129828574354097128e+02 9.124613843487809106e+01 6.000000000000000000e+00
-1.289247813781382490e+02 5.898697660740524640e+01 2.000000000000000000e+00
-1.393185693697149929e+02 2.569310246440385725e+01 3.000000000000000000e+00
1.652196204837543405e+02 8.755383504738973954e+01 2.000000000000000000e+00
1.721847292201667869e+02 4.795947499488415389e+01 2.000000000000000000e+00
-1.080789329506598477e+02 6.163526876494469064e+01 3.000000000000000000e+00
-9.586777627749298869e-01 8.799526965387548216e+01 2.000000000000000000e+00
-9.110215934023941031e+01 9.548641235986102060e+01 2.000000000000000000e+00
8.861257952277311745e+01 7.743627087980388524e+01 3.000000000000000000e+00
9.838007148823332670e+01 2.314753167224782615e+01 3.000000000000000000e+00
-9.204898999980416363e+01 5.175618555209547367e+01 2.000000000000000000e+00
-1.000589909385934106e+02 1.273002367299050945e+02 2.000000000000000000e+00
-1.102907833319759874e+02 1.033529280120044547e+02 2.000000000000000000e+00
5.736237630041551938e+01 1.591022218331773956e+02 5.000000000000000000e+00
-1.340913723098019084e+01 8.069467307249834676e+01 3.000000000000000000e+00
-8.539467152514178849e+01 1.757930492874269248e+02 2.000000000000000000e+00
1.468407102261924706e+02 8.405707561278819639e+01 8.000000000000000000e+00
8.167482051294266299e+00 9.251477132110773027e+01 2.000000000000000000e+00
1.745611547332454734e+02 1.038538516912313412e+02 2.000000000000000000e+00
3.962878033170144931e+01 9.983113074966503575e+01 2.000000000000000000e+00
7.635842687167111364e+01 8.467337083433400835e+01 2.000000000000000000e+00
-1.160013721436241383e+02 6.766499056588892813e+01 3.000000000000000000e+00
6.973244777037861297e+01 1.072401053518139378e+02 4.000000000000000000e+00
9.000000000000000000e+01 8.853562811312318104e+01 1.000000000000000000e+01
-8.388900977259859815e+01 1.237562066234291933e+02 9.000000000000000000e+00
4.305408297709330157e+01 1.238828685803201495e+02 2.000000000000000000e+00
-1.513972270709080021e+02 1.394311082337519814e+01 2.000000000000000000e+00
1.101436684162872695e+02 1.695579361654417312e+02 2.000000000000000000e+00
-5.245333400883426833e+01 1.685094502026427961e+02 2.000000000000000000e+00
-8.623012359880377176e+01 5.560085883703576570e+01 7.000000000000000000e+00
3.460421721174748200e+01 6.611932296447534441e+01 4.000000000000000000e+00
5.990333893037271373e+00 1.051838335534437476e+02 2.000000000000000000e+00
-7.647656741066543873e+01 2.533111032680283259e+01 5.000000000000000000e+00
9.000000000000000000e+01 5.173605082671137012e+01 5.000000000000000000e+00
-4.055920093799934989e+01 1.192292000997521484e+02 5.000000000000000000e+00
-9.703857567545824736e+01 8.535201579420788676e+01 2.000000000000000000e+00
1.710169346053035611e+02 1.004165993504565222e+02 3.000000000000000000e+00
1.237658076558870446e-01 9.818616830436809551e+01 2.000000000000000000e+00
1.447780344867871918e+02 8.944690006028565676e+01 2.000000000000000000e+00
-1.796469795027647365e+02 9.000837007522389399e+01 3.000000000000000000e+00
-6.701714256459030139e+01 8.875386156512193736e+01 2.000000000000000000e+00
5.107521862186174388e+01 1.210130233925947749e+02 2.000000000000000000e+00
4.068143063028499995e+01 1.543068975355961356e+02 2.000000000000000000e+00
-1.478037951624565949e+01 9.244616495261026046e+01 2.000000000000000000e+00
-7.815270779833227266e+00 1.320405250051158532e+02 2.000000000000000000e+00
7.192106704934016648e+01 1.183647312350553307e+02 2.000000000000000000e+00
1.790413222372250743e+02 9.200473034612454626e+01 2.000000000000000000e+00
8.889784065976058969e+01 8.451358764013897940e+01 4.000000000000000000e+00
-9.138742047722688255e+01 1.025637291201961290e+02 2.000000000000000000e+00
-8.161992851176668751e+01 1.568524683277521774e+02 2.000000000000000000e+00
8.795101000019583637e+01 1.282438144479045263e+02 3.000000000000000000e+00
7.994100906140657514e+01 5.269976327009489836e+01 4.000000000000000000e+00
6.970921666802401262e+01 7.664707198799554533e+01 3.000000000000000000e+00
-1.226376236995845090e+02 2.089777816682260791e+01 2.000000000000000000e+00
1.665908627690198216e+02 9.930532692750165324e+01 2.000000000000000000e+00
9.460532847485821151e+01 4.206950712573105378e+00 3.000000000000000000e+00
-3.315928977380754361e+01 9.594292438721180361e+01 3.000000000000000000e+00
-1.718325179487057710e+02 8.748522867889228394e+01 2.000000000000000000e+00
-5.438845266754505303e+00 7.614614830876864460e+01 4.000000000000000000e+00
-1.403712196682985507e+02 8.016886925033497846e+01 1.000000000000000000e+01
-1.036415731283289006e+02 9.532662916566599165e+01 8.000000000000000000e+00
6.399862785637585461e+01 1.123350094341110861e+02 2.000000000000000000e+00
-1.102675522296213870e+02 7.275989464818606223e+01 3.000000000000000000e+00
-9.000000000000000000e+01 9.146437188687683317e+01 5.000000000000000000e+00
9.611099022740140185e+01 5.624379337657080669e+01 2.000000000000000000e+00
-1.369459170229067126e+02 5.611713141967982921e+01 2.000000000000000000e+00
2.860277292909201563e+01 1.660568891766248214e+02 3.000000000000000000e+00
-6.985633158371273055e+01 1.044206383455827947e+01 3.000000000000000000e+00
1.275466659911657530e+02 1.149054979735721105e+01 3.000000000000000000e+00
9.376987640119621403e+01 1.243991411629642556e+02 5.000000000000000000e+00
-1.453957827882525180e+02 1.138806770355246698e+02 5.000000000000000000e+00
-1.740096661069627260e+02 7.481616644655625237e+01 3.000000000000000000e+00
1.035234325893345613e+02 1.546688896731971852e+02 2.000000000000000000e+00
-9.000000000000000000e+01 1.282639491732886370e+02 2.000000000000000000e+00
1.394407990620006501e+02 6.077079990024786582e+01 4.000000000000000000e+00
1.766525905536418293e+02 9.481376178787070330e+01 2.000000000000000000e+00
8.581467474380124827e+01 7.895975150220813532e+01 2.000000000000000000e+00
3.737835666097400633e+01 9.618768284765212684e+01 2.000000000000000000e+00
5.374168980992094191e+01 8.503930741069811461e+01 2.000000000000000000e+00
5.498969212648242433e+01 6.618581709952845671e+00 3.000000000000000000e+00
1.699071364808631586e+02 8.442307206556189669e+01 2.000000000000000000e+00
1.067831196042561430e+02 1.132044578105064829e+02 3.000000000000000000e+00
-9.112001186517493068e+01 9.926318887280724823e+01 2.000000000000000000e+00
1.424168633784909730e+02 5.373052317824856772e+01 3.000000000000000000e+00
-9.000000000000000000e+01 4.118591611138084829e+01 2.000000000000000000e+00
5.032758110969279386e+01 6.586305512179819743e+01 2.000000000000000000e+00
9.147818706000347788e+01 5.241007459079953890e+01 2.000000000000000000e+00
-7.653377737739111009e-01 9.197422411264248865e+01 4.000000000000000000e+00
9.710841015359457629e+01 9.365217743675076179e+01 5.000000000000000000e+00
1.299685819742152262e+02 1.186134921729191518e+02 3.000000000000000000e+00
1.901187209483196128e+01 1.023654683518122539e+02 4.000000000000000000e+00
1.764122253785197643e+02 1.001012449960797284e+02 5.000000000000000000e+00
-1.243872240729799472e+02 3.127825571050952380e+00 8.000000000000000000e+00
2.163215926597944261e+00 9.067211925968020125e+01 7.000000000000000000e+00
6.104816722998394596e+01 9.188637182202012976e-01 2.000000000000000000e+00
-2.059368333131725404e+00 1.092321256257883846e+02 2.000000000000000000e+00
-8.825050041292469416e+01 8.809351300714584454e+01 2.000000000000000000e+00
7.256302532109947911e+00 8.819835426211618312e+01 2.000000000000000000e+00
7.934643767879199228e-01 9.007264478176558953e+01 3.000000000000000000e+00
0.000000000000000000e+00 9.000000000000000000e+01 2.000000000000000000e+00
-1.299308080923970579e+02 1.173658616171555025e+02 4.000000000000000000e+00
1.759636307204785339e+02 1.164107150999835198e+02 2.000000000000000000e+00
-2.241192131923822051e-01 9.094881140707049383e+01 6.000000000000000000e+00
-9.057660524537986646e+00 8.847336340868628213e+01 3.000000000000000000e+00
3.769340683932887970e+01 1.470613919029325984e+02 2.000000000000000000e+00
-6.615655454675234637e+01 1.207800364585218773e+02 3.000000000000000000e+00
1.150094392976486972e+02 1.764011165420550924e+02 3.000000000000000000e+00
9.164156789189320307e+01 8.103805751738816809e+01 4.000000000000000000e+00
-7.180452336536657754e+01 1.753175337141362320e+02 3.000000000000000000e+00
-1.716196932891385245e+02 4.720343500686951899e+01 2.000000000000000000e+00
-1.764621568902778677e+02 8.013137126911190933e+01 2.000000000000000000e+00
-8.754385359760560448e+01 9.205979000873165319e+01 2.000000000000000000e+00
-1.151132351425238625e+02 7.310514156796099883e+01 2.000000000000000000e+00
8.448341686257871075e+00 9.354859137613418341e+01 3.000000000000000000e+00
1.084098113032558643e+02 8.210537494167594730e+01 7.000000000000000000e+00
-3.347409446358166285e+00 8.518623821212929670e+01 4.000000000000000000e+00
-9.418532525619876594e+01 1.010402484977918505e+02 5.000000000000000000e+00
-1.426216433390260079e+02 8.381231715234788737e+01 4.000000000000000000e+00
-1.262583101900790865e+02 9.496069258930191381e+01 3.000000000000000000e+00
-1.250103078735175899e+02 1.733814182900471508e+02 2.000000000000000000e+00
-1.009286351913684143e+01 9.557692793443808910e+01 2.000000000000000000e+00
-7.321688039574388540e+01 6.679554218949353128e+01 5.000000000000000000e+00
8.887998813482506932e+01 8.073681112719276598e+01 2.000000000000000000e+00
-3.758313662150902701e+01 1.262694768217514252e+02 2.000000000000000000e+00
9.000000000000000000e+01 1.388140838886191375e+02 3.000000000000000000e+00
-1.296724188903071990e+02 1.141369448782018168e+02 5.000000000000000000e+00
-8.852181293999655054e+01 1.275899254092004611e+02 2.000000000000000000e+00
1.792346622262261064e+02 8.802577588735752556e+01 2.000000000000000000e+00
-8.289158984640543792e+01 8.634782256324925243e+01 3.000000000000000000e+00
-5.003141802578475961e+01 6.138650782708086240e+01 2.000000000000000000e+00
-1.609881279051680565e+02 7.763453164818774610e+01 3.000000000000000000e+00
-3.587774621480214865e+00 7.989875500392028584e+01 3.000000000000000000e+00
5.561277592702005990e+01 1.768721744289490800e+02 2.000000000000000000e+00
-1.778367840734020433e+02 8.932788074031982717e+01 6.000000000000000000e+00
-1.189518327700160540e+02 1.790811362817798340e+02 3.000000000000000000e+00
1.779406316668682848e+02 7.076787437421162963e+01 3.000000000000000000e+00
9.174949958707529163e+01 9.190648699285415546e+01 7.000000000000000000e+00
-1.727436974678900583e+02 9.180164573788381688e+01 5.000000000000000000e+00
-1.792065356232120905e+02 8.992735521823439626e+01 2.000000000000000000e+00
-1.800000000000000000e+02 9.000000000000000000e+01 2.000000000000000000e+00
5.006919190760294214e+01 6.263413838284452595e+01 4.000000000000000000e+00
-4.036369279521482945e+00 6.358928490001648015e+01 5.000000000000000000e+00
1.797758807868076190e+02 8.905118859292950617e+01 2.000000000000000000e+00
1.709423394754620347e+02 9.152663659131371787e+01 2.000000000000000000e+00
-1.423065931606711274e+02 3.293860809706739445e+01 7.000000000000000000e+00
1.138434454532476678e+02 5.921996354147813690e+01 3.000000000000000000e+00
-6.499056070235131699e+01 3.598883457944915598e+00 3.000000000000000000e+00
-8.835843210810679693e+01 9.896194248261183191e+01 2.000000000000000000e+00
1.081954766346334225e+02 4.682466285863751132e+00 3.000000000000000000e+00
8.380306710861455954e+00 1.327965649931304881e+02 4.000000000000000000e+00
3.537843109722121682e+00 9.986862873088809067e+01 7.000000000000000000e+00
9.245614640239439552e+01 8.794020999126836102e+01 7.000000000000000000e+00
6.488676485747612332e+01 1.068948584320390012e+02 3.000000000000000000e+00
-1.715516583137421094e+02 8.645140862386584502e+01 2.000000000000000000e+00
-7.159018869674413565e+01 9.789462505832403849e+01 2.000000000000000000e+00
6.658188336739506497e+01 9.189415279092284550e+01 3.000000000000000000e+00
-9.000509928385446301e+01 8.789478401203504632e+01 2.000000000000000000e+00
1.800000000000000000e+02 3.369599749782916831e+01 2.000000000000000000e+00
1.245340839866616562e+02 1.620840661988113425e+02 3.000000000000000000e+00
1.790264759752801638e+02 1.410324287185432013e+02 2.000000000000000000e+00
3.151979757681869554e+00 1.265361355719568621e+02 2.000000000000000000e+00
3.839752826296428623e+01 7.045525836081542259e+00 2.000000000000000000e+00
9.139522704124925667e+01 9.360808722684774352e+01 4.000000000000000000e+00
2.892173937453371035e+00 4.500474941101152382e+01 4.000000000000000000e+00
-5.057020031986482422e+01 9.000000000000000000e+01 2.000000000000000000e+00
1.245519466843972225e+02 3.903737322334719551e+01 3.000000000000000000e+00
-7.044831716802415933e+00 8.862702350490113190e+01 2.000000000000000000e+00
1.103753246500494178e+01 8.847583032990057461e+01 1.000000000000000000e+01
4.127365085424631985e+01 6.678223722832419185e+01 3.000000000000000000e+00
2.858475870605531810e+01 5.552821286753069074e+01 2.000000000000000000e+00
1.392340882963740967e+02 6.836318519617468326e+01 2.000000000000000000e+00
1.036995307346348199e+02 5.348928598544913626e+01 3.000000000000000000e+00
2.088976075788255393e+00 9.144266576364290700e+01 2.000000000000000000e+00
-2.712121587808829837e+00 9.013316592515758430e+01 5.000000000000000000e+00
9.842076751929432987e+01 1.284795460586115325e+02 2.000000000000000000e+00
-5.627846172940919445e+01 6.110343222465058943e+01 3.000000000000000000e+00
7.989268894724385461e+01 1.753100352010595202e+02 3.000000000000000000e+00
-1.233461263213318375e+02 9.000000000000000000e+01 3.000000000000000000e+00
-1.714308814354019717e+01 7.724735907907994203e+01 3.000000000000000000e+00
7.905510699846936973e+01 9.487157592666662254e+01 2.000000000000000000e+00
-1.765898139684484818e+02 9.799951106019165081e+01 2.000000000000000000e+00
1.788778690073021593e+01 1.254863794607106655e+02 3.000000000000000000e+00
-8.772486372676453925e+01 8.627347623344542171e+01 4.000000000000000000e+00
1.652165333001845537e+00 9.106009790143028226e+01 2.000000000000000000e+00
-1.219134634455884836e+01 1.572342496925109572e+02 2.000000000000000000e+00
1.265019054438151613e+02 9.043278981765413960e+01 2.000000000000000000e+00
9.124134910896349027e+01 1.129024796366127106e+02 3.000000000000000000e+00
-1.858264993686610111e+01 1.068851756400932800e+02 2.000000000000000000e+00
3.450039338635124864e+01 9.016939381699370415e+01 2.000000000000000000e+00
-1.134181166326049492e+02 8.810584720907716871e+01 2.000000000000000000e+00
8.999490071614556541e+01 9.210521598796495368e+01 3.000000000000000000e+00
0.000000000000000000e+00 1.463040025021708459e+02 3.000000000000000000e+00
-5.546591601333833665e+01 1.791593380118866463e+01 2.000000000000000000e+00
-9.735240247198434504e-01 3.896757128145679872e+01 5.000000000000000000e+00
-1.768480202423181424e+02 5.346386442804313788e+01 2.000000000000000000e+00
-1.416024717370357280e+02 1.729544741639184622e+02 3.000000000000000000e+00
-8.860477295875072912e+01 8.639191277315227069e+01 2.000000000000000000e+00
-1.771078260625466214e+02 1.349952505889884549e+02 4.000000000000000000e+00
1.294297996801351758e+02 9.000000000000000000e+01 5.000000000000000000e+00
-5.544805331560277040e+01 1.409626267766528258e+02 2.000000000000000000e+00
1.729551682831975938e+02 9.137297649509886810e+01 3.000000000000000000e+00
-1.689624675349950564e+02 9.152416967009945381e+01 2.000000000000000000e+00
-1.387263491457536873e+02 1.132177627716758082e+02 5.000000000000000000e+00
-1.514152412939446890e+02 1.244717871324693306e+02 2.000000000000000000e+00
-4.076591170362592464e+01 1.116368148038253310e+02 2.000000000000000000e+00
-7.630046926536519436e+01 1.265107140145508851e+02 2.000000000000000000e+00
-1.779110239242117757e+02 8.855733423635712143e+01 2.000000000000000000e+00
1.772878784121911622e+02 8.986683407484240149e+01 2.000000000000000000e+00
-8.157923248070565592e+01 5.152045394138846746e+01 2.000000000000000000e+00
1.237215382705908269e+02 1.188965677753494106e+02 3.000000000000000000e+00
-1.001073110527561596e+02 4.689964798940485124e+00 3.000000000000000000e+00
5.665387367866816959e+01 9.000000000000000000e+01 3.000000000000000000e+00
1.628569118564598170e+02 1.027526409209200722e+02 3.000000000000000000e+00
-1.009448930015306445e+02 8.512842407333339168e+01 3.000000000000000000e+00
3.410186031551532437e+00 8.200048893980837761e+01 2.000000000000000000e+00
-1.621122130992697805e+02 5.451362053928934870e+01 4.000000000000000000e+00
9.227513627323548917e+01 9.372652376655459250e+01 3.000000000000000000e+00
-1.783478346669981534e+02 8.893990209856973195e+01 2.000000000000000000e+00
1.678086536554411623e+02 2.276575030748904283e+01 2.000000000000000000e+00
-5.349809455618485288e+01 8.956721018234588882e+01 2.000000000000000000e+00
-8.875865089103652394e+01 6.709752036338728942e+01 5.000000000000000000e+00
1.614173500631339095e+02 7.311482435990672002e+01 2.000000000000000000e+00
-1.454996066136487514e+02 8.983060618300631006e+01 6.000000000000000000e+00
-9.093425213407380525e+00 8.938939733900086537e+01 3.000000000000000000e+00
1.767223162009482280e+02 1.215092591766302377e+02 2.000000000000000000e+00
4.779527900808844265e+01 1.382263491275644753e+02 2.000000000000000000e+00
-7.858764627629869892e+01 6.790090663791944792e+01 4.000000000000000000e+00
-1.794666765018330636e+02 9.063724078465115497e+01 2.000000000000000000e+00
-1.431615818391768187e+02 4.208554356686352804e+01 3.000000000000000000e+00
-9.787652507797133694e+01 5.760884007674653162e+01 5.000000000000000000e+00
9.019747633183470725e+01 9.187313268839396585e+01 2.000000000000000000e+00
1.407931193401881274e+02 4.818192754643976627e+01 2.000000000000000000e+00
1.592753957653720818e+02 4.875413065690916881e+01 2.000000000000000000e+00
-1.725595609101036985e+02 6.884919053740065920e+01 3.000000000000000000e+00
1.386716540567821596e+02 1.097254986296841679e+02 2.000000000000000000e+00
-9.333936204648595947e+01 8.754606713886572322e+01 5.000000000000000000e+00
1.218610915501758569e+02 1.341363525999217927e+02 3.000000000000000000e+00
-5.024022768882418433e+01 6.796197363481279297e+01 3.000000000000000000e+00
-6.532600097258379890e+01 7.812761615095334378e+01 3.000000000000000000e+00
3.240928092792989901e+01 6.349499016595425616e+01 2.000000000000000000e+00
1.476258362208900223e+02 1.167774007966759342e+02 2.000000000000000000e+00
-3.780602230466386438e+00 9.012744076710335150e+01 3.000000000000000000e+00
-8.605825989173844448e+01 1.795812590715312638e+02 2.000000000000000000e+00
-1.325823649044771901e+00 9.818253474582148499e+01 5.000000000000000000e+00
5.210592523048050140e+01 9.022281032187559902e+01 4.000000000000000000e+00
4.410571646091911902e+01 1.138756671026746119e+02 2.000000000000000000e+00
-4.898547865885719688e+01 1.254412828173839216e+02 2.000000000000000000e+00
9.729221344914488157e+01 6.761098156116987923e+01 2.000000000000000000e+00
9.293936012456777007e+01 1.433357013875816790e+02 4.000000000000000000e+00
9.576873166705965446e+01 1.354427302915609346e+02 2.000000000000000000e+00
9.323587616580171300e+01 6.629032237050607534e+01 2.000000000000000000e+00
-4.404472406328485334e+01 1.555733451887367949e+02 2.000000000000000000e+00
-1.028439516251993535e-01 9.044817450761492239e+01 3.000000000000000000e+00
7.132615425333119319e+00 8.858759612900111335e+01 3.000000000000000000e+00
8.960544353852377242e+01 8.929746195398033137e+01 2.000000000000000000e+00
1.792866465510875571e+02 1.107146718267344170e+02 4.000000000000000000e+00
1.709065747865926426e+02 9.061060266099913463e+01 2.000000000000000000e+00
-3.277683799051786639e+00 5.849074082336976232e+01 2.000000000000000000e+00
-1.322047209919115573e+02 4.177365087243552466e+01 3.000000000000000000e+00
1.014123537237013011e+02 1.120990933620805521e+02 2.000000000000000000e+00
5.333234981669442432e-01 8.936275921534885924e+01 4.000000000000000000e+00
3.683841816082320264e+01 1.379144564331364791e+02 5.000000000000000000e+00
8.212347492202864885e+01 1.223911599232534684e+02 2.000000000000000000e+00
-8.980252366816532117e+01 8.812686731160603415e+01 2.000000000000000000e+00
-3.920688065981186554e+01 1.318180724535602621e+02 3.000000000000000000e+00
-2.072460423462792178e+01 1.312458693430908454e+02 6.000000000000000000e+00
7.440439089896311309e+00 1.111508094625993550e+02 2.000000000000000000e+00
-4.132834594321787591e+01 7.027450137031584632e+01 2.000000000000000000e+00
8.666063795351405474e+01 9.245393286113429099e+01 3.000000000000000000e+00
-5.813890844982416439e+01 4.586364740007821439e+01 2.000000000000000000e+00
1.297597723111758228e+02 1.120380263651872212e+02 3.000000000000000000e+00
1.146739990274162011e+02 1.018723838490466846e+02 2.000000000000000000e+00
-1.475907190720701010e+02 1.165050098340457509e+02 2.000000000000000000e+00
-3.237416377910998477e+01 6.322259920332408001e+01 2.000000000000000000e+00
1.762193977695336287e+02 8.987255923289666271e+01 4.000000000000000000e+00
9.394174010826156973e+01 4.187409284687633182e-01 2.000000000000000000e+00
1.786741763509552356e+02 8.181746525417852922e+01 2.000000000000000000e+00
-1.278940747695194915e+02 8.977718967812440098e+01 3.000000000000000000e+00
-1.358942835390809023e+02 6.612433289732540231e+01 3.000000000000000000e+00
1.310145213411428244e+02 5.455871718261609971e+01 3.000000000000000000e+00
-8.270778655085513265e+01 1.123890184388301208e+02 2.000000000000000000e+00
-8.706063987543222993e+01 3.666429861241832810e+01 2.000000000000000000e+00
-8.423126833294035976e+01 4.455726970843907964e+01 6.000000000000000000e+00
-8.676412383419830121e+01 1.137096776294939247e+02 2.000000000000000000e+00
1.359552759367151396e+02 2.442665481126319449e+01 2.000000000000000000e+00
1.798971560483748249e+02 8.955182549238509182e+01 2.000000000000000000e+00
-1.728673845746668860e+02 9.141240387099888665e+01 4.000000000000000000e+00
-9.039455646147622758e+01 9.070253804601965442e+01 2.000000000000000000e+00
-7.133534489124584432e-01 6.928532817326559723e+01 2.000000000000000000e+00
9.201113309269138085e+01 1.489831139022985838e+02 2.000000000000000000e+00
-1.251444002923816328e+02 1.181308560265731558e+02 3.000000000000000000e+00
9.394203025952435837e+01 8.882084958737951297e+01 4.000000000000000000e+00
6.952412895669925774e+01 6.898898007395700915e+01 6.000000000000000000e+00
4.386137917946521014e+01 9.277481824574448410e+01 8.000000000000000000e+00
-1.025836532404620982e+02 1.035807806860037203e+02 2.000000000000000000e+00
3.733564924932245788e+01 1.084398036930202949e+02 4.000000000000000000e+00
-2.768870066033281674e+00 5.353074459667831775e+01 2.000000000000000000e+00
1.752404218868549606e+02 6.636013690008853416e+01 5.000000000000000000e+00
3.985532804416599362e+01 1.154596974814643175e+02 5.000000000000000000e+00
-9.019838951286315876e+01 8.566415597182469810e+01 2.000000000000000000e+00
1.572475196924434044e+02 5.323558385295338269e+01 3.000000000000000000e+00
4.323536509270289940e+01 1.051202122757195525e+02 4.000000000000000000e+00
1.669078177802577301e+01 7.424503784677416718e+01 2.000000000000000000e+00
1.588690792879405080e+02 7.355659029721395825e+01 2.000000000000000000e+00
-8.735624624236724856e+01 8.538715522004720526e+01 2.000000000000000000e+00
8.755625545362673279e+01 2.878315515805619285e+01 2.000000000000000000e+00
8.500687488014219184e+01 8.514132881659033103e+01 7.000000000000000000e+00
-5.220830539163642925e+01 1.262019373245841933e+02 2.000000000000000000e+00
1.359583084985597345e+01 6.181187090863728173e+01 6.000000000000000000e+00
5.693190004228789292e+01 2.079496896088407709e+01 6.000000000000000000e+00
-5.951011543901472578e+00 9.030160430589540965e+01 9.000000000000000000e+00
-9.364288408373115047e+00 9.470468120354489372e+01 2.000000000000000000e+00
9.000000000000000000e+01 8.414316192592805521e+01 6.000000000000000000e+00
-1.052629090930590223e+02 1.767845962148943784e+02 6.000000000000000000e+00
1.312839463387204297e+01 1.280551436950387938e+02 2.000000000000000000e+00
-4.303292378726824552e+01 7.280987767332864280e+01 2.000000000000000000e+00
1.060316368185623137e+00 8.465913514498043924e+01 2.000000000000000000e+00
-9.106049070204913676e+01 1.125154243034800174e+02 2.000000000000000000e+00
-1.487465114356052425e+02 5.885749189018926586e+01 2.000000000000000000e+00
-2.594364972965001570e+00 8.759367209656527109e+01 4.000000000000000000e+00
-1.292621357190055562e+02 8.943867633761649927e+01 2.000000000000000000e+00
9.847780895848375238e+00 1.315955919843191850e+02 2.000000000000000000e+00
-1.757188695551256785e+02 1.028698233222195029e+02 3.000000000000000000e+00
1.338887037226256496e+02 1.620669328778174645e+01 7.000000000000000000e+00
-9.334756995621539488e+01 1.794184086980141046e+02 2.000000000000000000e+00
-9.509240976380533539e+01 1.393240029625621048e+02 2.000000000000000000e+00
-8.798886690730863336e+01 3.101688609770141269e+01 2.000000000000000000e+00
5.485559970761839566e+01 6.186914397342685135e+01 3.000000000000000000e+00
-8.605796974047564163e+01 9.117915041262047282e+01 2.000000000000000000e+00
-1.104758710433007565e+02 1.110110199260429908e+02 2.000000000000000000e+00
-1.361386208205348112e+02 8.722518175425553011e+01 3.000000000000000000e+00
7.741634675953790179e+01 7.641921931399629386e+01 3.000000000000000000e+00
-1.426643507506775563e+02 7.156019630697970513e+01 2.000000000000000000e+00
1.772311299339667414e+02 1.264692554033216823e+02 2.000000000000000000e+00
-4.759578113145023437e+00 1.136398630999114800e+02 2.000000000000000000e+00
-1.401446719558340135e+02 6.454030251853569666e+01 2.000000000000000000e+00
8.980161048713684124e+01 9.433584402817530190e+01 7.000000000000000000e+00
-2.275248030755661333e+01 1.267644161470466173e+02 2.000000000000000000e+00
-1.367646349072971077e+02 7.487978772428046170e+01 2.000000000000000000e+00
-1.633092182219742199e+02 1.057549621532258328e+02 3.000000000000000000e+00
-2.113092071205950973e+01 1.064434097027860560e+02 3.000000000000000000e+00
9.264375375763276566e+01 9.461284477995280895e+01 2.000000000000000000e+00
-9.244374454637329563e+01 1.512168448419438107e+02 6.000000000000000000e+00
-9.499312511985779395e+01 9.485867118340969739e+01 2.000000000000000000e+00
1.277916946083635708e+02 5.379806267541580667e+01 2.000000000000000000e+00
-1.664041691501440425e+02 1.181881290913627396e+02 2.000000000000000000e+00
-1.230680999577120929e+02 1.592050310391159087e+02 2.000000000000000000e+00
1.740489884560985558e+02 8.969839569410459035e+01 6.000000000000000000e+00
1.706357115916268867e+02 8.529531879645510628e+01 2.000000000000000000e+00
-9.000000000000000000e+01 9.585683807407194479e+01 2.000000000000000000e+00
7.473709090694099189e+01 3.215403785105607870e+00 7.000000000000000000e+00
-1.668716053661279375e+02 5.194485630496121331e+01 2.000000000000000000e+00
1.369670762127317403e+02 1.071901223266713714e+02 2.000000000000000000e+00
-1.789396836318143755e+02 9.534086485501956076e+01 4.000000000000000000e+00
8.893950929795089166e+01 6.748457569651999677e+01 2.000000000000000000e+00
3.125348856439474332e+01 1.211425081098107199e+02 2.000000000000000000e+00
1.774056350270349753e+02 9.240632790343475733e+01 2.000000000000000000e+00
5.073786428099444379e+01 9.056132366238351494e+01 2.000000000000000000e+00
-1.701522191041516407e+02 4.840440801568081497e+01 2.000000000000000000e+00
4.281130444874311713e+00 7.713017667778049713e+01 2.000000000000000000e+00
-4.611129627737437175e+01 1.637933067122182536e+02 3.000000000000000000e+00
8.665243004378461933e+01 5.815913019859092481e-01 2.000000000000000000e+00
8.490759023619467882e+01 4.067599703743788808e+01 3.000000000000000000e+00
-1.799425032826399047e+02 8.987851148699506609e+01 3.000000000000000000e+00
3.090222302527529052e+01 1.585771225109329521e+02 2.000000000000000000e+00
5.265362200535702897e+01 1.187272471780758423e+02 3.000000000000000000e+00
-1.362633681803008869e+02 6.197752089113556195e+01 4.000000000000000000e+00
1.772342902547973722e+02 1.268271816418900784e+02 3.000000000000000000e+00
-1.359831079483680298e+02 8.120761934839167395e+01 2.000000000000000000e+00
-9.080171246484194114e+01 9.462708765191518978e+01 2.000000000000000000e+00
1.484603149581525656e+02 6.151980193106017936e+01 2.000000000000000000e+00
2.673245919665769410e+00 8.999687466292347438e+01 2.000000000000000000e+00
-2.675524488226074027e+00 9.000953670666581274e+01 2.000000000000000000e+00
3.260823887796807696e+01 9.086136504337790143e+01 2.000000000000000000e+00
-1.660115091384627704e+02 1.237893529536837320e+02 2.000000000000000000e+00
-1.210330684992821944e+02 6.469859374077817904e+01 2.000000000000000000e+00
4.474860353269966851e+01 6.129129301714426248e+01 2.000000000000000000e+00
-2.334991361665696630e+01 9.414478221569537197e+01 2.000000000000000000e+00
1.692074388539661811e+01 6.955403481253753739e+01 3.000000000000000000e+00
2.978029435546107351e+01 1.031662099397285601e+02 2.000000000000000000e+00
-8.810241177448880023e+01 8.434767630722232923e+01 2.000000000000000000e+00
-1.782340020654723958e+02 8.874264555034297075e+01 2.000000000000000000e+00
6.100158661970645824e+01 1.217512872486330195e+02 4.000000000000000000e+00
-7.845440351663672374e+00 9.180108253841460453e+01 2.000000000000000000e+00
-9.009521455297115722e+01 6.098251409962458069e+01 2.000000000000000000e+00
-7.763225371544463371e+01 8.920535300563651049e+01 2.000000000000000000e+00
7.958782022578797921e+01 1.698850019991000693e+02 3.000000000000000000e+00
1.567483426883576385e+02 5.233262736128955339e+01 4.000000000000000000e+00
5.805912437894998845e+01 6.187438426196496266e+01 6.000000000000000000e+00
4.076141546316479491e+01 1.366571267007216761e+02 2.000000000000000000e+00
1.257417330148222732e+02 8.667955692534636114e+01 3.000000000000000000e+00
5.749671736011881251e-02 9.012148851300493391e+01 5.000000000000000000e+00
-1.490977769747247237e+02 2.142287748906706568e+01 2.000000000000000000e+00
-1.273463779946429781e+02 6.127275282192415773e+01 2.000000000000000000e+00
4.373663181969909886e+01 1.180224791088644594e+02 2.000000000000000000e+00
-2.765709745202633130e+00 5.317281835810992163e+01 4.000000000000000000e+00
4.401689205163197727e+01 9.879238065160834026e+01 2.000000000000000000e+00
8.919828753515805886e+01 8.537291234808482443e+01 3.000000000000000000e+00
-3.153968504184745214e+01 1.184801980689398277e+02 3.000000000000000000e+00
-1.773267540803342399e+02 9.000312533707652562e+01 3.000000000000000000e+00
1.773244755117739260e+02 8.999046329333420147e+01 2.000000000000000000e+00
-1.473917611220319372e+02 8.913863495662209857e+01 8.000000000000000000e+00
1.398849086153724564e+01 5.621064704631626796e+01 2.000000000000000000e+00
5.896693150071780565e+01 1.153014062592218352e+02 3.000000000000000000e+00
-1.352513964673003386e+02 1.187087069828557446e+02 2.000000000000000000e+00
1.566500863833430515e+02 8.585521778430462803e+01 2.000000000000000000e+00
-1.630792561146033961e+02 1.104459651874624626e+02 2.500000000000000000e+01
-1.502197056445389194e+02 7.683379006027145408e+01 4.000000000000000000e+00
9.189758822551121398e+01 9.565232369277769919e+01 2.000000000000000000e+00
1.765997934527588908e+00 9.125735444965704346e+01 3.000000000000000000e+00
-1.189984133802935418e+02 5.824871275136698756e+01 2.000000000000000000e+00
1.721545596483363454e+02 8.819891746158539547e+01 2.000000000000000000e+00
8.990478544702884278e+01 1.190174859003754335e+02 3.000000000000000000e+00
1.023677462845553521e+02 9.079464699436348951e+01 2.000000000000000000e+00
-1.004121797742120208e+02 1.011499800089991297e+01 5.000000000000000000e+00
-2.325165731164237215e+01 1.276673726387104466e+02 5.000000000000000000e+00
-1.219408756210500115e+02 1.181256157380350373e+02 7.000000000000000000e+00
-1.392385845368352193e+02 4.334287329927832388e+01 4.000000000000000000e+00
-5.425826698517774105e+01 9.332044307465363886e+01 2.000000000000000000e+00
1.813308824568400368e+01 8.091165051529826258e+01 3.000000000000000000e+00
-1.174426874999295656e+01 1.142553198230441325e+02 2.000000000000000000e+00
-4.858953239724080220e+00 8.995748597855369155e+01 2.000000000000000000e+00
-1.677035091628955286e+02 3.071860796168492413e+01 1.000000000000000000e+01
7.109325391984746112e+00 4.023983739298402895e+01 2.000000000000000000e+00
4.668152876738742663e+01 9.362655425430644129e+01 1.200000000000000000e+01
1.476675826404280372e+02 5.055204856205111241e+01 4.000000000000000000e+00
-9.446752375407930913e+01 1.407486107149721590e+02 3.000000000000000000e+00
3.709455313189485537e+01 8.972913341398717080e+01 3.000000000000000000e+00
-1.185684574557348299e+02 6.940774632257242160e+01 2.000000000000000000e+00
1.369330056112359841e+02 1.259323028522679380e+02 2.000000000000000000e+00
1.709086221516803050e+02 1.304938678621825829e+02 4.000000000000000000e+00
-2.838901359605884167e+01 1.416004828644269935e+02 3.000000000000000000e+00
8.688627633025615182e+01 1.725057204590522701e+02 2.000000000000000000e+00
1.504347070251094820e+01 7.943776051770545621e+01 3.000000000000000000e+00
1.315789508762618141e+02 6.942880884516647200e+01 2.000000000000000000e+00
8.209475940906214930e+01 3.484144621369718209e+01 2.000000000000000000e+00
-3.804628220707613906e+01 1.741313670118169057e+02 5.000000000000000000e+00
8.889168696052812679e-01 9.734446057437389754e+01 2.000000000000000000e+00
1.316733086889009314e+02 9.126552306962567229e+01 6.000000000000000000e+00
-8.583174886750478905e+00 9.184440172486490894e+01 2.000000000000000000e+00
1.707908228129839472e+02 1.298921364068209243e+02 2.000000000000000000e+00
7.850791803843418393e+01 1.157372458238454129e+02 3.000000000000000000e+00
1.167378792660167441e+01 1.085144745632634340e+02 2.000000000000000000e+00
-1.799444131233800590e+02 8.925800425030880092e+01 4.000000000000000000e+00
-1.706443149021560259e+02 5.572653942724249987e+01 2.000000000000000000e+00
1.050581446690304119e+02 8.869840297060137857e+01 2.000000000000000000e+00
7.129245584473902397e+01 6.741807566799154472e+01 2.000000000000000000e+00
9.180228929594289866e+01 5.578845705669817079e+01 2.000000000000000000e+00
-9.000000000000000000e+01 8.724087165237250474e+01 9.000000000000000000e+00
-1.618669117543159928e+02 9.908834948470176585e+01 2.000000000000000000e+00
1.682557312500070452e+02 6.574468017695588173e+01 2.000000000000000000e+00
1.751410467602759127e+02 9.004251402144630845e+01 5.000000000000000000e+00
1.229649083710447499e+01 1.492813920383150901e+02 3.000000000000000000e+00
-1.728906746080152743e+02 1.397601626070159568e+02 5.000000000000000000e+00
-1.333184712326125805e+02 8.637344574569355871e+01 2.000000000000000000e+00
-3.233241735957199836e+01 1.294479514379488876e+02 2.000000000000000000e+00
8.553247624592069087e+01 3.925138928502786229e+01 2.000000000000000000e+00
-1.429054468681051446e+02 9.027086658601285762e+01 2.000000000000000000e+00
6.143154254426517724e+01 1.105922536774275784e+02 3.000000000000000000e+00
-4.306699438876402297e+01 5.406769714773206914e+01 4.000000000000000000e+00
-9.091377848319719845e+00 4.950613213781744548e+01 2.000000000000000000e+00
1.516109864039411832e+02 3.839951713557300650e+01 2.000000000000000000e+00
-9.311372366974384818e+01 7.494279540947748508e+00 3.000000000000000000e+00
-1.649565292974890554e+02 1.005622394822945296e+02 2.000000000000000000e+00
-4.842104912373818593e+01 1.105711911548335280e+02 5.000000000000000000e+00
-9.790524059093785070e+01 1.451585537863028037e+02 2.000000000000000000e+00
1.419537177929238680e+02 5.868632988183076549e+00 4.000000000000000000e+00
-1.791110831303946895e+02 8.265553942562611667e+01 2.000000000000000000e+00
-4.832669131109905436e+01 8.873447693037432771e+01 3.000000000000000000e+00
1.714168251132495300e+02 8.815559827513509106e+01 2.000000000000000000e+00
-9.209177187016077681e+00 5.010786359317910410e+01 2.000000000000000000e+00
-1.014920819615658019e+02 6.426275417615458707e+01 2.000000000000000000e+00
-1.683262120733983522e+02 7.148552543673656601e+01 2.000000000000000000e+00
5.558687661994051593e-02 9.074199574969119908e+01 2.000000000000000000e+00
9.355685097843977616e+00 1.242734605727575143e+02 2.000000000000000000e+00
-7.494185533096960228e+01 9.130159702939863564e+01 3.000000000000000000e+00
-1.087075441552609760e+02 1.125819243320084695e+02 2.000000000000000000e+00
-8.819771070405710134e+01 1.242115429433018221e+02 2.000000000000000000e+00
9.000000000000000000e+01 9.275912834762749526e+01 4.000000000000000000e+00
-2.485558801929435901e+01 1.283374586556577128e+02 2.000000000000000000e+00
-1.866305797553264312e-01 9.015353661290914999e+01 2.000000000000000000e+00
2.120178156754676912e+00 1.506910391806210896e+02 4.000000000000000000e+00
-1.395377033503325208e+02 8.685830092165055305e+01 4.000000000000000000e+00
5.036828083620370222e+01 6.347679031641239789e+01 2.000000000000000000e+00
2.305821635778578838e+01 4.878501293206341671e+01 2.000000000000000000e+00
-9.145591303534143890e+01 8.441879561011484157e+01 6.000000000000000000e+00
3.663015372714085061e+01 7.754219253311639193e+01 4.000000000000000000e+00
-1.256045990512712365e+02 6.116548158794422818e+01 6.000000000000000000e+00
1.017965868406393923e+02 8.081281242191131753e+01 4.000000000000000000e+00
1.147603427114912478e+02 1.157401646750408162e+02 7.000000000000000000e+00
-2.335314469284496397e+01 6.053106349565543809e+01 2.000000000000000000e+00
2.653343519645362303e+00 4.505467548611954243e+01 2.000000000000000000e+00
-1.799968825207596410e+02 9.120512526821509880e+01 2.000000000000000000e+00
-3.912651274538246682e+00 8.741995237747703129e+01 2.000000000000000000e+00
4.048048597058561882e+01 6.673587923102287789e+01 3.000000000000000000e+00
1.255421424490344577e+02 1.168266835178028344e+02 2.000000000000000000e+00
1.025349148651674511e+02 8.208728270939434424e+01 2.000000000000000000e+00
4.478414770014544644e+01 5.963492359151783262e+01 7.000000000000000000e+00
1.104126151098904529e+01 1.073555995699996828e+02 2.000000000000000000e+00
-1.756197059028996588e+00 8.220981541009510352e+01 4.000000000000000000e+00
1.675603595492324871e+02 8.753315184813229166e+01 4.000000000000000000e+00
8.300890898840835064e+01 6.171256223196929369e+01 2.000000000000000000e+00
1.551444119807056552e+02 5.166254134434229428e+01 2.000000000000000000e+00
1.798133694202446691e+02 8.984646338709085001e+01 2.000000000000000000e+00
-1.778798218432453098e+02 2.930896081937893172e+01 2.000000000000000000e+00
4.046229664966747208e+01 9.314169907834946116e+01 2.000000000000000000e+00
-1.296317191637963049e+02 1.165232096835876092e+02 5.000000000000000000e+00
-1.569417836422142329e+02 1.312149870679365904e+02 2.000000000000000000e+00
8.854408696465856110e+01 9.558120438988515843e+01 2.000000000000000000e+00
-1.433698462728591778e+02 1.024578074668836081e+02 2.000000000000000000e+00
5.439540094872877063e+01 1.188345184120557860e+02 3.000000000000000000e+00
-7.820341315936063609e+01 9.918718757808869668e+01 2.000000000000000000e+00
-6.523965728850876644e+01 6.425983532495918382e+01 2.000000000000000000e+00
1.566468553071550218e+02 1.194689365043445548e+02 2.000000000000000000e+00
-1.773466564803546532e+02 1.349453245138804505e+02 3.000000000000000000e+00
3.117479240358760062e-03 8.879487473178490120e+01 2.000000000000000000e+00
1.760873487254617658e+02 9.258004762252296871e+01 3.000000000000000000e+00
-1.395195140294143812e+02 1.132641207689771221e+02 4.000000000000000000e+00
-5.445785755096556358e+01 6.317331648219717266e+01 2.000000000000000000e+00
-7.746508513483256309e+01 9.791271729060565576e+01 4.000000000000000000e+00
-1.352158522998545607e+02 1.203650764084821674e+02 2.000000000000000000e+00
-1.689587384890109831e+02 7.264440043000031721e+01 2.000000000000000000e+00
1.782438029409710225e+02 9.779018458990489648e+01 8.000000000000000000e+00
-1.243964045076752889e+01 9.246684815186772255e+01 9.000000000000000000e+00
-9.699109101159164936e+01 1.182874377680307134e+02 2.000000000000000000e+00
1.931615875675653271e+01 9.960484047985389111e+01 3.000000000000000000e+00
-4.847132744821828254e+01 1.177923574897533001e+02 8.000000000000000000e+00
-1.762042776114956268e+02 1.189179507444840027e+02 2.000000000000000000e+00
1.631834421716510519e+02 9.137458684243169671e+01 2.000000000000000000e+00
-1.780784531839564124e+02 6.242604515809525800e+00 6.000000000000000000e+00
2.958611749808123470e+00 1.712191066199011118e+02 3.000000000000000000e+00
-9.192340304415478158e+01 8.814754434477694645e+01 2.000000000000000000e+00
-1.269706138499582408e+02 1.050731424213592078e+02 7.000000000000000000e+00
8.147178957344853245e+01 8.537219617635247459e+01 5.000000000000000000e+00
1.221266884499035967e+02 1.145067528961024124e+02 5.000000000000000000e+00
1.278424873171197795e+01 6.256709969577927666e+01 4.000000000000000000e+00
-1.825584234390181138e+01 5.580368806208674926e+00 2.000000000000000000e+00
-1.799987140392948106e+02 9.125353632538597992e+01 3.000000000000000000e+00
3.467505204339624925e+01 5.964033923495129130e+01 3.000000000000000000e+00
-9.044256323754625626e+00 8.974420461227303747e+01 2.000000000000000000e+00
-1.455131867734663160e+02 1.207852130794417889e+02 3.000000000000000000e+00
-9.376922167542439013e+01 6.058790304063234089e+01 2.000000000000000000e+00
1.755891459011826043e+02 1.255156628654788449e+02 2.000000000000000000e+00
-7.928251478761453086e+01 1.184175031273572358e+02 5.000000000000000000e+00
7.534813965031996474e+01 1.008022518754346208e+02 2.000000000000000000e+00
-1.367612350595753981e+02 1.042418865958579630e+02 4.000000000000000000e+00
-1.740356770679804299e+02 9.080418742626265782e+01 2.000000000000000000e+00
-1.728440167605975830e+02 2.047509796880762067e+01 3.000000000000000000e+00
-1.606838412432434779e+02 8.039515952014610889e+01 2.000000000000000000e+00
1.315286725517817104e+02 6.220764251024670699e+01 3.000000000000000000e+00
3.795722388504372713e+00 6.108204925551599729e+01 2.000000000000000000e+00
-1.681655782834898716e+01 8.862541315756830329e+01 3.000000000000000000e+00
1.921546816043596673e+00 1.737573954841904822e+02 2.000000000000000000e+00
-1.770413882501918863e+02 8.780893380098889978e+00 4.000000000000000000e+00
8.807659695584521842e+01 9.185245565522305355e+01 2.000000000000000000e+00
5.302938615004176626e+01 7.492685757864080642e+01 1.000000000000000000e+01
-9.852821042655148176e+01 9.462780382364752541e+01 2.000000000000000000e+00
-5.787331155009640327e+01 6.549324710389758764e+01 2.000000000000000000e+00
-1.672157512682880167e+02 1.174329003042207376e+02 2.000000000000000000e+00
1.617441576560981957e+02 1.744196311937913322e+02 2.000000000000000000e+00
1.285960705190608219e-03 8.874646367461404850e+01 3.000000000000000000e+00
-1.453249479566037508e+02 1.203596607650487158e+02 3.000000000000000000e+00
1.709557436762453904e+02 9.025579538772696253e+01 7.000000000000000000e+00
3.448681322653369818e+01 5.921478692055821824e+01 2.000000000000000000e+00
8.623077832457562408e+01 1.194120969593676733e+02 2.000000000000000000e+00
-4.410854098817397428e+00 5.448433713452114802e+01 6.000000000000000000e+00
1.007174852123854834e+02 6.158249687264278549e+01 1.000000000000000000e+01
-1.046518603496800495e+02 7.919774812456540758e+01 4.000000000000000000e+00
4.323876494042460905e+01 7.575811340414203698e+01 2.000000000000000000e+00
5.964322932019585188e+00 8.919581257373735639e+01 4.000000000000000000e+00
7.155983239402427643e+00 1.595249020311923971e+02 2.000000000000000000e+00
1.432213908981650441e+01 9.176505164885892896e+01 5.000000000000000000e+00
-1.102921516696196278e+02 9.418487007226842422e+01 3.000000000000000000e+00
0.000000000000000000e+00 9.000000000000000000e+01 6.000000000000000000e+00
1.737397454193755095e+02 1.563044448126242258e+01 2.000000000000000000e+00
3.706498087870271263e+01 8.719765607810754204e+01 3.000000000000000000e+00
-1.765897669648220472e+02 6.090144984507023018e+00 2.000000000000000000e+00
-1.793841460324655088e+02 1.128300423716589478e+02 2.000000000000000000e+00
-9.272015058984639779e+01 8.712399611296881119e+01 3.000000000000000000e+00
3.265003185034024824e+01 5.519958690559401049e+01 2.000000000000000000e+00
-3.712053462126728931e+01 9.626316884395657780e+01 2.000000000000000000e+00
-6.296922149040164385e+01 6.549417216428840050e+01 3.000000000000000000e+00
-9.000000000000000000e+01 8.712452895400842579e+01 3.000000000000000000e+00
8.403542280889448080e+01 8.243080650747967297e+01 2.000000000000000000e+00
9.000000000000000000e+01 5.750997487200466196e+01 2.000000000000000000e+00
-1.041884652080497062e+02 1.749393110520901189e+02 2.000000000000000000e+00
3.952322043428187470e+01 1.165482457701365178e+02 5.000000000000000000e+00
2.923038749729703412e+01 6.030956817171215079e+01 3.000000000000000000e+00
-5.060499341027846043e+01 7.559421326255738904e+01 2.000000000000000000e+00
8.099908334323124848e+00 1.461876811632499482e+02 8.000000000000000000e+00
9.557414245113213269e+01 9.199704360510037304e+01 2.000000000000000000e+00
-1.656778609101835116e+02 8.823494835114109947e+01 2.000000000000000000e+00
6.970784833038037220e+01 8.581512992773158999e+01 2.000000000000000000e+00
-1.800000000000000000e+02 9.000000000000000000e+01 2.000000000000000000e+00
-6.260254580624503795e+00 1.643695555187375987e+02 3.000000000000000000e+00
-1.429350191212973016e+02 9.280234392189245796e+01 4.000000000000000000e+00
3.410233035177982153e+00 1.739098550154929796e+02 1.000000000000000000e+01
6.158539675344840703e-01 6.716995762834108064e+01 9.000000000000000000e+00
8.727984941015363063e+01 9.287600388703118881e+01 2.000000000000000000e+00
-1.473499681496597589e+02 1.248004130944059824e+02 2.000000000000000000e+00
1.428794653787327036e+02 8.373683115604342220e+01 2.000000000000000000e+00
1.170307785095983633e+02 1.145058278357116137e+02 2.000000000000000000e+00
9.000000000000000000e+01 9.287547104599158843e+01 7.000000000000000000e+00
-9.596457719110550499e+01 9.756919349252032703e+01 4.000000000000000000e+00
-9.000000000000000000e+01 1.224900251279953665e+02 2.000000000000000000e+00
7.581153479195030798e+01 5.060688947909902424e+00 5.000000000000000000e+00
-1.404767795657181466e+02 6.345175422986348934e+01 5.000000000000000000e+00
-1.507696125027029836e+02 1.196904318282878421e+02 5.000000000000000000e+00
1.293950065897215325e+02 1.044057867374425967e+02 2.000000000000000000e+00
-1.719000916656768823e+02 3.381231883675007310e+01 3.000000000000000000e+00
-8.442585754886786731e+01 8.800295639489964117e+01 2.000000000000000000e+00
1.237648442799462885e+02 2.161178203577658152e+01 2.000000000000000000e+00
-3.814658942370373396e+00 1.578044629244106147e+02 3.000000000000000000e+00
-7.313462531893066831e+00 1.601976210871431761e+02 2.000000000000000000e+00
3.590925106513004295e+01 1.263158380780048446e+02 2.000000000000000000e+00
9.018772280809992026e+01 2.947703785567009849e+00 2.000000000000000000e+00
-9.161208792848830740e+01 9.112497814168953880e+01 2.000000000000000000e+00
1.732100285432338467e+02 4.564761270277841021e+01 2.000000000000000000e+00
-1.665557404464981630e+02 7.109072590946665571e+01 2.000000000000000000e+00
-9.476249426668542242e+01 9.999803178844521767e+01 2.000000000000000000e+00
6.248545177631397252e+01 9.989435878241540934e+01 4.000000000000000000e+00
4.480290348885379359e+01 8.678173641764928448e+01 2.000000000000000000e+00
3.357606985298973967e+01 4.902304933606818338e+01 2.000000000000000000e+00
-5.457306489069529754e+00 8.717804495785365759e+01 3.000000000000000000e+00
-7.773982695915444552e+00 8.346852447409376907e+01 4.000000000000000000e+00
-5.623515572005370444e+01 1.583882179642234291e+02 3.000000000000000000e+00
1.761853410576296426e+02 2.219553707558941724e+01 2.000000000000000000e+00
1.726865374681069341e+02 1.980237891285684881e+01 2.000000000000000000e+00
-1.440907489348699642e+02 5.368416192199516246e+01 3.000000000000000000e+00
-8.981227719190010816e+01 1.770522962144329995e+02 3.000000000000000000e+00
8.838791207151172102e+01 8.887502185831046120e+01 2.000000000000000000e+00
-6.789971456766163094e+00 1.343523872972215827e+02 4.000000000000000000e+00
1.344425955350182811e+01 1.089092740905333443e+02 1.000000000000000000e+01
8.523750573331457758e+01 8.000196821155478233e+01 8.000000000000000000e+00
-1.175145482236860488e+02 8.010564121758459066e+01 2.000000000000000000e+00
-1.351970965111462135e+02 9.321826358235071552e+01 3.000000000000000000e+00
-1.464239301470102532e+02 1.309769506639318308e+02 5.000000000000000000e+00
1.745426935109304623e+02 9.282195504214632820e+01 2.000000000000000000e+00
1.722260173040845643e+02 9.653147552590623093e+01 2.000000000000000000e+00
-4.494551273223066801e+01 4.337156868111502916e+01 3.000000000000000000e+00
-9.331027972973828355e+01 6.546285676160985645e+01 3.000000000000000000e+00
1.480685050467009205e+02 1.629411276332164960e+01 3.000000000000000000e+00
4.070621998708335809e+01 9.219646361984568728e+01 5.000000000000000000e+00
2.662889305365072445e+01 1.203007461992607716e+02 5.000000000000000000e+00
-9.401911065588620886e+01 1.445011797620742016e+02 3.000000000000000000e+00
4.038122747741302021e+01 1.118350581176919434e+02 2.000000000000000000e+00
8.159855769277416471e+01 8.003689206785993804e+01 2.000000000000000000e+00
-2.185591250963411269e+01 1.445152133413592992e+02 4.000000000000000000e+00
-1.027798268493789067e+02 8.763077650210198044e+01 2.000000000000000000e+00
-4.644863321483821750e+01 9.222955179474786291e+01 2.000000000000000000e+00
4.429980484890381831e+01 8.819137837874961861e+01 2.000000000000000000e+00
-7.658856966425562973e+01 9.230641430778473477e+01 2.000000000000000000e+00
1.040674938888176939e+02 9.318072924972537407e+01 3.000000000000000000e+00
-1.291274739142160684e+02 6.884297824651756059e+01 2.000000000000000000e+00
1.350544872677693320e+02 1.366284313188849922e+02 3.000000000000000000e+00
8.668972027026173066e+01 1.145371432383901436e+02 2.000000000000000000e+00
-3.193149495329909726e+01 1.637058872366783646e+02 3.000000000000000000e+00
-1.392937800129166703e+02 8.780353638015431272e+01 2.000000000000000000e+00
-1.533711069463493004e+02 5.969925380073922128e+01 2.000000000000000000e+00
8.598088934411379114e+01 3.549882023792579844e+01 2.000000000000000000e+00
-1.396187725225869656e+02 6.816494188230804241e+01 4.000000000000000000e+00
-9.840144230722583529e+01 9.996310793214009038e+01 5.000000000000000000e+00
1.581440874903659051e+02 3.548478665864069370e+01 3.000000000000000000e+00
7.722017315062109333e+01 9.236922349789803377e+01 4.000000000000000000e+00
1.335513667851618038e+02 8.777044820525215130e+01 5.000000000000000000e+00
-1.357001951510961817e+02 9.180862162125038139e+01 8.000000000000000000e+00
1.034114303357443845e+02 8.769358569221526523e+01 7.000000000000000000e+00
-7.593250611118230609e+01 8.681927075027464014e+01 2.000000000000000000e+00
5.087252608578392454e+01 1.111570217534824394e+02 2.000000000000000000e+00
1.525713838028300984e+01 8.996557194932641721e+01 2.000000000000000000e+00
-1.528682283542619018e+02 5.223042081264682679e+01 2.000000000000000000e+00
-7.511287510334851980e+00 1.549413928764961099e+02 3.000000000000000000e+00
1.774593600782065721e+02 9.000564675602014120e+01 2.000000000000000000e+00
8.818130829212354627e+01 4.132773052304308692e+01 4.000000000000000000e+00
-1.513915448103380754e+02 7.438347287787860473e+00 2.000000000000000000e+00
-1.337151313030712743e+02 9.383640719338251301e+01 6.000000000000000000e+00
1.719947130146243808e+02 1.142359548716896427e+02 3.000000000000000000e+00
8.927054334056396101e+01 1.494033939816133909e+02 2.000000000000000000e+00
1.770265520381809097e+02 1.484816759946436946e+02 3.000000000000000000e+00
8.019559501664804202e+01 1.746314678662795359e+02 3.000000000000000000e+00
1.571594106579914474e+01 9.362913406392219429e+01 4.000000000000000000e+00
-3.593550406424545152e+00 9.010886876885163588e+01 3.000000000000000000e+00
3.464075446936108449e+01 6.516691976546010778e+01 2.000000000000000000e+00
9.742310758205678667e+01 9.251821448044189822e+01 2.000000000000000000e+00
-3.664716013543888096e+01 6.594164924403931138e+01 2.000000000000000000e+00
-1.647428616197169902e+02 9.003442805067358279e+01 2.000000000000000000e+00
2.713177164573808753e+01 1.277695791873531732e+02 3.000000000000000000e+00
1.724887124896651471e+02 2.505860712350389718e+01 7.000000000000000000e+00
-2.540639921793419909e+00 8.999435324397988722e+01 4.000000000000000000e+00
-9.181869170787645373e+01 1.386722694769569273e+02 5.000000000000000000e+00
2.860845518966192458e+01 1.725616527122121511e+02 4.000000000000000000e+00
4.628486869692871863e+01 8.616359280661748699e+01 3.000000000000000000e+00
-8.005286985375647646e+00 6.576404512831037152e+01 2.000000000000000000e+00
-9.072945665943602478e+01 3.059660601838661620e+01 2.000000000000000000e+00
-2.973447961819124963e+00 3.151832400535630185e+01 5.000000000000000000e+00
-9.980440498335195798e+01 5.368532133720489874e+00 2.000000000000000000e+00
-1.642840589342008855e+02 8.637086593607780571e+01 2.000000000000000000e+00
1.764064495935754451e+02 8.989113123114836412e+01 3.000000000000000000e+00
-1.453592455306389297e+02 1.148330802345399064e+02 5.000000000000000000e+00
-8.257689241794321333e+01 8.748178551955811599e+01 2.000000000000000000e+00
1.433528398645611048e+02 1.140583507559607028e+02 2.000000000000000000e+00
-1.506667110844971376e+02 2.068066050066554951e+01 3.000000000000000000e+00
9.192088101378777765e+01 1.103363084650677735e+02 2.000000000000000000e+00
1.065954904577309748e+02 7.244960210686683411e+01 3.000000000000000000e+00
-3.785515875020853116e+01 2.728091335293256137e+01 3.000000000000000000e+00
1.776101679107960933e+02 8.996835141293271931e+01 2.000000000000000000e+00
-9.322913295529653510e+01 1.389334736755008066e+02 6.000000000000000000e+00
1.929777156572868080e+01 1.186878745670091320e+02 3.000000000000000000e+00
2.584055656833527781e+00 9.004101803431275641e+01 3.000000000000000000e+00
4.066964325408124026e+00 3.948931981299889316e+01 7.000000000000000000e+00
1.292659248388243611e+02 1.097830004650623295e+02 5.000000000000000000e+00
3.940303424577053448e+01 8.046816452838396572e+01 2.000000000000000000e+00
2.678483208163739276e-02 1.282770174598137771e+02 2.000000000000000000e+00
9.974274537774272176e+01 5.881899766053602718e+01 4.000000000000000000e+00
2.933328891550285533e+01 1.593193394993344612e+02 5.000000000000000000e+00
-8.807911898621222235e+01 6.966369153493222655e+01 2.000000000000000000e+00
-7.340450954226902525e+01 1.075503978931331801e+02 2.000000000000000000e+00
1.421448412497914831e+02 1.527190866470674564e+02 7.000000000000000000e+00
-2.389832089203913768e+00 9.003164858706730911e+01 3.000000000000000000e+00
8.677086704470346490e+01 4.106652632449920048e+01 3.000000000000000000e+00
-1.607022284342713192e+02 6.131212543299088935e+01 2.000000000000000000e+00
-1.774159443431664727e+02 8.995898196568727201e+01 3.000000000000000000e+00
-1.759330356745918778e+02 1.405106801870010997e+02 4.000000000000000000e+00
-5.073407516117563176e+01 7.021699953493767055e+01 7.000000000000000000e+00
-1.405969657542294726e+02 9.953183547161602007e+01 7.000000000000000000e+00
-1.799732151679183403e+02 5.172298254018622998e+01 3.000000000000000000e+00
-8.025725462225726403e+01 1.211810023394639586e+02 2.000000000000000000e+00
-1.217347094202790316e+02 8.189380498275783182e+00 2.000000000000000000e+00
1.776768025878196795e+02 9.006015522572469933e+01 3.000000000000000000e+00
-7.280902591466643514e+01 3.081235724365632578e+01 2.000000000000000000e+00
8.951497405272080243e+01 1.149769486628790531e+02 2.000000000000000000e+00
4.511344728033363793e+01 4.680068942068501059e+01 3.000000000000000000e+00
-1.008478110938917354e+02 1.750581266441229502e+02 2.000000000000000000e+00
-1.439708448505064666e+02 7.602980199321181942e+01 2.000000000000000000e+00
-1.072732931047932965e+02 4.748002711525598585e+01 2.000000000000000000e+00
1.778278435599852116e+02 8.836174751849972608e+01 4.000000000000000000e+00
-1.396995919316053971e+02 1.089293202086808066e+02 4.000000000000000000e+00
-1.336066172095893023e+01 8.964253817349933229e+01 2.000000000000000000e+00
-1.385931828448582337e+02 1.248142591616840633e+02 3.000000000000000000e+00
5.223776280922618298e+01 8.016058688235533225e+01 2.000000000000000000e+00
-1.799202950811483390e+02 9.104796100133501113e+01 1.000000000000000000e+01
5.826529057972096837e+01 1.718106195017242612e+02 3.000000000000000000e+00
-2.323197412180319610e+00 8.993984477427530067e+01 2.000000000000000000e+00
1.071909740853335649e+02 1.491876427563436778e+02 2.000000000000000000e+00
-9.048502594727921178e+01 6.502305133712094687e+01 3.000000000000000000e+00
-1.348865527196663834e+02 1.331993105793149823e+02 2.000000000000000000e+00
7.915218890610829305e+01 4.941873355877055118e+00 5.000000000000000000e+00
3.602915514949354048e+01 1.039701980067881806e+02 2.000000000000000000e+00
7.272670689520671772e+01 1.325199728847440213e+02 3.000000000000000000e+00
-2.172156440014784806e+00 9.163825248150027392e+01 3.000000000000000000e+00
4.030040806839462419e+01 7.107067979131919344e+01 3.000000000000000000e+00
1.666393382790410840e+02 9.035746182650069613e+01 3.000000000000000000e+00
4.140681715514176631e+01 5.518574083831593668e+01 2.000000000000000000e+00
-1.277622371907738312e+02 9.983941311764466775e+01 2.000000000000000000e+00
7.970491885165911783e-02 8.895203899866500308e+01 3.000000000000000000e+00
1.749398141724773552e+02 1.440624828762327638e+02 4.000000000000000000e+00
1.782382278312954895e+02 8.540546787526902506e+01 2.000000000000000000e+00
1.767749196245758014e+02 1.373288055577659179e+02 2.000000000000000000e+00
9.000000000000000000e+01 7.665124628010185859e+01 2.000000000000000000e+00
-1.722268235013185915e+02 1.145974453138477998e+02 3.000000000000000000e+00
9.094397691846073428e+01 6.605104571732336183e+01 2.000000000000000000e+00
-7.051833226884950534e+01 5.265195735225812257e+01 2.000000000000000000e+00
9.168295112778091038e+01 1.693119768871806343e+02 2.000000000000000000e+00
-5.060185827522640345e+00 3.593751712376726459e+01 3.000000000000000000e+00
-1.761772168704524688e+00 9.459453212473096073e+01 3.000000000000000000e+00
-3.225080375424207002e+00 4.267119444223408919e+01 2.000000000000000000e+00
-9.000000000000000000e+01 1.033487537198981556e+02 5.000000000000000000e+00
7.773176498681437785e+00 6.540255468615221446e+01 2.000000000000000000e+00
-8.905602308153927993e+01 1.139489542826766240e+02 3.000000000000000000e+00
1.094816677311504947e+02 1.273480426477418774e+02 2.000000000000000000e+00
-8.831704887221908962e+01 1.068802311281939943e+01 4.000000000000000000e+00
1.416502342889021406e+02 5.929179260744516000e+01 5.000000000000000000e+00
1.346324872488856101e+02 1.173222892347387614e+02 2.000000000000000000e+00
-3.016208443970690212e+00 1.121055330634236782e+02 3.000000000000000000e+00
-1.459020082811721011e+02 1.102038021730038082e+02 2.000000000000000000e+00
1.371774382636428413e+02 6.595744158070780827e+01 5.000000000000000000e+00
4.670977447595348764e+01 7.141417248235399029e+01 2.000000000000000000e+00
1.293625279088129787e+02 9.638296482440762247e+01 2.000000000000000000e+00
9.681514669544716867e+01 4.293485139863413735e+01 2.000000000000000000e+00
-3.834976571109785226e+01 1.207082073925548542e+02 2.000000000000000000e+00
-4.536751275111439696e+01 6.267771076526125285e+01 2.000000000000000000e+00
1.769837915560293027e+02 6.789446693657633602e+01 2.000000000000000000e+00
3.409799171882789892e+01 6.979619782699620600e+01 3.000000000000000000e+00
-4.282256173635715868e+01 1.140425584192921917e+02 3.000000000000000000e+00
-1.332902255240465195e+02 1.085858275176460239e+02 3.000000000000000000e+00
-5.063747209118703552e+01 8.361703517559239174e+01 3.000000000000000000e+00
-8.318485330455283133e+01 1.370651486013658769e+02 3.000000000000000000e+00
1.644314834893122850e+02 1.333056955869740534e+02 2.000000000000000000e+00
-1.299567754173889682e+02 8.310419299227143597e+01 4.000000000000000000e+00
8.312482394469149938e+01 7.697347279868849057e+01 3.000000000000000000e+00
1.580847735249034542e+02 1.211824236383296522e+02 2.000000000000000000e+00
-8.662948584337469526e+01 1.304149445662000630e+02 2.000000000000000000e+00
1.122006637996253318e+02 1.754441687356730313e+02 2.000000000000000000e+00
1.876575793794979674e+01 6.704236803494283947e+01 5.000000000000000000e+00
-1.556851651068773812e+01 4.669430441302596790e+01 2.000000000000000000e+00
5.004322458261103179e+01 9.689580700772856403e+01 6.000000000000000000e+00
-9.687517605530852904e+01 1.030265272013115236e+02 3.000000000000000000e+00
-2.191522647509654576e+01 5.881757636167036196e+01 2.000000000000000000e+00
9.337051415662530474e+01 4.958505543379995117e+01 2.000000000000000000e+00
-6.779933620037465403e+01 4.555831264326970498e+00 4.000000000000000000e+00
-1.612342420620502139e+02 1.129576319650571463e+02 2.000000000000000000e+00
7.930397284950061021e+01 7.765409415086331535e+01 3.000000000000000000e+00
-4.108658789787503451e+01 6.506970223346479543e+01 5.000000000000000000e+00
1.108744503895426003e+00 1.039776312713346300e+02 2.000000000000000000e+00
5.302355844485692415e+01 7.092167597246171340e+01 2.000000000000000000e+00
-1.006960271504993756e+02 1.023459058491366989e+02 2.000000000000000000e+00
1.389134121021249655e+02 1.149302977665352046e+02 3.000000000000000000e+00
-1.788912554961046055e+02 7.602236872866536999e+01 2.000000000000000000e+00
-1.269764415551430830e+02 1.090783240275383150e+02 5.000000000000000000e+00
-1.128007647234317403e+02 8.270610373631767231e+01 3.000000000000000000e+00
-1.109634813279997729e+02 9.513863929805233965e+01 3.000000000000000000e+00
6.719923527656827389e+01 9.729389626368235611e+01 3.000000000000000000e+00
6.903651867200022707e+01 8.486136070194766035e+01 2.000000000000000000e+00
-9.707431219713522808e+01 1.070420694512265669e+02 2.000000000000000000e+00
-5.019257418466357024e+01 6.941978724206013851e+01 3.000000000000000000e+00
-1.011577020009809473e+02 8.637366672092572628e+01 2.000000000000000000e+00
-1.758359516041706740e+02 8.164142512366838389e+01 5.000000000000000000e+00
4.905639691974639760e+01 9.541900601836198348e+01 4.000000000000000000e+00
5.388534836672386064e+01 9.275690180363817205e+01 2.000000000000000000e+00
8.292568780286477192e+01 7.295793054877343309e+01 2.000000000000000000e+00
1.298074258153364440e+02 1.105802127579398615e+02 2.000000000000000000e+00
7.884229799901905267e+01 9.362633327907430214e+01 4.000000000000000000e+00
4.164048395829331284e+00 9.835857487633161611e+01 2.000000000000000000e+00
-1.309436030802536095e+02 8.458099398163800231e+01 2.000000000000000000e+00
-1.261146516332761536e+02 8.724309819636184216e+01 2.000000000000000000e+00
1.276079922361813459e+02 8.468592093824511835e+01 3.000000000000000000e+00
1.669488882263487142e+02 1.322626388995621483e+02 3.000000000000000000e+00
-1.263357772665762013e+02 1.137393375920376002e+02 2.000000000000000000e+00
-5.409236819353718317e+01 4.261222720798627250e+01 4.000000000000000000e+00
-5.239200776381865410e+01 9.531407906175488165e+01 2.000000000000000000e+00
-1.305111177365131070e+01 4.773736110043785885e+01 2.000000000000000000e+00
5.366422273342380578e+01 6.626066240796239981e+01 3.000000000000000000e+00
1.259076318064628168e+02 1.373877727920137204e+02 2.000000000000000000e+00
1.423096575608043963e+02 6.306289889059303277e+01 4.000000000000000000e+00
-9.320269187274730882e+01 8.977049428525806718e+01 5.000000000000000000e+00
-1.398444460002418168e+02 1.055925733508485962e+02 2.000000000000000000e+00
7.799285389258072598e+01 1.421252130660308239e+02 2.000000000000000000e+00
4.963669098881590713e+01 9.042765256885989800e+01 3.000000000000000000e+00
-3.769034243919560367e+01 1.169371011094069814e+02 6.000000000000000000e+00
8.679730812725270539e+01 9.022950571474194703e+01 2.000000000000000000e+00
4.015555399975816897e+01 7.440742664915138960e+01 2.000000000000000000e+00
-1.020071461074192882e+02 3.787478693396919738e+01 3.000000000000000000e+00
-1.303633090111840716e+02 8.957234743114008779e+01 2.000000000000000000e+00
-1.265858541459998889e+02 1.131020728930805461e+02 3.000000000000000000e+00
1.179376534096316647e+02 1.176552615558042731e+02 2.000000000000000000e+00
-8.330086035183111903e+01 1.371895549198278559e+02 2.000000000000000000e+00
-1.423731478228375522e+02 1.237911049032963859e+02 2.000000000000000000e+00
4.632111184679136784e+01 5.519856564457687398e+01 4.000000000000000000e+00
4.521676995296189006e+01 8.469060693526481032e+01 2.000000000000000000e+00
5.341414585400012527e+01 6.689792710691945388e+01 2.000000000000000000e+00
-6.206234659036836376e+01 6.234473844419574107e+01 3.000000000000000000e+00
9.669913964816888097e+01 4.281044508017213701e+01 3.000000000000000000e+00
3.762685217716244068e+01 5.620889509670362116e+01 3.000000000000000000e+00
-1.336788881532086464e+02 1.248014343554231402e+02 2.000000000000000000e+00
-1.347832300470381313e+02 9.530939306473518968e+01 2.000000000000000000e+00
1.131139240251061722e+02 1.118704029828292477e+02 6.000000000000000000e+00
-6.010308031070231038e+01 9.076364033522847308e+01 2.000000000000000000e+00
1.660795067865346084e+02 9.606553594267315077e+01 2.000000000000000000e+00
-1.077061087417534821e+02 8.950209064205658649e+01 2.000000000000000000e+00
1.804039613152200872e+01 6.560161183498111370e+01 4.000000000000000000e+00
9.872542534581828022e+01 1.368550329382324833e+02 2.000000000000000000e+00
-1.610974624151241485e+01 4.745560731862083514e+01 2.000000000000000000e+00
-7.009690503033979780e+01 9.457487058539774694e+01 2.000000000000000000e+00
4.202708414389230995e+01 5.491145164471728179e+01 3.000000000000000000e+00
-6.688607597489384204e+01 6.812959701717076655e+01 4.000000000000000000e+00
1.198969196892976896e+02 8.923635966477152692e+01 6.000000000000000000e+00
-1.392049321346539514e+01 8.393446405732684923e+01 8.000000000000000000e+00
7.229389125824653206e+01 9.049790935794342772e+01 2.000000000000000000e+00
-1.619596038684779842e+02 1.143983881650188863e+02 4.000000000000000000e+00
-8.127457465418171978e+01 4.314496706176752383e+01 2.000000000000000000e+00
1.638902537584875745e+02 1.325443926813791791e+02 5.000000000000000000e+00
1.099030949696602164e+02 8.542512941460225306e+01 5.000000000000000000e+00
-1.379729158561077043e+02 1.250885483552827253e+02 2.000000000000000000e+00
-1.256977741299512985e+02 1.215683317459494504e+02 3.000000000000000000e+00
1.275128987667297231e+01 5.444214256716991684e+01 4.000000000000000000e+00
8.651122791871142681e+01 1.442837783270495038e+02 2.000000000000000000e+00
-9.212387735387096654e+01 1.303638012604189100e+02 2.000000000000000000e+00
5.430222587004870149e+01 5.843166825405054965e+01 2.000000000000000000e+00
-1.672487101233270437e+02 1.255578574328300903e+02 2.000000000000000000e+00
-9.348877208128860161e+01 3.571622167295051042e+01 7.000000000000000000e+00
8.787612264612904767e+01 4.963619873958110418e+01 2.000000000000000000e+00
3.401059718734425275e+01 1.239389738237652523e+02 6.000000000000000000e+00
6.871022125758098298e+01 6.644855880707550000e+01 6.000000000000000000e+00
2.480454989217194850e+01 5.773196768691065728e+01 9.000000000000000000e+00
1.370647040309505655e+02 1.060597041474261601e+02 2.000000000000000000e+00
-1.459894028126557544e+02 5.606102617623476903e+01 6.000000000000000000e+00
-1.112897787424190170e+02 1.135514411929245284e+02 6.000000000000000000e+00
-1.551954501078280657e+02 1.222680323130893640e+02 2.000000000000000000e+00
-4.293529596904944867e+01 7.394029585257385406e+01 2.000000000000000000e+00
-1.384760581105147992e+02 1.227329802436381243e+02 2.000000000000000000e+00
1.775010002142365693e+02 1.269180964100076636e+02 2.000000000000000000e+00
1.297235494524051092e+02 9.826177282709198835e+01 2.000000000000000000e+00
-8.948443120043154408e+01 5.889928090869631205e+01 4.000000000000000000e+00
4.152394188948522213e+01 5.726701975636187569e+01 2.000000000000000000e+00
-2.498999785763439174e+00 5.308190358999234348e+01 2.000000000000000000e+00
-5.027645054759490506e+01 8.173822717290802586e+01 3.000000000000000000e+00
9.051556879956845592e+01 1.211007190913037022e+02 7.000000000000000000e+00
-6.913319819753473894e+01 9.434704655008071938e+01 2.000000000000000000e+00
1.108668018024652753e+02 8.565295344991929483e+01 2.000000000000000000e+00
-1.020927340868039863e+02 1.644097095104625623e+02 2.000000000000000000e+00
-2.253141440524389694e+01 7.167996081884342630e+01 3.000000000000000000e+00
9.144402313104723135e+01 9.456008359004658814e+01 2.000000000000000000e+00
7.790726591319601368e+01 1.559029048953743590e+01 2.000000000000000000e+00
1.574685855947561208e+02 1.083200391811565737e+02 3.000000000000000000e+00
-8.855597686895278287e+01 8.543991640995339765e+01 3.000000000000000000e+00
9.031099780599052451e+01 1.330071326708168726e+02 2.000000000000000000e+00
-9.052101306222736810e+01 1.377993961325365717e+02 2.000000000000000000e+00
8.889834579405065540e+01 5.513861398592081287e+01 2.000000000000000000e+00
1.084896801197756702e+02 8.600929925353712235e+01 2.000000000000000000e+00
-8.968900219400946128e+01 4.699286732918313447e+01 7.000000000000000000e+00
8.947898693777263190e+01 4.220060386746342829e+01 2.000000000000000000e+00
-9.110165420594935881e+01 1.248613860140792013e+02 2.000000000000000000e+00
-7.151031988022432984e+01 9.399070074646287765e+01 3.000000000000000000e+00
-9.383998921685986261e+01 6.698929987092027716e+01 3.000000000000000000e+00
-1.547660322708544811e+02 6.783491733366854248e+01 2.000000000000000000e+00
1.711303217436483806e+02 1.412533492293547681e+02 6.000000000000000000e+00
-1.799678786025563113e+02 9.457942951323053649e+01 2.000000000000000000e+00
8.616001078314012318e+01 1.130107001290797371e+02 2.000000000000000000e+00
2.523396772914551178e+01 1.121650826663314717e+02 2.000000000000000000e+00
-8.869678256351633650e+00 3.874665077064523899e+01 2.000000000000000000e+00
3.212139744368326666e-02 8.542057048676947772e+01 6.000000000000000000e+00
1.078785133085619208e+02 8.532498659601893110e+01 2.000000000000000000e+00
-7.212148669143809343e+01 9.467501340398105469e+01 2.000000000000000000e+00
7.236766464482929706e+00 5.155494078845921280e+01 7.000000000000000000e+00
1.061104986191317181e+02 8.137249004533802577e+01 2.000000000000000000e+00
-8.739729453577663065e+00 1.233932908408323215e+02 2.000000000000000000e+00
-1.727632335355170596e+02 1.284450592115407801e+02 4.000000000000000000e+00
-7.388950138086828190e+01 9.862750995466197423e+01 2.000000000000000000e+00
1.712602705464223618e+02 5.660670915916769275e+01 2.000000000000000000e+00
-1.018223060260471016e+02 8.168725439874359040e+01 2.000000000000000000e+00
7.817769397395289843e+01 9.831274560125642381e+01 2.000000000000000000e+00
4.157189953827180062e+01 7.904998983705259263e+01 2.000000000000000000e+00
-1.384281004617282065e+02 1.009500101629474074e+02 2.000000000000000000e+00
1.293384332438277795e+02 8.785904744683870149e+01 3.000000000000000000e+00
-5.066156675617221339e+01 9.214095255316131272e+01 2.000000000000000000e+00
-1.558667660804821651e+02 9.822660428190854986e+01 3.000000000000000000e+00
2.413323391951782781e+01 8.177339571809145014e+01 3.000000000000000000e+00
-4.785464606242989305e+01 9.551188579372056608e+01 2.000000000000000000e+00
1.321453539375701212e+02 8.448811420627943392e+01 3.000000000000000000e+00
1.348516071774549800e+02 9.028875226939332777e+01 4.000000000000000000e+00
-4.514839282254501995e+01 8.971124773060667223e+01 3.000000000000000000e+00
-9.359347486647291703e+01 1.753877170296877921e+02 2.000000000000000000e+00
2.756468411849392730e+00 9.892764183226044850e+01 2.000000000000000000e+00
8.640652513352709718e+01 4.612282970312234553e+00 2.000000000000000000e+00
-1.772435315881506028e+02 8.107235816773956572e+01 2.000000000000000000e+00
1.158389834794112394e-01 8.491061388986734926e+01 2.000000000000000000e+00
-1.798841610165205793e+02 9.508938611013266495e+01 2.000000000000000000e+00
1.417773367901435932e+01 1.013882045460276657e+02 2.000000000000000000e+00
7.801617469507710290e+00 1.040677619817314934e+02 2.000000000000000000e+00
-1.658222663209856478e+02 7.861179545397234847e+01 2.000000000000000000e+00
-1.721983825304922959e+02 7.593223801826850661e+01 2.000000000000000000e+00
-1.004479132852134029e+02 1.142256519497366014e+02 3.000000000000000000e+00
7.955208671478659710e+01 6.577434805026339859e+01 2.000000000000000000e+00
1.713813679952355926e+02 1.034858243163946554e+02 2.000000000000000000e+00
-8.618632004764398502e+00 7.651417568360535881e+01 2.000000000000000000e+00
