# freq power
0.000000000000000000e+00 2.115282322879214351e-25
1.000000000000000000e+00 4.870654189240097185e+05
2.000000000000000000e+00 2.136217615650741791e+05
3.000000000000000000e+00 1.317996627599161002e+05
4.000000000000000000e+00 6.963188701202619995e+04
5.000000000000000000e+00 4.522139604045789747e+04
6.000000000000000000e+00 3.449992374686163384e+04
7.000000000000000000e+00 1.886264931318767049e+04
8.000000000000000000e+00 1.510438237134291194e+04
9.000000000000000000e+00 1.140940118313633320e+04
1.000000000000000000e+01 9.396233474310709425e+03
1.100000000000000000e+01 8.307088357060845738e+03
1.200000000000000000e+01 6.757355000837707848e+03
1.300000000000000000e+01 5.009719784649950270e+03
1.400000000000000000e+01 5.492452961723512999e+03
1.500000000000000000e+01 3.134783304999972643e+03
1.600000000000000000e+01 3.645006763799177861e+03
1.700000000000000000e+01 2.956661618315918986e+03
1.800000000000000000e+01 2.554827902042423375e+03
1.900000000000000000e+01 1.837194900551401588e+03
2.000000000000000000e+01 2.247859025620923603e+03
2.100000000000000000e+01 2.165080516774982698e+03
2.200000000000000000e+01 2.263362917605239090e+03
2.300000000000000000e+01 1.628495398285267356e+03
2.400000000000000000e+01 1.459060436788892275e+03
2.500000000000000000e+01 1.565086694189132686e+03
2.600000000000000000e+01 1.147183235763154016e+03
2.700000000000000000e+01 1.147192784325846105e+03
2.800000000000000000e+01 1.143633910972138665e+03
2.900000000000000000e+01 1.602520220592510441e+03
3.000000000000000000e+01 7.945786683996691409e+02
3.100000000000000000e+01 7.823058921111817199e+02
3.200000000000000000e+01 8.392053250604617460e+02
3.300000000000000000e+01 8.734398238811306783e+02
3.400000000000000000e+01 8.218851046091594981e+02
3.500000000000000000e+01 6.549845210592945932e+02
3.600000000000000000e+01 7.425522008624748196e+02
3.700000000000000000e+01 1.260356417736757294e+03
3.800000000000000000e+01 7.383536836810011437e+02
3.900000000000000000e+01 6.490915529968681312e+02
4.000000000000000000e+01 5.540257065017068498e+02
4.100000000000000000e+01 6.180039105384369122e+02
4.200000000000000000e+01 5.591110718765542060e+02
4.300000000000000000e+01 3.245980417942811300e+02
4.400000000000000000e+01 2.701747438940725488e+02
4.500000000000000000e+01 4.441074921235607462e+02
4.600000000000000000e+01 4.358879649224055584e+02
4.700000000000000000e+01 4.771919621476581028e+02
4.800000000000000000e+01 2.804113882281844212e+02
4.900000000000000000e+01 4.399814164622164867e+02
5.000000000000000000e+01 3.867478963475123237e+02
5.100000000000000000e+01 1.806733835269813255e+02
5.200000000000000000e+01 2.843087044254532429e+02
5.300000000000000000e+01 3.050659062714056518e+02
5.400000000000000000e+01 5.150902897299279175e+02
5.500000000000000000e+01 2.192291021641554494e+02
5.600000000000000000e+01 1.585701757192802290e+02
5.700000000000000000e+01 3.001150122749459683e+02
5.800000000000000000e+01 3.346126656156891386e+02
5.900000000000000000e+01 2.590030589715357792e+02
6.000000000000000000e+01 1.664662661827593979e+02
6.100000000000000000e+01 2.447694143952971899e+02
6.200000000000000000e+01 3.123452674263911035e+02
6.300000000000000000e+01 2.986546595290020036e+02
6.400000000000000000e+01 2.132592509005359886e+02
6.500000000000000000e+01 2.207675698371361932e+02
6.600000000000000000e+01 1.629377202176580397e+02
6.700000000000000000e+01 1.412842895634228171e+02
6.800000000000000000e+01 1.037068935476214762e+02
6.900000000000000000e+01 2.415942140160844929e+02
7.000000000000000000e+01 2.077984499835135068e+02
7.100000000000000000e+01 2.054188823637562393e+02
7.200000000000000000e+01 1.420271332508755506e+02
7.300000000000000000e+01 2.628713196950508859e+02
7.400000000000000000e+01 2.196624794765808986e+02
7.500000000000000000e+01 2.243785186192731658e+02
7.600000000000000000e+01 3.054593528699289209e+02
7.700000000000000000e+01 2.193099915295981361e+02
7.800000000000000000e+01 1.422305449166593689e+02
7.900000000000000000e+01 1.731885395450914018e+02
8.000000000000000000e+01 1.398481177846371963e+02
8.100000000000000000e+01 7.562983309771786367e+01
8.200000000000000000e+01 1.486786225543517617e+02
8.300000000000000000e+01 8.747298372126829236e+01
8.400000000000000000e+01 8.683809983491069318e+01
8.500000000000000000e+01 6.416729337428256486e+01
8.600000000000000000e+01 1.600575571219009987e+02
8.700000000000000000e+01 1.237314107331433632e+02
8.800000000000000000e+01 1.025970883229036730e+02
8.900000000000000000e+01 1.646190765606800710e+02
9.000000000000000000e+01 7.426388690098990253e+01
9.100000000000000000e+01 1.079407899349797617e+02
9.200000000000000000e+01 9.643344560480650784e+01
9.300000000000000000e+01 9.276699817341943799e+01
9.400000000000000000e+01 1.154097731641020346e+02
9.500000000000000000e+01 8.805460473071254057e+01
9.600000000000000000e+01 1.139765017952933164e+02
9.700000000000000000e+01 1.345149474775747080e+02
9.800000000000000000e+01 1.262641044802868606e+02
9.900000000000000000e+01 1.090831258934971544e+02
1.000000000000000000e+02 9.852722968617352706e+01
1.010000000000000000e+02 7.068743419129019401e+01
1.020000000000000000e+02 1.093641145092824729e+02
1.030000000000000000e+02 8.707376489695553801e+01
1.040000000000000000e+02 8.113369688948397140e+01
1.050000000000000000e+02 1.080565066079296344e+02
1.060000000000000000e+02 7.199299418998103306e+01
1.070000000000000000e+02 8.943106746334669310e+01
1.080000000000000000e+02 4.323394863384117315e+01
1.090000000000000000e+02 1.210484632965409446e+02
1.100000000000000000e+02 8.380165580776922241e+01
1.110000000000000000e+02 4.590716897711729416e+01
1.120000000000000000e+02 5.116471121092352092e+01
1.130000000000000000e+02 6.916575490505901769e+01
1.140000000000000000e+02 7.833869227962314596e+01
1.150000000000000000e+02 7.435689748335276761e+01
1.160000000000000000e+02 5.183494005501277968e+01
1.170000000000000000e+02 6.046003869319372370e+01
1.180000000000000000e+02 8.344973488678074602e+01
1.190000000000000000e+02 5.321500456857947370e+01
1.200000000000000000e+02 3.924951528453862437e+01
1.210000000000000000e+02 6.542452747197958729e+01
1.220000000000000000e+02 5.513317069540487836e+01
1.230000000000000000e+02 7.263740410295665129e+01
1.240000000000000000e+02 6.759370938129585227e+01
1.250000000000000000e+02 5.110790537687720558e+01
1.260000000000000000e+02 5.928609149809714296e+01
1.270000000000000000e+02 5.559884123255042709e+01
1.280000000000000000e+02 6.339246934168927083e+01
1.290000000000000000e+02 6.577017789479377541e+01
1.300000000000000000e+02 4.304075182219163054e+01
1.310000000000000000e+02 6.042749837331702878e+01
1.320000000000000000e+02 6.760463068922585705e+01
1.330000000000000000e+02 5.871624270030610404e+01
1.340000000000000000e+02 5.854281852936846064e+01
1.350000000000000000e+02 5.227626133729415869e+01
1.360000000000000000e+02 5.110089604807068753e+01
1.370000000000000000e+02 5.478544024009279667e+01
1.380000000000000000e+02 5.334626378099021338e+01
1.390000000000000000e+02 5.442249977859079735e+01
1.400000000000000000e+02 4.133774106669495296e+01
1.410000000000000000e+02 4.277116472684146231e+01
1.420000000000000000e+02 4.624532345984977155e+01
1.430000000000000000e+02 4.675836536167578572e+01
1.440000000000000000e+02 4.362723335486779064e+01
1.450000000000000000e+02 4.942832295248350505e+01
1.460000000000000000e+02 5.376816444594851419e+01
1.470000000000000000e+02 4.539256033319728800e+01
1.480000000000000000e+02 3.380468762620967738e+01
1.490000000000000000e+02 4.157385129210199892e+01
1.500000000000000000e+02 3.571228441082961069e+01
1.510000000000000000e+02 4.491549166770300161e+01
1.520000000000000000e+02 4.654696869497683309e+01
1.530000000000000000e+02 4.397488122309088254e+01
1.540000000000000000e+02 4.666742359379521332e+01
1.550000000000000000e+02 4.159457526688426299e+01
1.560000000000000000e+02 3.370400700628361079e+01
1.570000000000000000e+02 3.708759793585946340e+01
1.580000000000000000e+02 3.656735436093249092e+01
1.590000000000000000e+02 3.411856476441757025e+01
1.600000000000000000e+02 3.280943813017782418e+01
1.610000000000000000e+02 4.280711932686877219e+01
1.620000000000000000e+02 3.749614384793231636e+01
1.630000000000000000e+02 3.301934832475588877e+01
1.640000000000000000e+02 2.751478725104566081e+01
1.650000000000000000e+02 2.923787341275102136e+01
1.660000000000000000e+02 2.768888775657235968e+01
1.670000000000000000e+02 4.126201976720888354e+01
1.680000000000000000e+02 3.624610065781774892e+01
1.690000000000000000e+02 2.748065505528421326e+01
1.700000000000000000e+02 3.786684993907601893e+01
1.710000000000000000e+02 3.708515616349410493e+01
1.720000000000000000e+02 2.391843127210632858e+01
1.730000000000000000e+02 2.655565889857425077e+01
1.740000000000000000e+02 3.135225057437787299e+01
1.750000000000000000e+02 2.565394275457875040e+01
1.760000000000000000e+02 3.649667837190698094e+01
1.770000000000000000e+02 3.315687378537091945e+01
1.780000000000000000e+02 2.603122617029450225e+01
1.790000000000000000e+02 2.668957377864894198e+01
1.800000000000000000e+02 2.909379360365766232e+01
1.810000000000000000e+02 2.650390584899125912e+01
1.820000000000000000e+02 3.102418944779840260e+01
1.830000000000000000e+02 3.033035002985787898e+01
1.840000000000000000e+02 3.178235455251668284e+01
1.850000000000000000e+02 2.590553928961579544e+01
1.860000000000000000e+02 2.317439422366144086e+01
1.870000000000000000e+02 2.844130579380936652e+01
1.880000000000000000e+02 2.227244049046654695e+01
1.890000000000000000e+02 2.720990093508923380e+01
1.900000000000000000e+02 2.853041382109468316e+01
1.910000000000000000e+02 2.415321989854880869e+01
1.920000000000000000e+02 2.565843120378318787e+01
1.930000000000000000e+02 2.411426885883138382e+01
1.940000000000000000e+02 2.238613525995653930e+01
1.950000000000000000e+02 2.416264091156980598e+01
1.960000000000000000e+02 2.737544416021045990e+01
1.970000000000000000e+02 2.317328048210735503e+01
1.980000000000000000e+02 2.049542702337215516e+01
1.990000000000000000e+02 2.271889411029782835e+01
2.000000000000000000e+02 2.086180032721484068e+01
2.010000000000000000e+02 2.473016252249385616e+01
2.020000000000000000e+02 2.538318223513121197e+01
2.030000000000000000e+02 2.341398731538137312e+01
2.040000000000000000e+02 2.150431117781766233e+01
2.050000000000000000e+02 2.443341955045759661e+01
2.060000000000000000e+02 1.924695139986089742e+01
2.070000000000000000e+02 2.090926199663119789e+01
2.080000000000000000e+02 2.723723049728498324e+01
2.090000000000000000e+02 1.882236615377127364e+01
2.100000000000000000e+02 2.314684988568456347e+01
2.110000000000000000e+02 1.957311956096856065e+01
2.120000000000000000e+02 2.047447691290554417e+01
2.130000000000000000e+02 2.218684437764604667e+01
2.140000000000000000e+02 1.867120086666148637e+01
2.150000000000000000e+02 2.024660845167772649e+01
2.160000000000000000e+02 2.200380397200528648e+01
2.170000000000000000e+02 2.210472705136237082e+01
2.180000000000000000e+02 2.272113825531009113e+01
2.190000000000000000e+02 2.216093228830087014e+01
2.200000000000000000e+02 2.034794028088593620e+01
2.210000000000000000e+02 1.793367127988069853e+01
2.220000000000000000e+02 1.917993006926475275e+01
2.230000000000000000e+02 1.919567749276693291e+01
2.240000000000000000e+02 1.851831818393157647e+01
2.250000000000000000e+02 1.871841962659018321e+01
2.260000000000000000e+02 1.812558401882666459e+01
2.270000000000000000e+02 1.780966251483592444e+01
2.280000000000000000e+02 1.849007756441799444e+01
2.290000000000000000e+02 1.961332831139254651e+01
2.300000000000000000e+02 1.666900620056269489e+01
2.310000000000000000e+02 1.839026662219697528e+01
2.320000000000000000e+02 2.079583342507503829e+01
2.330000000000000000e+02 1.702110811720234551e+01
2.340000000000000000e+02 1.595943817043536228e+01
2.350000000000000000e+02 1.782383259701884626e+01
2.360000000000000000e+02 1.692529634436693797e+01
2.370000000000000000e+02 1.653134182845068878e+01
2.380000000000000000e+02 1.658015151314138791e+01
2.390000000000000000e+02 2.006163244274654289e+01
2.400000000000000000e+02 1.727779869446438710e+01
2.410000000000000000e+02 1.461212739742306965e+01
2.420000000000000000e+02 1.693157899205841943e+01
2.430000000000000000e+02 1.653478723916083482e+01
2.440000000000000000e+02 1.660006361979015210e+01
2.450000000000000000e+02 1.786364302011815042e+01
2.460000000000000000e+02 1.756676893085764490e+01
2.470000000000000000e+02 1.610859390944298397e+01
2.480000000000000000e+02 1.650769734304271807e+01
2.490000000000000000e+02 1.683115131708394685e+01
2.500000000000000000e+02 1.650657627305302455e+01
2.510000000000000000e+02 1.578398939555325065e+01
2.520000000000000000e+02 1.385311703251530169e+01
2.530000000000000000e+02 1.569913339940259611e+01
2.540000000000000000e+02 1.569253693769634594e+01
2.550000000000000000e+02 1.571600285320882406e+01
2.560000000000000000e+02 1.348388378482630223e+01
2.570000000000000000e+02 1.463825344956456576e+01
2.580000000000000000e+02 1.470829918090082877e+01
2.590000000000000000e+02 1.527938098638701447e+01
2.600000000000000000e+02 1.310178188285146383e+01
2.610000000000000000e+02 1.593304156732345334e+01
2.620000000000000000e+02 1.435348449865279008e+01
2.630000000000000000e+02 1.401725323948260993e+01
2.640000000000000000e+02 1.411813484754803660e+01
2.650000000000000000e+02 1.381256359892280550e+01
2.660000000000000000e+02 1.444931792555738426e+01
2.670000000000000000e+02 1.250936373400504209e+01
2.680000000000000000e+02 1.466614151028958268e+01
2.690000000000000000e+02 1.525353503516912212e+01
2.700000000000000000e+02 1.403986579775851062e+01
2.710000000000000000e+02 1.325280796494956626e+01
2.720000000000000000e+02 1.326634756863082742e+01
2.730000000000000000e+02 1.300306480964189504e+01
2.740000000000000000e+02 1.282220628640775573e+01
2.750000000000000000e+02 1.257065134590613376e+01
2.760000000000000000e+02 1.331952510565833769e+01
2.770000000000000000e+02 1.224708907743432995e+01
2.780000000000000000e+02 1.422123085662904707e+01
2.790000000000000000e+02 1.245622185654959679e+01
2.800000000000000000e+02 1.365409881560814576e+01
2.810000000000000000e+02 1.186253313311622470e+01
2.820000000000000000e+02 1.273817982464768228e+01
2.830000000000000000e+02 1.319898703694950370e+01
2.840000000000000000e+02 1.295930668642781391e+01
2.850000000000000000e+02 1.112105927096105162e+01
2.860000000000000000e+02 1.077444317330161461e+01
2.870000000000000000e+02 1.310946426731163506e+01
2.880000000000000000e+02 1.293727438163295851e+01
2.890000000000000000e+02 1.246941237414889159e+01
2.900000000000000000e+02 1.103480120380066865e+01
2.910000000000000000e+02 1.284493647136646111e+01
2.920000000000000000e+02 1.182530932677847169e+01
2.930000000000000000e+02 1.286975162119943938e+01
2.940000000000000000e+02 1.158412846544208641e+01
2.950000000000000000e+02 1.160517471439218440e+01
2.960000000000000000e+02 1.117304488461844336e+01
2.970000000000000000e+02 1.149572498280227251e+01
2.980000000000000000e+02 1.095188712329638037e+01
2.990000000000000000e+02 1.098272553007079821e+01
3.000000000000000000e+02 1.035772995871804092e+01
3.010000000000000000e+02 1.153407058896351778e+01
3.020000000000000000e+02 1.189959563045951896e+01
3.030000000000000000e+02 1.113081067980967909e+01
3.040000000000000000e+02 1.054718587995664869e+01
3.050000000000000000e+02 1.081570671025801111e+01
3.060000000000000000e+02 1.044061315765790710e+01
3.070000000000000000e+02 1.074249634914743190e+01
3.080000000000000000e+02 1.112984001960968428e+01
3.090000000000000000e+02 1.094057812338225233e+01
3.100000000000000000e+02 1.054235138692869889e+01
3.110000000000000000e+02 1.110207606919977508e+01
3.120000000000000000e+02 1.060210610490277894e+01
3.130000000000000000e+02 1.083361367530408614e+01
3.140000000000000000e+02 1.023138647556317871e+01
3.150000000000000000e+02 1.034250326596122704e+01
3.160000000000000000e+02 9.984185393635813810e+00
3.170000000000000000e+02 9.862011303676139207e+00
3.180000000000000000e+02 1.045124603228705062e+01
3.190000000000000000e+02 1.047516124906525370e+01
3.200000000000000000e+02 9.907904347734387329e+00
3.210000000000000000e+02 9.616710023433835630e+00
3.220000000000000000e+02 9.636514494303106915e+00
3.230000000000000000e+02 1.033962946368741598e+01
3.240000000000000000e+02 1.017886304828080313e+01
3.250000000000000000e+02 9.764807403818785758e+00
3.260000000000000000e+02 9.879114270358231309e+00
3.270000000000000000e+02 9.244102288316684124e+00
3.280000000000000000e+02 9.865287877967340080e+00
3.290000000000000000e+02 9.217810724566739111e+00
3.300000000000000000e+02 9.775091923595285337e+00
3.310000000000000000e+02 9.662474081020789640e+00
3.320000000000000000e+02 9.513412646314687748e+00
3.330000000000000000e+02 9.251943543692275895e+00
3.340000000000000000e+02 9.130859305186007191e+00
3.350000000000000000e+02 9.622104113699563754e+00
3.360000000000000000e+02 9.651663175706364228e+00
3.370000000000000000e+02 9.221057846546029779e+00
3.380000000000000000e+02 8.941559322385609576e+00
3.390000000000000000e+02 9.312097630260955938e+00
3.400000000000000000e+02 9.591322850607499007e+00
3.410000000000000000e+02 8.709660807558227802e+00
3.420000000000000000e+02 9.455790745013224807e+00
3.430000000000000000e+02 8.617153545722620933e+00
3.440000000000000000e+02 8.774219792235637527e+00
3.450000000000000000e+02 8.852738068381267311e+00
3.460000000000000000e+02 9.379438571174887329e+00
3.470000000000000000e+02 8.768952755024102430e+00
3.480000000000000000e+02 8.550927484941226453e+00
3.490000000000000000e+02 8.990830931509828261e+00
3.500000000000000000e+02 8.944049284636754749e+00
3.510000000000000000e+02 8.918171316044420038e+00
3.520000000000000000e+02 8.743257737307224886e+00
3.530000000000000000e+02 8.355552598786999852e+00
3.540000000000000000e+02 8.457574351699891579e+00
3.550000000000000000e+02 8.714997060195324607e+00
3.560000000000000000e+02 8.635095520400145830e+00
3.570000000000000000e+02 8.441437644189530687e+00
3.580000000000000000e+02 8.717784877913240749e+00
3.590000000000000000e+02 8.582004169658803860e+00
3.600000000000000000e+02 8.317681868816590551e+00
3.610000000000000000e+02 8.166891812065596667e+00
3.620000000000000000e+02 8.439650729254667638e+00
3.630000000000000000e+02 8.159976212091944348e+00
3.640000000000000000e+02 8.380166595566395316e+00
3.650000000000000000e+02 7.939619422478322974e+00
3.660000000000000000e+02 8.311740135960551612e+00
3.670000000000000000e+02 8.267170875721344458e+00
3.680000000000000000e+02 7.877379859147001007e+00
3.690000000000000000e+02 7.512523616745140131e+00
3.700000000000000000e+02 8.464770660047912898e+00
3.710000000000000000e+02 7.870082211783767434e+00
3.720000000000000000e+02 8.384184200922339514e+00
3.730000000000000000e+02 7.758077216028787859e+00
3.740000000000000000e+02 7.626214440065790079e+00
3.750000000000000000e+02 7.838274158969061212e+00
3.760000000000000000e+02 7.855380639726055492e+00
3.770000000000000000e+02 7.426543189982665716e+00
3.780000000000000000e+02 7.491891644449829357e+00
3.790000000000000000e+02 8.021901429430467800e+00
3.800000000000000000e+02 7.710059225701694885e+00
3.810000000000000000e+02 7.627066744422211109e+00
3.820000000000000000e+02 7.725498467632057498e+00
3.830000000000000000e+02 7.328933684165093609e+00
3.840000000000000000e+02 7.469490847062588479e+00
3.850000000000000000e+02 7.247061993939341029e+00
3.860000000000000000e+02 7.354616558578529251e+00
3.870000000000000000e+02 7.231501214171109915e+00
3.880000000000000000e+02 7.305559379694049227e+00
3.890000000000000000e+02 7.710618095035608022e+00
3.900000000000000000e+02 7.501039923640241192e+00
3.910000000000000000e+02 7.398200511491444864e+00
3.920000000000000000e+02 7.555110735133465205e+00
3.930000000000000000e+02 7.828960831228695127e+00
3.940000000000000000e+02 7.162826910545108561e+00
3.950000000000000000e+02 7.322852287544739269e+00
3.960000000000000000e+02 6.985129544890384068e+00
3.970000000000000000e+02 7.113311526175222888e+00
3.980000000000000000e+02 6.885418950005370853e+00
3.990000000000000000e+02 7.366967281326805228e+00
4.000000000000000000e+02 7.084160226674397265e+00
4.010000000000000000e+02 7.204167131153103476e+00
4.020000000000000000e+02 7.342305281940092243e+00
4.030000000000000000e+02 6.699836597294665630e+00
4.040000000000000000e+02 6.835656469813033098e+00
4.050000000000000000e+02 6.950301589893014942e+00
4.060000000000000000e+02 7.054171815538968104e+00
4.070000000000000000e+02 7.134351332654097710e+00
4.080000000000000000e+02 6.902057221818400201e+00
4.090000000000000000e+02 6.712152325779377371e+00
4.100000000000000000e+02 6.719141177450466351e+00
4.110000000000000000e+02 6.753852311243070616e+00
4.120000000000000000e+02 6.741126027139633159e+00
4.130000000000000000e+02 6.934279103911544340e+00
4.140000000000000000e+02 6.566151056376950734e+00
4.150000000000000000e+02 6.733953305798531908e+00
4.160000000000000000e+02 6.548315632101767036e+00
4.170000000000000000e+02 6.530767103323332101e+00
4.180000000000000000e+02 6.604021957619140792e+00
4.190000000000000000e+02 6.741330820280766467e+00
4.200000000000000000e+02 6.618379156602358648e+00
4.210000000000000000e+02 6.518442922915140159e+00
4.220000000000000000e+02 6.513018148468386670e+00
4.230000000000000000e+02 6.415853051950268338e+00
4.240000000000000000e+02 6.446153341397143244e+00
4.250000000000000000e+02 6.394542091890865976e+00
4.260000000000000000e+02 6.431356638611694265e+00
4.270000000000000000e+02 6.355223574294542210e+00
4.280000000000000000e+02 6.299688771480730587e+00
4.290000000000000000e+02 6.457805164124814645e+00
4.300000000000000000e+02 6.381557354855212694e+00
4.310000000000000000e+02 6.456166565834073445e+00
4.320000000000000000e+02 6.391230131578279128e+00
4.330000000000000000e+02 6.076355157560008102e+00
4.340000000000000000e+02 6.427680198813017221e+00
4.350000000000000000e+02 6.144142314541514160e+00
4.360000000000000000e+02 6.314651573543290652e+00
4.370000000000000000e+02 5.861246103459290424e+00
4.380000000000000000e+02 6.123834889504321310e+00
4.390000000000000000e+02 6.287804896655178943e+00
4.400000000000000000e+02 6.233808715889221475e+00
4.410000000000000000e+02 6.146358577759095887e+00
4.420000000000000000e+02 6.226951469512070680e+00
4.430000000000000000e+02 5.927984846978766598e+00
4.440000000000000000e+02 5.996680555011765890e+00
4.450000000000000000e+02 6.057239569291992254e+00
4.460000000000000000e+02 6.257196914103253071e+00
4.470000000000000000e+02 6.078761990870892085e+00
4.480000000000000000e+02 5.895301289825180646e+00
4.490000000000000000e+02 6.253386468186139524e+00
4.500000000000000000e+02 5.713265597257283446e+00
4.510000000000000000e+02 5.983123191995611379e+00
4.520000000000000000e+02 5.882604278007323551e+00
4.530000000000000000e+02 5.945606649298863289e+00
4.540000000000000000e+02 5.959007715290537632e+00
4.550000000000000000e+02 5.820589655910376692e+00
4.560000000000000000e+02 5.823958207091965100e+00
4.570000000000000000e+02 5.564084466251683736e+00
4.580000000000000000e+02 5.845456668395953237e+00
4.590000000000000000e+02 5.629956753742579423e+00
4.600000000000000000e+02 5.980003372805096085e+00
4.610000000000000000e+02 5.994812801177463513e+00
4.620000000000000000e+02 5.807427539662456617e+00
4.630000000000000000e+02 5.725787659662162632e+00
4.640000000000000000e+02 5.765913583063936976e+00
4.650000000000000000e+02 5.691641938858409411e+00
4.660000000000000000e+02 5.758138293682256048e+00
4.670000000000000000e+02 5.726497726280128653e+00
4.680000000000000000e+02 5.750697061064265370e+00
4.690000000000000000e+02 5.755332075255031654e+00
4.700000000000000000e+02 5.580725716479198795e+00
4.710000000000000000e+02 5.589631892116079470e+00
4.720000000000000000e+02 5.428391854485697721e+00
4.730000000000000000e+02 5.746607018790765409e+00
4.740000000000000000e+02 5.753713691185658341e+00
4.750000000000000000e+02 5.613240709511685189e+00
4.760000000000000000e+02 5.534359547917480526e+00
4.770000000000000000e+02 5.709853068758508066e+00
4.780000000000000000e+02 5.391002199692412233e+00
4.790000000000000000e+02 5.492771162645484040e+00
4.800000000000000000e+02 5.546774300813339664e+00
4.810000000000000000e+02 5.637699258482022024e+00
4.820000000000000000e+02 5.453573925408025325e+00
4.830000000000000000e+02 5.529989943685241549e+00
4.840000000000000000e+02 5.431716641418550040e+00
4.850000000000000000e+02 5.552311471536346410e+00
4.860000000000000000e+02 5.379915082605147170e+00
4.870000000000000000e+02 5.495636799482425339e+00
4.880000000000000000e+02 5.368892195333748951e+00
4.890000000000000000e+02 5.332697651652946291e+00
4.900000000000000000e+02 5.499153226211825007e+00
4.910000000000000000e+02 5.255538789280006284e+00
4.920000000000000000e+02 5.221947759455644267e+00
4.930000000000000000e+02 5.235704511998865662e+00
4.940000000000000000e+02 5.369083188051393840e+00
4.950000000000000000e+02 5.321908631693340830e+00
4.960000000000000000e+02 5.137112911201051624e+00
4.970000000000000000e+02 5.360174093059933753e+00
4.980000000000000000e+02 5.297083223717406142e+00
4.990000000000000000e+02 5.096613725160191954e+00
5.000000000000000000e+02 5.299651316141025248e+00
5.010000000000000000e+02 5.380811077710415447e+00
5.020000000000000000e+02 5.321692087098623958e+00
5.030000000000000000e+02 5.321017925813025684e+00
5.040000000000000000e+02 5.314537506188343308e+00
5.050000000000000000e+02 5.417986348531727003e+00
5.060000000000000000e+02 5.117498788695451495e+00
5.070000000000000000e+02 5.157609027971996163e+00
5.080000000000000000e+02 5.337126069815352203e+00
5.090000000000000000e+02 5.114447996181309186e+00
5.100000000000000000e+02 5.189837676345243622e+00
5.110000000000000000e+02 5.030999117986959313e+00
5.120000000000000000e+02 5.096572652257150615e+00
5.130000000000000000e+02 5.022484334150528973e+00
5.140000000000000000e+02 5.102801875934543041e+00
5.150000000000000000e+02 5.150808724194654964e+00
5.160000000000000000e+02 5.009840210546556705e+00
5.170000000000000000e+02 5.025124898675001894e+00
5.180000000000000000e+02 5.101491599237623298e+00
5.190000000000000000e+02 4.858967295797607555e+00
5.200000000000000000e+02 4.920644716236806993e+00
5.210000000000000000e+02 5.011093983770400051e+00
5.220000000000000000e+02 4.973223485966827617e+00
5.230000000000000000e+02 4.927497697520228037e+00
5.240000000000000000e+02 5.044509366249992688e+00
5.250000000000000000e+02 5.007602496846932816e+00
5.260000000000000000e+02 4.921740670745088586e+00
5.270000000000000000e+02 4.898805502390362498e+00
5.280000000000000000e+02 4.968110952037688932e+00
5.290000000000000000e+02 4.747933205321074546e+00
5.300000000000000000e+02 4.993614742473622137e+00
5.310000000000000000e+02 4.898924490096407958e+00
5.320000000000000000e+02 4.951861826990631599e+00
5.330000000000000000e+02 4.741287433308915666e+00
5.340000000000000000e+02 4.930968674118376249e+00
5.350000000000000000e+02 4.920989728095637616e+00
5.360000000000000000e+02 4.854863786362670908e+00
5.370000000000000000e+02 4.719863288998943140e+00
5.380000000000000000e+02 4.813207782230687570e+00
5.390000000000000000e+02 4.804368052725993543e+00
5.400000000000000000e+02 4.754734713606821650e+00
5.410000000000000000e+02 4.783471678249752834e+00
5.420000000000000000e+02 4.893159839905981023e+00
5.430000000000000000e+02 4.694085403928513145e+00
5.440000000000000000e+02 4.817075409197664193e+00
5.450000000000000000e+02 4.609693312018575462e+00
5.460000000000000000e+02 4.827946300072762043e+00
5.470000000000000000e+02 4.798981001015993897e+00
5.480000000000000000e+02 4.688267981785069871e+00
5.490000000000000000e+02 4.663894216439059548e+00
5.500000000000000000e+02 4.561830444971257670e+00
5.510000000000000000e+02 4.604925714298922834e+00
5.520000000000000000e+02 4.714741273121433096e+00
5.530000000000000000e+02 4.632279255321387623e+00
5.540000000000000000e+02 4.707168424153571173e+00
5.550000000000000000e+02 4.635339319278153347e+00
5.560000000000000000e+02 4.545771095119607530e+00
5.570000000000000000e+02 4.626803338377418306e+00
5.580000000000000000e+02 4.523039745696840086e+00
5.590000000000000000e+02 4.651294492208689846e+00
5.600000000000000000e+02 4.617493067549061969e+00
5.610000000000000000e+02 4.526088276767950447e+00
5.620000000000000000e+02 4.574233917173311070e+00
5.630000000000000000e+02 4.402973933662500450e+00
5.640000000000000000e+02 4.634634666479561460e+00
5.650000000000000000e+02 4.518494216456676149e+00
5.660000000000000000e+02 4.610083680655963967e+00
5.670000000000000000e+02 4.607766058480333271e+00
5.680000000000000000e+02 4.537119281310043384e+00
5.690000000000000000e+02 4.589318110019094732e+00
5.700000000000000000e+02 4.386386280711486840e+00
5.710000000000000000e+02 4.631935815189931915e+00
5.720000000000000000e+02 4.560783254578007373e+00
5.730000000000000000e+02 4.472048159135603385e+00
5.740000000000000000e+02 4.466849759978282819e+00
5.750000000000000000e+02 4.531097878451584293e+00
5.760000000000000000e+02 4.529889840161681391e+00
5.770000000000000000e+02 4.480161020890411017e+00
5.780000000000000000e+02 4.465193764945359689e+00
5.790000000000000000e+02 4.479029197414577723e+00
5.800000000000000000e+02 4.473694441158765578e+00
5.810000000000000000e+02 4.458228733969791691e+00
5.820000000000000000e+02 4.493098685508741141e+00
5.830000000000000000e+02 4.345831851639684551e+00
5.840000000000000000e+02 4.542764795558722923e+00
5.850000000000000000e+02 4.441187875055407908e+00
5.860000000000000000e+02 4.425148111096358861e+00
5.870000000000000000e+02 4.475749305845218018e+00
5.880000000000000000e+02 4.411535124008580944e+00
5.890000000000000000e+02 4.391094523985269227e+00
5.900000000000000000e+02 4.421080171306529749e+00
5.910000000000000000e+02 4.372111877416388737e+00
5.920000000000000000e+02 4.282203247383392863e+00
5.930000000000000000e+02 4.364276569624558455e+00
5.940000000000000000e+02 4.437335061659152480e+00
5.950000000000000000e+02 4.421395973647396005e+00
5.960000000000000000e+02 4.281516272149949565e+00
5.970000000000000000e+02 4.408444223456306155e+00
5.980000000000000000e+02 4.321089072671063569e+00
5.990000000000000000e+02 4.422324837724744384e+00
6.000000000000000000e+02 4.287192213408755670e+00
6.010000000000000000e+02 4.268634316684080332e+00
6.020000000000000000e+02 4.331442721642965843e+00
6.030000000000000000e+02 4.258088106506816573e+00
6.040000000000000000e+02 4.341949663959249861e+00
6.050000000000000000e+02 4.324279772590490012e+00
6.060000000000000000e+02 4.215617493972994900e+00
6.070000000000000000e+02 4.358386684576811554e+00
6.080000000000000000e+02 4.322599595085645952e+00
6.090000000000000000e+02 4.306618403679562945e+00
6.100000000000000000e+02 4.279364606373150082e+00
6.110000000000000000e+02 4.249652864245622830e+00
6.120000000000000000e+02 4.225490150746823659e+00
6.130000000000000000e+02 4.230765866132572661e+00
6.140000000000000000e+02 4.169506791443390981e+00
6.150000000000000000e+02 4.326214702012184610e+00
6.160000000000000000e+02 4.263368828648798292e+00
6.170000000000000000e+02 4.217652494685637521e+00
6.180000000000000000e+02 4.277023445244959809e+00
6.190000000000000000e+02 4.146323354235205372e+00
6.200000000000000000e+02 4.215315362412717981e+00
6.210000000000000000e+02 4.141730071912629541e+00
6.220000000000000000e+02 4.251731074186503534e+00
6.230000000000000000e+02 4.237383209641508053e+00
6.240000000000000000e+02 4.215691586451528750e+00
6.250000000000000000e+02 4.137760184124868346e+00
6.260000000000000000e+02 4.246830828616174891e+00
6.270000000000000000e+02 4.185472072599217164e+00
6.280000000000000000e+02 4.158417909057589235e+00
6.290000000000000000e+02 4.156445609354197046e+00
6.300000000000000000e+02 4.145176618239318600e+00
6.310000000000000000e+02 4.210705204069946639e+00
6.320000000000000000e+02 4.197338310252969329e+00
6.330000000000000000e+02 4.168600799592915962e+00
6.340000000000000000e+02 4.168187357751516053e+00
6.350000000000000000e+02 4.135425700034685015e+00
6.360000000000000000e+02 4.229792331451658782e+00
6.370000000000000000e+02 4.123622244831146588e+00
6.380000000000000000e+02 4.162744606576635142e+00
6.390000000000000000e+02 4.139182366351461084e+00
6.400000000000000000e+02 4.129016863791192371e+00
6.410000000000000000e+02 4.060168541021778488e+00
6.420000000000000000e+02 4.149518610717459310e+00
6.430000000000000000e+02 4.075039430884535463e+00
6.440000000000000000e+02 4.151868281774127034e+00
6.450000000000000000e+02 4.159624764850562428e+00
6.460000000000000000e+02 4.065306398353893513e+00
6.470000000000000000e+02 4.015950871980250803e+00
6.480000000000000000e+02 4.188446504703859041e+00
6.490000000000000000e+02 4.059124904573437220e+00
6.500000000000000000e+02 4.068585671685182703e+00
6.510000000000000000e+02 4.087685107944388108e+00
6.520000000000000000e+02 4.029032273590585689e+00
6.530000000000000000e+02 4.119083427418097187e+00
6.540000000000000000e+02 3.998534825443091467e+00
6.550000000000000000e+02 4.108326131601193865e+00
6.560000000000000000e+02 4.067976536203153692e+00
6.570000000000000000e+02 4.069499017188249468e+00
6.580000000000000000e+02 4.016887550069553114e+00
6.590000000000000000e+02 4.098058654095540376e+00
6.600000000000000000e+02 4.045342364576341332e+00
6.610000000000000000e+02 4.078081038423349014e+00
6.620000000000000000e+02 4.088042150513143902e+00
6.630000000000000000e+02 4.063277248120052754e+00
6.640000000000000000e+02 4.043407141259936388e+00
6.650000000000000000e+02 4.027741640335161577e+00
6.660000000000000000e+02 4.058049277834023805e+00
6.670000000000000000e+02 4.017297321516740460e+00
6.680000000000000000e+02 4.022845450028446734e+00
6.690000000000000000e+02 4.038728275461249240e+00
6.700000000000000000e+02 3.986078111459432805e+00
6.710000000000000000e+02 3.984105285232770743e+00
6.720000000000000000e+02 4.046003263849254239e+00
6.730000000000000000e+02 3.991557317710682895e+00
6.740000000000000000e+02 4.006289445314861197e+00
6.750000000000000000e+02 4.032766304227443754e+00
6.760000000000000000e+02 4.075685055471544693e+00
6.770000000000000000e+02 4.055833183842849188e+00
6.780000000000000000e+02 4.011529633765973379e+00
6.790000000000000000e+02 4.032382731871609671e+00
6.800000000000000000e+02 3.945828976058820992e+00
6.810000000000000000e+02 3.974119472184033608e+00
6.820000000000000000e+02 4.035387753344966910e+00
6.830000000000000000e+02 3.964995356952944583e+00
6.840000000000000000e+02 3.989291890431871934e+00
6.850000000000000000e+02 3.992653852878563558e+00
6.860000000000000000e+02 3.955679673418381892e+00
6.870000000000000000e+02 3.953811127586896568e+00
6.880000000000000000e+02 3.921216405645294500e+00
6.890000000000000000e+02 4.055753331003645101e+00
6.900000000000000000e+02 4.023861752936082503e+00
6.910000000000000000e+02 3.944103574137811208e+00
6.920000000000000000e+02 4.022312227051947353e+00
6.930000000000000000e+02 3.975716551309411706e+00
6.940000000000000000e+02 3.978452559295498236e+00
6.950000000000000000e+02 3.933388452919350353e+00
6.960000000000000000e+02 3.985684942895452387e+00
6.970000000000000000e+02 4.000393051200822114e+00
6.980000000000000000e+02 3.916862744878713443e+00
6.990000000000000000e+02 3.954378036012908382e+00
7.000000000000000000e+02 3.958988729046954536e+00
7.010000000000000000e+02 3.944003183176859828e+00
7.020000000000000000e+02 3.927651345096022872e+00
7.030000000000000000e+02 3.898762624277988031e+00
7.040000000000000000e+02 3.982632870773590739e+00
7.050000000000000000e+02 3.948257848678673021e+00
7.060000000000000000e+02 3.964388508858087246e+00
7.070000000000000000e+02 4.027674415388283080e+00
7.080000000000000000e+02 3.920280929284806426e+00
7.090000000000000000e+02 3.974334043811130535e+00
7.100000000000000000e+02 3.963052219357471095e+00
7.110000000000000000e+02 3.856686877019174009e+00
7.120000000000000000e+02 3.958214072584112397e+00
7.130000000000000000e+02 3.952151873505280744e+00
7.140000000000000000e+02 3.890135027867922535e+00
7.150000000000000000e+02 3.938953238295667347e+00
7.160000000000000000e+02 3.974807829062376285e+00
7.170000000000000000e+02 3.954202913112927043e+00
7.180000000000000000e+02 3.887384374272175869e+00
7.190000000000000000e+02 3.894428942768609847e+00
7.200000000000000000e+02 3.887868274873377050e+00
7.210000000000000000e+02 3.949413398039734346e+00
7.220000000000000000e+02 3.962461708558064899e+00
7.230000000000000000e+02 3.919751287943914253e+00
7.240000000000000000e+02 3.951848842023290231e+00
7.250000000000000000e+02 3.943792235752871633e+00
7.260000000000000000e+02 3.973582174043000848e+00
7.270000000000000000e+02 3.993484833961895575e+00
7.280000000000000000e+02 3.884790368037357222e+00
7.290000000000000000e+02 3.887583002648166364e+00
7.300000000000000000e+02 3.906789547914189864e+00
7.310000000000000000e+02 3.953715303973728723e+00
7.320000000000000000e+02 3.863498556744543677e+00
7.330000000000000000e+02 3.912636865015934440e+00
7.340000000000000000e+02 3.946260550284212076e+00
7.350000000000000000e+02 3.899178527387062942e+00
7.360000000000000000e+02 3.942626260849866782e+00
7.370000000000000000e+02 3.892250822044479808e+00
7.380000000000000000e+02 3.924109697161440646e+00
7.390000000000000000e+02 3.954367653848422481e+00
7.400000000000000000e+02 3.922135088786597557e+00
7.410000000000000000e+02 3.932049955880330572e+00
7.420000000000000000e+02 3.934592410292560238e+00
7.430000000000000000e+02 3.880108982124687245e+00
7.440000000000000000e+02 3.902523095863914104e+00
7.450000000000000000e+02 3.924851245819196865e+00
7.460000000000000000e+02 3.883809397995995560e+00
7.470000000000000000e+02 3.927276373229293238e+00
7.480000000000000000e+02 3.934507244571221030e+00
7.490000000000000000e+02 3.918707787037816193e+00
7.500000000000000000e+02 3.918707787037963630e+00
7.510000000000000000e+02 3.934507244571191720e+00
7.520000000000000000e+02 3.927276373229313666e+00
7.530000000000000000e+02 3.883809397995948487e+00
7.540000000000000000e+02 3.924851245819261258e+00
7.550000000000000000e+02 3.902523095863877245e+00
7.560000000000000000e+02 3.880108982124783168e+00
7.570000000000000000e+02 3.934592410292572229e+00
7.580000000000000000e+02 3.932049955880285719e+00
7.590000000000000000e+02 3.922135088786685486e+00
7.600000000000000000e+02 3.954367653848355424e+00
7.610000000000000000e+02 3.924109697161472177e+00
7.620000000000000000e+02 3.892250822044530878e+00
7.630000000000000000e+02 3.942626260849818820e+00
7.640000000000000000e+02 3.899178527387136661e+00
7.650000000000000000e+02 3.946260550284248936e+00
7.660000000000000000e+02 3.912636865015894028e+00
7.670000000000000000e+02 3.863498556744541013e+00
7.680000000000000000e+02 3.953715303973668771e+00
7.690000000000000000e+02 3.906789547914235161e+00
7.700000000000000000e+02 3.887583002648133057e+00
7.710000000000000000e+02 3.884790368037336350e+00
7.720000000000000000e+02 3.993484833961924885e+00
7.730000000000000000e+02 3.973582174043056359e+00
7.740000000000000000e+02 3.943792235752885844e+00
7.750000000000000000e+02 3.951848842023355513e+00
7.760000000000000000e+02 3.919751287943880946e+00
7.770000000000000000e+02 3.962461708558061346e+00
7.780000000000000000e+02 3.949413398039769874e+00
7.790000000000000000e+02 3.887868274873461871e+00
7.800000000000000000e+02 3.894428942768584978e+00
7.810000000000000000e+02 3.887384374272295773e+00
7.820000000000000000e+02 3.954202913112922602e+00
7.830000000000000000e+02 3.974807829062406483e+00
7.840000000000000000e+02 3.938953238295678894e+00
7.850000000000000000e+02 3.890135027867974937e+00
7.860000000000000000e+02 3.952151873505278079e+00
7.870000000000000000e+02 3.958214072584171461e+00
7.880000000000000000e+02 3.856686877019102511e+00
7.890000000000000000e+02 3.963052219357450223e+00
7.900000000000000000e+02 3.974334043811180717e+00
7.910000000000000000e+02 3.920280929284755800e+00
7.920000000000000000e+02 4.027674415388286633e+00
7.930000000000000000e+02 3.964388508858146309e+00
7.940000000000000000e+02 3.948257848678611293e+00
7.950000000000000000e+02 3.982632870773621825e+00
7.960000000000000000e+02 3.898762624277941402e+00
7.970000000000000000e+02 3.927651345096057067e+00
7.980000000000000000e+02 3.944003183176936211e+00
7.990000000000000000e+02 3.958988729046994504e+00
8.000000000000000000e+02 3.954378036012889730e+00
8.010000000000000000e+02 3.916862744878692126e+00
8.020000000000000000e+02 4.000393051200838102e+00
8.030000000000000000e+02 3.985684942895511895e+00
8.040000000000000000e+02 3.933388452919257983e+00
8.050000000000000000e+02 3.978452559295478697e+00
8.060000000000000000e+02 3.975716551309353530e+00
8.070000000000000000e+02 4.022312227051995315e+00
8.080000000000000000e+02 3.944103574137867163e+00
8.090000000000000000e+02 4.023861752936002567e+00
8.100000000000000000e+02 4.055753331003675299e+00
8.110000000000000000e+02 3.921216405645321590e+00
8.120000000000000000e+02 3.953811127586911667e+00
8.130000000000000000e+02 3.955679673418324160e+00
8.140000000000000000e+02 3.992653852878626619e+00
8.150000000000000000e+02 3.989291890431822196e+00
8.160000000000000000e+02 3.964995356952937478e+00
8.170000000000000000e+02 4.035387753344958028e+00
8.180000000000000000e+02 3.974119472183908819e+00
8.190000000000000000e+02 3.945828976058793902e+00
8.200000000000000000e+02 4.032382731871692272e+00
8.210000000000000000e+02 4.011529633765975156e+00
8.220000000000000000e+02 4.055833183842785239e+00
8.230000000000000000e+02 4.075685055471587326e+00
8.240000000000000000e+02 4.032766304227379806e+00
8.250000000000000000e+02 4.006289445314894948e+00
8.260000000000000000e+02 3.991557317710775266e+00
8.270000000000000000e+02 4.046003263849328846e+00
8.280000000000000000e+02 3.984105285232724558e+00
8.290000000000000000e+02 3.986078111459431028e+00
8.300000000000000000e+02 4.038728275461346939e+00
8.310000000000000000e+02 4.022845450028412984e+00
8.320000000000000000e+02 4.017297321516866582e+00
8.330000000000000000e+02 4.058049277833958968e+00
8.340000000000000000e+02 4.027741640335182893e+00
8.350000000000000000e+02 4.043407141259893756e+00
8.360000000000000000e+02 4.063277248120034990e+00
8.370000000000000000e+02 4.088042150512971595e+00
8.380000000000000000e+02 4.078081038423428062e+00
8.390000000000000000e+02 4.045342364576244520e+00
8.400000000000000000e+02 4.098058654095586562e+00
8.410000000000000000e+02 4.016887550069618840e+00
8.420000000000000000e+02 4.069499017188364043e+00
8.430000000000000000e+02 4.067976536203144811e+00
8.440000000000000000e+02 4.108326131601240938e+00
8.450000000000000000e+02 3.998534825443164298e+00
8.460000000000000000e+02 4.119083427418035903e+00
8.470000000000000000e+02 4.029032273590630098e+00
8.480000000000000000e+02 4.087685107944319718e+00
8.490000000000000000e+02 4.068585671685252869e+00
8.500000000000000000e+02 4.059124904573415904e+00
8.510000000000000000e+02 4.188446504703909667e+00
8.520000000000000000e+02 4.015950871980031422e+00
8.530000000000000000e+02 4.065306398353954798e+00
8.540000000000000000e+02 4.159624764850501144e+00
8.550000000000000000e+02 4.151868281774179437e+00
8.560000000000000000e+02 4.075039430884451086e+00
8.570000000000000000e+02 4.149518610717433553e+00
8.580000000000000000e+02 4.060168541021766053e+00
8.590000000000000000e+02 4.129016863791171055e+00
8.600000000000000000e+02 4.139182366351425557e+00
8.610000000000000000e+02 4.162744606576614714e+00
8.620000000000000000e+02 4.123622244831197214e+00
8.630000000000000000e+02 4.229792331451627696e+00
8.640000000000000000e+02 4.135425700034756957e+00
8.650000000000000000e+02 4.168187357751468980e+00
8.660000000000000000e+02 4.168600799592921291e+00
8.670000000000000000e+02 4.197338310252889393e+00
8.680000000000000000e+02 4.210705204069935093e+00
8.690000000000000000e+02 4.145176618239285737e+00
8.700000000000000000e+02 4.156445609354271653e+00
8.710000000000000000e+02 4.158417909057639861e+00
8.720000000000000000e+02 4.185472072599157656e+00
8.730000000000000000e+02 4.246830828616171338e+00
8.740000000000000000e+02 4.137760184124844365e+00
8.750000000000000000e+02 4.215691586451470130e+00
8.760000000000000000e+02 4.237383209641479631e+00
8.770000000000000000e+02 4.251731074186477777e+00
8.780000000000000000e+02 4.141730071912589572e+00
8.790000000000000000e+02 4.215315362412621170e+00
8.800000000000000000e+02 4.146323354235250669e+00
8.810000000000000000e+02 4.277023445244987343e+00
8.820000000000000000e+02 4.217652494685531828e+00
8.830000000000000000e+02 4.263368828648917308e+00
8.840000000000000000e+02 4.326214702012001645e+00
8.850000000000000000e+02 4.169506791443403415e+00
8.860000000000000000e+02 4.230765866132561115e+00
8.870000000000000000e+02 4.225490150747015505e+00
8.880000000000000000e+02 4.249652864245604178e+00
8.890000000000000000e+02 4.279364606373158963e+00
8.900000000000000000e+02 4.306618403679672191e+00
8.910000000000000000e+02 4.322599595085575785e+00
8.920000000000000000e+02 4.358386684576963432e+00
8.930000000000000000e+02 4.215617493972859897e+00
8.940000000000000000e+02 4.324279772590366555e+00
8.950000000000000000e+02 4.341949663959296046e+00
8.960000000000000000e+02 4.258088106506728643e+00
8.970000000000000000e+02 4.331442721643003146e+00
8.980000000000000000e+02 4.268634316684076779e+00
8.990000000000000000e+02 4.287192213408641983e+00
9.000000000000000000e+02 4.422324837724673330e+00
9.010000000000000000e+02 4.321089072670947218e+00
9.020000000000000000e+02 4.408444223456138289e+00
9.030000000000000000e+02 4.281516272150017066e+00
9.040000000000000000e+02 4.421395973647610944e+00
9.050000000000000000e+02 4.437335061659150703e+00
9.060000000000000000e+02 4.364276569624474966e+00
9.070000000000000000e+02 4.282203247383568723e+00
9.080000000000000000e+02 4.372111877416505976e+00
9.090000000000000000e+02 4.421080171306615902e+00
9.100000000000000000e+02 4.391094523985384690e+00
9.110000000000000000e+02 4.411535124008521436e+00
9.120000000000000000e+02 4.475749305845270420e+00
9.130000000000000000e+02 4.425148111096292247e+00
9.140000000000000000e+02 4.441187875055321754e+00
9.150000000000000000e+02 4.542764795558659863e+00
9.160000000000000000e+02 4.345831851639693433e+00
9.170000000000000000e+02 4.493098685508818413e+00
9.180000000000000000e+02 4.458228733969896496e+00
9.190000000000000000e+02 4.473694441158630575e+00
9.200000000000000000e+02 4.479029197414575947e+00
9.210000000000000000e+02 4.465193764945356136e+00
9.220000000000000000e+02 4.480161020890535362e+00
9.230000000000000000e+02 4.529889840161717807e+00
9.240000000000000000e+02 4.531097878451531891e+00
9.250000000000000000e+02 4.466849759978459566e+00
9.260000000000000000e+02 4.472048159135552758e+00
9.270000000000000000e+02 4.560783254578080204e+00
9.280000000000000000e+02 4.631935815189878625e+00
9.290000000000000000e+02 4.386386280711518815e+00
9.300000000000000000e+02 4.589318110019141805e+00
9.310000000000000000e+02 4.537119281309996310e+00
9.320000000000000000e+02 4.607766058480293303e+00
9.330000000000000000e+02 4.610083680656051897e+00
9.340000000000000000e+02 4.518494216456623747e+00
9.350000000000000000e+02 4.634634666479481524e+00
9.360000000000000000e+02 4.402973933662459594e+00
9.370000000000000000e+02 4.574233917173407882e+00
9.380000000000000000e+02 4.526088276767946006e+00
9.390000000000000000e+02 4.617493067549052199e+00
9.400000000000000000e+02 4.651294492208804421e+00
9.410000000000000000e+02 4.523039745696681102e+00
9.420000000000000000e+02 4.626803338377437846e+00
9.430000000000000000e+02 4.545771095119647498e+00
9.440000000000000000e+02 4.635339319278168446e+00
9.450000000000000000e+02 4.707168424153596042e+00
9.460000000000000000e+02 4.632279255321313016e+00
9.470000000000000000e+02 4.714741273121535237e+00
9.480000000000000000e+02 4.604925714298858885e+00
9.490000000000000000e+02 4.561830444971234577e+00
9.500000000000000000e+02 4.663894216438963625e+00
9.510000000000000000e+02 4.688267981785113392e+00
9.520000000000000000e+02 4.798981001016005443e+00
9.530000000000000000e+02 4.827946300072728292e+00
9.540000000000000000e+02 4.609693312018587008e+00
9.550000000000000000e+02 4.817075409197588698e+00
9.560000000000000000e+02 4.694085403928559330e+00
9.570000000000000000e+02 4.893159839906018327e+00
9.580000000000000000e+02 4.783471678249850534e+00
9.590000000000000000e+02 4.754734713606774577e+00
9.600000000000000000e+02 4.804368052726019300e+00
9.610000000000000000e+02 4.813207782230755960e+00
9.620000000000000000e+02 4.719863288998960016e+00
9.630000000000000000e+02 4.854863786362706435e+00
9.640000000000000000e+02 4.920989728095527482e+00
9.650000000000000000e+02 4.930968674118311412e+00
9.660000000000000000e+02 4.741287433308995602e+00
9.670000000000000000e+02 4.951861826990520576e+00
9.680000000000000000e+02 4.898924490096402629e+00
9.690000000000000000e+02 4.993614742473584833e+00
9.700000000000000000e+02 4.747933205321072769e+00
9.710000000000000000e+02 4.968110952037702255e+00
9.720000000000000000e+02 4.898805502390529476e+00
9.730000000000000000e+02 4.921740670745112567e+00
9.740000000000000000e+02 5.007602496847004758e+00
9.750000000000000000e+02 5.044509366249860349e+00
9.760000000000000000e+02 4.927497697520224484e+00
9.770000000000000000e+02 4.973223485966871138e+00
9.780000000000000000e+02 5.011093983770316562e+00
9.790000000000000000e+02 4.920644716236813210e+00
9.800000000000000000e+02 4.858967295797654629e+00
9.810000000000000000e+02 5.101491599237655272e+00
9.820000000000000000e+02 5.025124898674985907e+00
9.830000000000000000e+02 5.009840210546655292e+00
9.840000000000000000e+02 5.150808724194709143e+00
9.850000000000000000e+02 5.102801875934442677e+00
9.860000000000000000e+02 5.022484334150528973e+00
9.870000000000000000e+02 5.096572652257134628e+00
9.880000000000000000e+02 5.030999117987053459e+00
9.890000000000000000e+02 5.189837676345189443e+00
9.900000000000000000e+02 5.114447996181369582e+00
9.910000000000000000e+02 5.337126069815350426e+00
9.920000000000000000e+02 5.157609027971978399e+00
9.930000000000000000e+02 5.117498788695423961e+00
9.940000000000000000e+02 5.417986348531845131e+00
9.950000000000000000e+02 5.314537506188417026e+00
9.960000000000000000e+02 5.321017925813118055e+00
9.970000000000000000e+02 5.321692087098526258e+00
9.980000000000000000e+02 5.380811077710415447e+00
9.990000000000000000e+02 5.299651316141086532e+00
1.000000000000000000e+03 5.096613725160191954e+00
1.001000000000000000e+03 5.297083223717354628e+00
1.002000000000000000e+03 5.360174093060019906e+00
1.003000000000000000e+03 5.137112911201134224e+00
1.004000000000000000e+03 5.321908631693262670e+00
1.005000000000000000e+03 5.369083188051387623e+00
1.006000000000000000e+03 5.235704511998784838e+00
1.007000000000000000e+03 5.221947759455595417e+00
1.008000000000000000e+03 5.255538789280053358e+00
1.009000000000000000e+03 5.499153226211933365e+00
1.010000000000000000e+03 5.332697651652977378e+00
1.011000000000000000e+03 5.368892195333759609e+00
1.012000000000000000e+03 5.495636799482419121e+00
1.013000000000000000e+03 5.379915082605209342e+00
1.014000000000000000e+03 5.552311471536350851e+00
1.015000000000000000e+03 5.431716641418562475e+00
1.016000000000000000e+03 5.529989943685245990e+00
1.017000000000000000e+03 5.453573925408101708e+00
1.018000000000000000e+03 5.637699258481891462e+00
1.019000000000000000e+03 5.546774300813322789e+00
1.020000000000000000e+03 5.492771162645507133e+00
1.021000000000000000e+03 5.391002199692540131e+00
1.022000000000000000e+03 5.709853068758455663e+00
1.023000000000000000e+03 5.534359547917468092e+00
1.024000000000000000e+03 5.613240709511672755e+00
1.025000000000000000e+03 5.753713691185690315e+00
1.026000000000000000e+03 5.746607018790771626e+00
1.027000000000000000e+03 5.428391854485846935e+00
1.028000000000000000e+03 5.589631892116099010e+00
1.029000000000000000e+03 5.580725716479123300e+00
1.030000000000000000e+03 5.755332075255159552e+00
1.031000000000000000e+03 5.750697061064214743e+00
1.032000000000000000e+03 5.726497726280014078e+00
1.033000000000000000e+03 5.758138293682260489e+00
1.034000000000000000e+03 5.691641938858453820e+00
1.035000000000000000e+03 5.765913583063681180e+00
1.036000000000000000e+03 5.725787659662107565e+00
1.037000000000000000e+03 5.807427539662397109e+00
1.038000000000000000e+03 5.994812801177508810e+00
1.039000000000000000e+03 5.980003372805082762e+00
1.040000000000000000e+03 5.629956753742455078e+00
1.041000000000000000e+03 5.845456668395968336e+00
1.042000000000000000e+03 5.564084466251790317e+00
1.043000000000000000e+03 5.823958207092021055e+00
1.044000000000000000e+03 5.820589655910303861e+00
1.045000000000000000e+03 5.959007715290487894e+00
1.046000000000000000e+03 5.945606649298748714e+00
1.047000000000000000e+03 5.882604278007256937e+00
1.048000000000000000e+03 5.983123191995652235e+00
1.049000000000000000e+03 5.713265597257342954e+00
1.050000000000000000e+03 6.253386468186092451e+00
1.051000000000000000e+03 5.895301289825148672e+00
1.052000000000000000e+03 6.078761990870813925e+00
1.053000000000000000e+03 6.257196914103405838e+00
1.054000000000000000e+03 6.057239569291828829e+00
1.055000000000000000e+03 5.996680555011663749e+00
1.056000000000000000e+03 5.927984846978719524e+00
1.057000000000000000e+03 6.226951469512219006e+00
1.058000000000000000e+03 6.146358577758983088e+00
1.059000000000000000e+03 6.233808715889239238e+00
1.060000000000000000e+03 6.287804896655218911e+00
1.061000000000000000e+03 6.123834889504376378e+00
1.062000000000000000e+03 5.861246103459269108e+00
1.063000000000000000e+03 6.314651573543348384e+00
1.064000000000000000e+03 6.144142314541575445e+00
1.065000000000000000e+03 6.427680198813066959e+00
1.066000000000000000e+03 6.076355157559970799e+00
1.067000000000000000e+03 6.391230131578339524e+00
1.068000000000000000e+03 6.456166565834044135e+00
1.069000000000000000e+03 6.381557354855165620e+00
1.070000000000000000e+03 6.457805164124814645e+00
1.071000000000000000e+03 6.299688771480703053e+00
1.072000000000000000e+03 6.355223574294620370e+00
1.073000000000000000e+03 6.431356638611600118e+00
1.074000000000000000e+03 6.394542091890760283e+00
1.075000000000000000e+03 6.446153341397003800e+00
1.076000000000000000e+03 6.415853051950263897e+00
1.077000000000000000e+03 6.513018148468343149e+00
1.078000000000000000e+03 6.518442922915205884e+00
1.079000000000000000e+03 6.618379156602479441e+00
1.080000000000000000e+03 6.741330820280747815e+00
1.081000000000000000e+03 6.604021957618976479e+00
1.082000000000000000e+03 6.530767103323235290e+00
1.083000000000000000e+03 6.548315632101812334e+00
1.084000000000000000e+03 6.733953305798612732e+00
1.085000000000000000e+03 6.566151056376948958e+00
1.086000000000000000e+03 6.934279103911418218e+00
1.087000000000000000e+03 6.741126027139674903e+00
1.088000000000000000e+03 6.753852311243131012e+00
1.089000000000000000e+03 6.719141177450245195e+00
1.090000000000000000e+03 6.712152325779326745e+00
1.091000000000000000e+03 6.902057221818421517e+00
1.092000000000000000e+03 7.134351332654131461e+00
1.093000000000000000e+03 7.054171815538937018e+00
1.094000000000000000e+03 6.950301589892857734e+00
1.095000000000000000e+03 6.835656469813037539e+00
1.096000000000000000e+03 6.699836597294743790e+00
1.097000000000000000e+03 7.342305281940087802e+00
1.098000000000000000e+03 7.204167131153027093e+00
1.099000000000000000e+03 7.084160226674448779e+00
1.100000000000000000e+03 7.366967281326829209e+00
1.101000000000000000e+03 6.885418950005250061e+00
1.102000000000000000e+03 7.113311526175170485e+00
1.103000000000000000e+03 6.985129544890487097e+00
1.104000000000000000e+03 7.322852287544684202e+00
1.105000000000000000e+03 7.162826910545136982e+00
1.106000000000000000e+03 7.828960831228837236e+00
1.107000000000000000e+03 7.555110735133443889e+00
1.108000000000000000e+03 7.398200511491422660e+00
1.109000000000000000e+03 7.501039923640175466e+00
1.110000000000000000e+03 7.710618095035763453e+00
1.111000000000000000e+03 7.305559379693943534e+00
1.112000000000000000e+03 7.231501214170978464e+00
1.113000000000000000e+03 7.354616558578474184e+00
1.114000000000000000e+03 7.247061993939445834e+00
1.115000000000000000e+03 7.469490847062714600e+00
1.116000000000000000e+03 7.328933684165153117e+00
1.117000000000000000e+03 7.725498467632079702e+00
1.118000000000000000e+03 7.627066744422233313e+00
1.119000000000000000e+03 7.710059225701765939e+00
1.120000000000000000e+03 8.021901429430499775e+00
1.121000000000000000e+03 7.491891644449802712e+00
1.122000000000000000e+03 7.426543189982670157e+00
1.123000000000000000e+03 7.855380639726077696e+00
1.124000000000000000e+03 7.838274158969095851e+00
1.125000000000000000e+03 7.626214440065731459e+00
1.126000000000000000e+03 7.758077216028570255e+00
1.127000000000000000e+03 8.384184200922305763e+00
1.128000000000000000e+03 7.870082211783800297e+00
1.129000000000000000e+03 8.464770660047925332e+00
1.130000000000000000e+03 7.512523616745117927e+00
1.131000000000000000e+03 7.877379859147038310e+00
1.132000000000000000e+03 8.267170875721429724e+00
1.133000000000000000e+03 8.311740135960610232e+00
1.134000000000000000e+03 7.939619422478317645e+00
1.135000000000000000e+03 8.380166595566455712e+00
1.136000000000000000e+03 8.159976212091912373e+00
1.137000000000000000e+03 8.439650729254530859e+00
1.138000000000000000e+03 8.166891812065500744e+00
1.139000000000000000e+03 8.317681868816508839e+00
1.140000000000000000e+03 8.582004169658794979e+00
1.141000000000000000e+03 8.717784877913164365e+00
1.142000000000000000e+03 8.441437644189603517e+00
1.143000000000000000e+03 8.635095520400115632e+00
1.144000000000000000e+03 8.714997060195294409e+00
1.145000000000000000e+03 8.457574351700085202e+00
1.146000000000000000e+03 8.355552598787097551e+00
1.147000000000000000e+03 8.743257737307162714e+00
1.148000000000000000e+03 8.918171316044332997e+00
1.149000000000000000e+03 8.944049284636802710e+00
1.150000000000000000e+03 8.990830931509734114e+00
1.151000000000000000e+03 8.550927484941199808e+00
1.152000000000000000e+03 8.768952755024077561e+00
1.153000000000000000e+03 9.379438571174757655e+00
1.154000000000000000e+03 8.852738068381391656e+00
1.155000000000000000e+03 8.774219792235692594e+00
1.156000000000000000e+03 8.617153545722613828e+00
1.157000000000000000e+03 9.455790745013260334e+00
1.158000000000000000e+03 8.709660807558206486e+00
1.159000000000000000e+03 9.591322850607490125e+00
1.160000000000000000e+03 9.312097630260909753e+00
1.161000000000000000e+03 8.941559322385764119e+00
1.162000000000000000e+03 9.221057846545997805e+00
1.163000000000000000e+03 9.651663175706394426e+00
1.164000000000000000e+03 9.622104113699812444e+00
1.165000000000000000e+03 9.130859305186053376e+00
1.166000000000000000e+03 9.251943543692178196e+00
1.167000000000000000e+03 9.513412646314666432e+00
1.168000000000000000e+03 9.662474081020867800e+00
1.169000000000000000e+03 9.775091923595304877e+00
1.170000000000000000e+03 9.217810724566795955e+00
1.171000000000000000e+03 9.865287877967482189e+00
1.172000000000000000e+03 9.244102288316540239e+00
1.173000000000000000e+03 9.879114270358142491e+00
1.174000000000000000e+03 9.764807403818666742e+00
1.175000000000000000e+03 1.017886304828077648e+01
1.176000000000000000e+03 1.033962946368736446e+01
1.177000000000000000e+03 9.636514494303197509e+00
1.178000000000000000e+03 9.616710023433759247e+00
1.179000000000000000e+03 9.907904347734234562e+00
1.180000000000000000e+03 1.047516124906541179e+01
1.181000000000000000e+03 1.045124603228718563e+01
1.182000000000000000e+03 9.862011303676037954e+00
1.183000000000000000e+03 9.984185393635554462e+00
1.184000000000000000e+03 1.034250326596117553e+01
1.185000000000000000e+03 1.023138647556327818e+01
1.186000000000000000e+03 1.083361367530419628e+01
1.187000000000000000e+03 1.060210610490267946e+01
1.188000000000000000e+03 1.110207606919960099e+01
1.189000000000000000e+03 1.054235138692861362e+01
1.190000000000000000e+03 1.094057812338247793e+01
1.191000000000000000e+03 1.112984001960962033e+01
1.192000000000000000e+03 1.074249634914735552e+01
1.193000000000000000e+03 1.044061315765772591e+01
1.194000000000000000e+03 1.081570671025792940e+01
1.195000000000000000e+03 1.054718587995651902e+01
1.196000000000000000e+03 1.113081067980965244e+01
1.197000000000000000e+03 1.189959563045975166e+01
1.198000000000000000e+03 1.153407058896329218e+01
1.199000000000000000e+03 1.035772995871759683e+01
1.200000000000000000e+03 1.098272553007036834e+01
1.201000000000000000e+03 1.095188712329605885e+01
1.202000000000000000e+03 1.149572498280225119e+01
1.203000000000000000e+03 1.117304488461842027e+01
1.204000000000000000e+03 1.160517471439227144e+01
1.205000000000000000e+03 1.158412846544206154e+01
1.206000000000000000e+03 1.286975162119934346e+01
1.207000000000000000e+03 1.182530932677858715e+01
1.208000000000000000e+03 1.284493647136665828e+01
1.209000000000000000e+03 1.103480120380085339e+01
1.210000000000000000e+03 1.246941237414885428e+01
1.211000000000000000e+03 1.293727438163300114e+01
1.212000000000000000e+03 1.310946426731154979e+01
1.213000000000000000e+03 1.077444317330188461e+01
1.214000000000000000e+03 1.112105927096103919e+01
1.215000000000000000e+03 1.295930668642796491e+01
1.216000000000000000e+03 1.319898703694959252e+01
1.217000000000000000e+03 1.273817982464752063e+01
1.218000000000000000e+03 1.186253313311606838e+01
1.219000000000000000e+03 1.365409881560806049e+01
1.220000000000000000e+03 1.245622185654963410e+01
1.221000000000000000e+03 1.422123085662910036e+01
1.222000000000000000e+03 1.224708907743454134e+01
1.223000000000000000e+03 1.331952510565851533e+01
1.224000000000000000e+03 1.257065134590603961e+01
1.225000000000000000e+03 1.282220628640773263e+01
1.226000000000000000e+03 1.300306480964211353e+01
1.227000000000000000e+03 1.326634756863092512e+01
1.228000000000000000e+03 1.325280796494934954e+01
1.229000000000000000e+03 1.403986579775818733e+01
1.230000000000000000e+03 1.525353503516900666e+01
1.231000000000000000e+03 1.466614151028957558e+01
1.232000000000000000e+03 1.250936373400512380e+01
1.233000000000000000e+03 1.444931792555727945e+01
1.234000000000000000e+03 1.381256359892292807e+01
1.235000000000000000e+03 1.411813484754803305e+01
1.236000000000000000e+03 1.401725323948269875e+01
1.237000000000000000e+03 1.435348449865283094e+01
1.238000000000000000e+03 1.593304156732333610e+01
1.239000000000000000e+03 1.310178188285161838e+01
1.240000000000000000e+03 1.527938098638688125e+01
1.241000000000000000e+03 1.470829918090078792e+01
1.242000000000000000e+03 1.463825344956446095e+01
1.243000000000000000e+03 1.348388378482625427e+01
1.244000000000000000e+03 1.571600285320876011e+01
1.245000000000000000e+03 1.569253693769628200e+01
1.246000000000000000e+03 1.569913339940254993e+01
1.247000000000000000e+03 1.385311703251537807e+01
1.248000000000000000e+03 1.578398939555318670e+01
1.249000000000000000e+03 1.650657627305308850e+01
1.250000000000000000e+03 1.683115131708419909e+01
1.251000000000000000e+03 1.650769734304268255e+01
1.252000000000000000e+03 1.610859390944294844e+01
1.253000000000000000e+03 1.756676893085756319e+01
1.254000000000000000e+03 1.786364302011815752e+01
1.255000000000000000e+03 1.660006361979004197e+01
1.256000000000000000e+03 1.653478723916084192e+01
1.257000000000000000e+03 1.693157899205879247e+01
1.258000000000000000e+03 1.461212739742306965e+01
1.259000000000000000e+03 1.727779869446431604e+01
1.260000000000000000e+03 2.006163244274669566e+01
1.261000000000000000e+03 1.658015151314170055e+01
1.262000000000000000e+03 1.653134182845085576e+01
1.263000000000000000e+03 1.692529634436696639e+01
1.264000000000000000e+03 1.782383259701877165e+01
1.265000000000000000e+03 1.595943817043530899e+01
1.266000000000000000e+03 1.702110811720236683e+01
1.267000000000000000e+03 2.079583342507498145e+01
1.268000000000000000e+03 1.839026662219703567e+01
1.269000000000000000e+03 1.666900620056243199e+01
1.270000000000000000e+03 1.961332831139250032e+01
1.271000000000000000e+03 1.849007756441800865e+01
1.272000000000000000e+03 1.780966251483614826e+01
1.273000000000000000e+03 1.812558401882688486e+01
1.274000000000000000e+03 1.871841962659033598e+01
1.275000000000000000e+03 1.851831818393162266e+01
1.276000000000000000e+03 1.919567749276722068e+01
1.277000000000000000e+03 1.917993006926474564e+01
1.278000000000000000e+03 1.793367127988081222e+01
1.279000000000000000e+03 2.034794028088566975e+01
1.280000000000000000e+03 2.216093228830099449e+01
1.281000000000000000e+03 2.272113825530992415e+01
1.282000000000000000e+03 2.210472705136220384e+01
1.283000000000000000e+03 2.200380397200530069e+01
1.284000000000000000e+03 2.024660845167803913e+01
1.285000000000000000e+03 1.867120086666145440e+01
1.286000000000000000e+03 2.218684437764614614e+01
1.287000000000000000e+03 2.047447691290567917e+01
1.288000000000000000e+03 1.957311956096874894e+01
1.289000000000000000e+03 2.314684988568465585e+01
1.290000000000000000e+03 1.882236615377150457e+01
1.291000000000000000e+03 2.723723049728523549e+01
1.292000000000000000e+03 2.090926199663116591e+01
1.293000000000000000e+03 1.924695139986100756e+01
1.294000000000000000e+03 2.443341955045762148e+01
1.295000000000000000e+03 2.150431117781763746e+01
1.296000000000000000e+03 2.341398731538151168e+01
1.297000000000000000e+03 2.538318223513138250e+01
1.298000000000000000e+03 2.473016252249380287e+01
1.299000000000000000e+03 2.086180032721480160e+01
1.300000000000000000e+03 2.271889411029761874e+01
1.301000000000000000e+03 2.049542702337185673e+01
1.302000000000000000e+03 2.317328048210731239e+01
1.303000000000000000e+03 2.737544416021053451e+01
1.304000000000000000e+03 2.416264091156995519e+01
1.305000000000000000e+03 2.238613525995658904e+01
1.306000000000000000e+03 2.411426885883113869e+01
1.307000000000000000e+03 2.565843120378300668e+01
1.308000000000000000e+03 2.415321989854844276e+01
1.309000000000000000e+03 2.853041382109449486e+01
1.310000000000000000e+03 2.720990093508914853e+01
1.311000000000000000e+03 2.227244049046659669e+01
1.312000000000000000e+03 2.844130579380930968e+01
1.313000000000000000e+03 2.317439422366116020e+01
1.314000000000000000e+03 2.590553928961584873e+01
1.315000000000000000e+03 3.178235455251674324e+01
1.316000000000000000e+03 3.033035002985787898e+01
1.317000000000000000e+03 3.102418944779842391e+01
1.318000000000000000e+03 2.650390584899146873e+01
1.319000000000000000e+03 2.909379360365820943e+01
1.320000000000000000e+03 2.668957377864903435e+01
1.321000000000000000e+03 2.603122617029443120e+01
1.322000000000000000e+03 3.315687378537101182e+01
1.323000000000000000e+03 3.649667837190710884e+01
1.324000000000000000e+03 2.565394275457897422e+01
1.325000000000000000e+03 3.135225057437807195e+01
1.326000000000000000e+03 2.655565889857408379e+01
1.327000000000000000e+03 2.391843127210605147e+01
1.328000000000000000e+03 3.708515616349377808e+01
1.329000000000000000e+03 3.786684993907563523e+01
1.330000000000000000e+03 2.748065505528430563e+01
1.331000000000000000e+03 3.624610065781741497e+01
1.332000000000000000e+03 4.126201976720897591e+01
1.333000000000000000e+03 2.768888775657229218e+01
1.334000000000000000e+03 2.923787341275066609e+01
1.335000000000000000e+03 2.751478725104583845e+01
1.336000000000000000e+03 3.301934832475615877e+01
1.337000000000000000e+03 3.749614384793242294e+01
1.338000000000000000e+03 4.280711932686855192e+01
1.339000000000000000e+03 3.280943813017778155e+01
1.340000000000000000e+03 3.411856476441729313e+01
1.341000000000000000e+03 3.656735436093235592e+01
1.342000000000000000e+03 3.708759793585949183e+01
1.343000000000000000e+03 3.370400700628353974e+01
1.344000000000000000e+03 4.159457526688457563e+01
1.345000000000000000e+03 4.666742359379531280e+01
1.346000000000000000e+03 4.397488122309102465e+01
1.347000000000000000e+03 4.654696869497681178e+01
1.348000000000000000e+03 4.491549166770314372e+01
1.349000000000000000e+03 3.571228441082973859e+01
1.350000000000000000e+03 4.157385129210199182e+01
1.351000000000000000e+03 3.380468762620984791e+01
1.352000000000000000e+03 4.539256033319762196e+01
1.353000000000000000e+03 5.376816444594877709e+01
1.354000000000000000e+03 4.942832295248357610e+01
1.355000000000000000e+03 4.362723335486795406e+01
1.356000000000000000e+03 4.675836536167597046e+01
1.357000000000000000e+03 4.624532345984960102e+01
1.358000000000000000e+03 4.277116472684144810e+01
1.359000000000000000e+03 4.133774106669478954e+01
1.360000000000000000e+03 5.442249977859066234e+01
1.361000000000000000e+03 5.334626378099010680e+01
1.362000000000000000e+03 5.478544024009295299e+01
1.363000000000000000e+03 5.110089604807082964e+01
1.364000000000000000e+03 5.227626133729449265e+01
1.365000000000000000e+03 5.854281852936875907e+01
1.366000000000000000e+03 5.871624270030634563e+01
1.367000000000000000e+03 6.760463068922618390e+01
1.368000000000000000e+03 6.042749837331688667e+01
1.369000000000000000e+03 4.304075182219160212e+01
1.370000000000000000e+03 6.577017789479377541e+01
1.371000000000000000e+03 6.339246934168945558e+01
1.372000000000000000e+03 5.559884123255016419e+01
1.373000000000000000e+03 5.928609149809688006e+01
1.374000000000000000e+03 5.110790537687709190e+01
1.375000000000000000e+03 6.759370938129576700e+01
1.376000000000000000e+03 7.263740410295665129e+01
1.377000000000000000e+03 5.513317069540435256e+01
1.378000000000000000e+03 6.542452747197897622e+01
1.379000000000000000e+03 3.924951528453826910e+01
1.380000000000000000e+03 5.321500456857875605e+01
1.381000000000000000e+03 8.344973488678074602e+01
1.382000000000000000e+03 6.046003869319299184e+01
1.383000000000000000e+03 5.183494005501243151e+01
1.384000000000000000e+03 7.435689748335229865e+01
1.385000000000000000e+03 7.833869227962351545e+01
1.386000000000000000e+03 6.916575490505937296e+01
1.387000000000000000e+03 5.116471121092372698e+01
1.388000000000000000e+03 4.590716897711750732e+01
1.389000000000000000e+03 8.380165580776942136e+01
1.390000000000000000e+03 1.210484632965410157e+02
1.391000000000000000e+03 4.323394863384111630e+01
1.392000000000000000e+03 8.943106746334703416e+01
1.393000000000000000e+03 7.199299418998084832e+01
1.394000000000000000e+03 1.080565066079298475e+02
1.395000000000000000e+03 8.113369688948463931e+01
1.396000000000000000e+03 8.707376489695538169e+01
1.397000000000000000e+03 1.093641145092822029e+02
1.398000000000000000e+03 7.068743419129008032e+01
1.399000000000000000e+03 9.852722968617374022e+01
1.400000000000000000e+03 1.090831258934969696e+02
1.401000000000000000e+03 1.262641044802864911e+02
1.402000000000000000e+03 1.345149474775747649e+02
1.403000000000000000e+03 1.139765017952932027e+02
1.404000000000000000e+03 8.805460473071320848e+01
1.405000000000000000e+03 1.154097731641019635e+02
1.406000000000000000e+03 9.276699817341943799e+01
1.407000000000000000e+03 9.643344560480662153e+01
1.408000000000000000e+03 1.079407899349798328e+02
1.409000000000000000e+03 7.426388690098987411e+01
1.410000000000000000e+03 1.646190765606806110e+02
1.411000000000000000e+03 1.025970883229038435e+02
1.412000000000000000e+03 1.237314107331433632e+02
1.413000000000000000e+03 1.600575571219013398e+02
1.414000000000000000e+03 6.416729337428282065e+01
1.415000000000000000e+03 8.683809983491052265e+01
1.416000000000000000e+03 8.747298372126859078e+01
1.417000000000000000e+03 1.486786225543524154e+02
1.418000000000000000e+03 7.562983309771838947e+01
1.419000000000000000e+03 1.398481177846375942e+02
1.420000000000000000e+03 1.731885395450917429e+02
1.421000000000000000e+03 1.422305449166586584e+02
1.422000000000000000e+03 2.193099915295975109e+02
1.423000000000000000e+03 3.054593528699277840e+02
1.424000000000000000e+03 2.243785186192729384e+02
1.425000000000000000e+03 2.196624794765805859e+02
1.426000000000000000e+03 2.628713196950507722e+02
1.427000000000000000e+03 1.420271332508745559e+02
1.428000000000000000e+03 2.054188823637556425e+02
1.429000000000000000e+03 2.077984499835124836e+02
1.430000000000000000e+03 2.415942140160842087e+02
1.431000000000000000e+03 1.037068935476210498e+02
1.432000000000000000e+03 1.412842895634225044e+02
1.433000000000000000e+03 1.629377202176573860e+02
1.434000000000000000e+03 2.207675698371370174e+02
1.435000000000000000e+03 2.132592509005368697e+02
1.436000000000000000e+03 2.986546595290018900e+02
1.437000000000000000e+03 3.123452674263923541e+02
1.438000000000000000e+03 2.447694143952960815e+02
1.439000000000000000e+03 1.664662661827592274e+02
1.440000000000000000e+03 2.590030589715357792e+02
1.441000000000000000e+03 3.346126656156890249e+02
1.442000000000000000e+03 3.001150122749461957e+02
1.443000000000000000e+03 1.585701757192803711e+02
1.444000000000000000e+03 2.192291021641549094e+02
1.445000000000000000e+03 5.150902897299265533e+02
1.446000000000000000e+03 3.050659062714062770e+02
1.447000000000000000e+03 2.843087044254532429e+02
1.448000000000000000e+03 1.806733835269812687e+02
1.449000000000000000e+03 3.867478963475134037e+02
1.450000000000000000e+03 4.399814164622181352e+02
1.451000000000000000e+03 2.804113882281861834e+02
1.452000000000000000e+03 4.771919621476596376e+02
1.453000000000000000e+03 4.358879649224060131e+02
1.454000000000000000e+03 4.441074921235613715e+02
1.455000000000000000e+03 2.701747438940723214e+02
1.456000000000000000e+03 3.245980417942813574e+02
1.457000000000000000e+03 5.591110718765544334e+02
1.458000000000000000e+03 6.180039105384362301e+02
1.459000000000000000e+03 5.540257065017065088e+02
1.460000000000000000e+03 6.490915529968671080e+02
1.461000000000000000e+03 7.383536836810003479e+02
1.462000000000000000e+03 1.260356417736753201e+03
1.463000000000000000e+03 7.425522008624740238e+02
1.464000000000000000e+03 6.549845210592955027e+02
1.465000000000000000e+03 8.218851046091615444e+02
1.466000000000000000e+03 8.734398238811342026e+02
1.467000000000000000e+03 8.392053250604624282e+02
1.468000000000000000e+03 7.823058921111841073e+02
1.469000000000000000e+03 7.945786683996714146e+02
1.470000000000000000e+03 1.602520220592512715e+03
1.471000000000000000e+03 1.143633910972140029e+03
1.472000000000000000e+03 1.147192784325846560e+03
1.473000000000000000e+03 1.147183235763154926e+03
1.474000000000000000e+03 1.565086694189134278e+03
1.475000000000000000e+03 1.459060436788892275e+03
1.476000000000000000e+03 1.628495398285268038e+03
1.477000000000000000e+03 2.263362917605239545e+03
1.478000000000000000e+03 2.165080516774982243e+03
1.479000000000000000e+03 2.247859025620922694e+03
1.480000000000000000e+03 1.837194900551405226e+03
1.481000000000000000e+03 2.554827902042423830e+03
1.482000000000000000e+03 2.956661618315921260e+03
1.483000000000000000e+03 3.645006763799181499e+03
1.484000000000000000e+03 3.134783304999975371e+03
1.485000000000000000e+03 5.492452961723514818e+03
1.486000000000000000e+03 5.009719784649950270e+03
1.487000000000000000e+03 6.757355000837715124e+03
1.488000000000000000e+03 8.307088357060836643e+03
1.489000000000000000e+03 9.396233474310703969e+03
1.490000000000000000e+03 1.140940118313632411e+04
1.491000000000000000e+03 1.510438237134291194e+04
1.492000000000000000e+03 1.886264931318765230e+04
1.493000000000000000e+03 3.449992374686161929e+04
1.494000000000000000e+03 4.522139604045789019e+04
1.495000000000000000e+03 6.963188701202619995e+04
1.496000000000000000e+03 1.317996627599160129e+05
1.497000000000000000e+03 2.136217615650742955e+05
1.498000000000000000e+03 4.870654189240098931e+05
