# size duration
5.000000000000000000e+01 7.571722080942227429e+00
2.600000000000000000e+01 4.692333443421956574e-01
5.000000000000000000e+01 9.471136207204706281e+00
4.200000000000000000e+01 1.141582351927501016e+00
3.200000000000000000e+01 7.519607200684621517e-01
2.200000000000000000e+01 3.620648120701592809e-01
1.800000000000000000e+01 2.589514410269568856e-01
1.800000000000000000e+01 2.343785347205833425e-01
5.200000000000000000e+01 7.812666261175219340e+00
4.400000000000000000e+01 1.812195996261310782e+00
2.800000000000000000e+01 5.740461286857834189e-01
2.600000000000000000e+01 4.485991394935897603e-01
1.800000000000000000e+01 2.579277770269108316e-01
4.400000000000000000e+01 3.671468424390623042e+00
5.000000000000000000e+01 3.581485443614806474e+00
3.000000000000000000e+01 6.316940436948494941e-01
4.800000000000000000e+01 4.707534453130373109e+00
5.000000000000000000e+01 9.225474226831838820e+00
4.600000000000000000e+01 3.576843615690771028e+00
2.000000000000000000e+01 2.730838176598391343e-01
9.000000000000000000e+01 6.186238695966912005e+00
8.000000000000000000e+00 9.143304774346372454e-02
4.400000000000000000e+01 1.637282701063801804e+00
3.000000000000000000e+01 5.773600887407783766e-01
5.400000000000000000e+01 2.041134914864467298e+00
4.200000000000000000e+01 1.896819308358037803e+00
2.000000000000000000e+01 2.565538383137776490e-01
8.200000000000000000e+01 3.821402832655816262e+00
2.800000000000000000e+01 5.020103606232422244e-01
1.400000000000000000e+01 1.652297303834570075e-01
