# size duration
2.750000000000000000e+00 1.040506983683917142e+01
6.250000000000000000e+00 8.214314534067135298e+00
8.750000000000000000e-01 3.472722241731851511e-01
1.750000000000000000e+00 7.488094983905230206e-01
3.750000000000000000e-01 4.805321319576605354e-02
5.000000000000000000e-01 1.013508355841199471e-01
2.500000000000000000e-01 2.752322692665165604e-02
1.250000000000000000e-01 1.251173605948752154e-02
1.250000000000000000e-01 1.371589121998084693e-02
1.000000000000000000e+00 3.246685412911398672e-01
3.625000000000000000e+00 1.484591954540394942e+00
1.250000000000000000e-01 1.382650802699081360e-02
1.250000000000000000e-01 1.627560970805497220e-02
1.750000000000000000e+00 5.793536759516417778e-01
2.625000000000000000e+00 1.206690267097710656e+00
2.500000000000000000e-01 4.047711379821339328e-02
3.750000000000000000e-01 5.954725520457082588e-02
3.750000000000000000e-01 8.128177587601503884e-02
3.750000000000000000e-01 5.607946950865438929e-02
3.750000000000000000e-01 6.690478772051411394e-02
3.750000000000000000e-01 6.351364908915790863e-02
2.500000000000000000e-01 3.624843530149668425e-02
2.500000000000000000e-01 3.192845290032009231e-02
1.250000000000000000e-01 1.170811950663708245e-02
3.750000000000000000e-01 7.268430180654705808e-02
3.750000000000000000e-01 5.762628272424530351e-02
1.250000000000000000e-01 1.332676302870483553e-02
4.125000000000000000e+00 3.755078571390785935e+00
3.750000000000000000e-01 6.077082825093738094e-02
6.250000000000000000e-01 1.762569810067651233e-01
3.750000000000000000e-01 7.270065588606433593e-02
5.000000000000000000e-01 9.867054754439186226e-02
2.500000000000000000e-01 2.842436345442633794e-02
2.500000000000000000e-01 3.060011283526575809e-02
2.500000000000000000e-01 2.779265510166606390e-02
2.500000000000000000e-01 3.382896275474145398e-02
6.250000000000000000e-01 7.372051766094234182e-02
8.750000000000000000e-01 1.666438135055683389e-01
5.000000000000000000e-01 8.164974215673836966e-02
1.250000000000000000e-01 1.317478809633065850e-02
2.500000000000000000e-01 3.345730590042972352e-02
3.125000000000000000e+00 5.729129280113773426e+00
5.000000000000000000e-01 9.367282321061565220e-02
3.750000000000000000e-01 5.284429020031256030e-02
3.750000000000000000e-01 6.805553832170030404e-02
5.000000000000000000e+00 5.231500691531008940e+00
5.000000000000000000e-01 1.134987113935916891e-01
6.250000000000000000e-01 1.087805120986560237e-01
5.000000000000000000e-01 1.064052932197692147e-01
7.500000000000000000e-01 1.473540778448847455e-01
7.500000000000000000e-01 1.355026376937438215e-01
4.500000000000000000e+00 4.294378487790585730e+00
3.750000000000000000e-01 5.161053094318621137e-02
3.750000000000000000e-01 4.775709407113526428e-02
5.000000000000000000e-01 6.114766778247232581e-02
3.750000000000000000e-01 5.061782710374185257e-02
2.500000000000000000e-01 2.862379583535978878e-02
2.500000000000000000e-01 4.181529890144441985e-02
1.750000000000000000e+00 5.451510859348781546e-01
1.250000000000000000e+00 3.225450504565419152e-01
1.250000000000000000e-01 1.367494872107632986e-02
1.250000000000000000e-01 1.279678664457883919e-02
2.500000000000000000e-01 2.728329746757696128e-02
1.000000000000000000e+00 2.809742774503920515e-01
2.500000000000000000e-01 2.666893680213000550e-02
5.000000000000000000e-01 1.050779532842360808e-01
5.000000000000000000e-01 7.506938931883944122e-02
1.000000000000000000e+00 1.346323041337464943e-01
5.000000000000000000e+00 3.690855152596486555e+00
8.750000000000000000e-01 1.516827297552416631e-01
8.750000000000000000e-01 2.032016957681341829e-01
1.000000000000000000e+00 5.329532583923470845e-01
2.625000000000000000e+00 2.491973209421923574e+00
3.750000000000000000e-01 7.605953486639416283e-02
1.250000000000000000e-01 1.272715386288147954e-02
1.250000000000000000e-01 1.270524577647602626e-02
3.750000000000000000e-01 6.623545242437733904e-02
3.750000000000000000e-01 6.945301428764860674e-02
1.250000000000000000e-01 1.393227526030482721e-02
3.750000000000000000e-01 4.838695776222934342e-02
6.250000000000000000e-01 9.066005898070317315e-02
6.250000000000000000e-01 1.345224082931970599e-01
3.750000000000000000e-01 4.265261614323101469e-02
5.000000000000000000e-01 6.294299224632604606e-02
1.125000000000000000e+00 2.783945907078630988e-01
1.250000000000000000e-01 1.165541243784318226e-02
3.750000000000000000e-01 4.660764458654931275e-02
5.000000000000000000e-01 7.865248149896375551e-02
2.500000000000000000e-01 2.752568876241445750e-02
3.625000000000000000e+00 2.281931365078793572e+00
2.875000000000000000e+00 1.144011056885264388e+00
8.750000000000000000e-01 3.221469833916374981e-01
5.000000000000000000e-01 7.196388700857880849e-02
5.000000000000000000e-01 1.020037748797988364e-01
5.000000000000000000e-01 9.311068250972609484e-02
3.750000000000000000e-01 5.850198308137288805e-02
1.250000000000000000e-01 1.180483813736432630e-02
2.500000000000000000e-01 2.605450868298642142e-02
3.750000000000000000e-01 4.794759405923576523e-02
2.500000000000000000e+00 1.184778173553378666e+00
3.625000000000000000e+00 3.312647814921895861e+00
5.000000000000000000e-01 8.085591549811643741e-02
2.500000000000000000e-01 2.894601259073428801e-02
2.500000000000000000e-01 2.716774532498522632e-02
1.250000000000000000e-01 1.438332547767018355e-02
1.250000000000000000e-01 1.684561310932863876e-02
2.500000000000000000e-01 3.177303832656885874e-02
3.750000000000000000e-01 4.494988441928438050e-02
3.750000000000000000e-01 6.053968817660670965e-02
5.375000000000000000e+00 1.953340957698577629e+00
2.500000000000000000e-01 2.883386660784248434e-02
5.000000000000000000e-01 9.763799818971685696e-02
3.750000000000000000e-01 5.230417772106532581e-02
5.375000000000000000e+00 5.502067909856223515e+00
1.250000000000000000e-01 1.343856774537249832e-02
2.500000000000000000e-01 2.762952360729020729e-02
2.500000000000000000e-01 2.727928418334624183e-02
3.750000000000000000e-01 4.252186486361519968e-02
2.500000000000000000e-01 2.647737538308980731e-02
6.250000000000000000e+00 2.915349909565104980e+00
2.500000000000000000e-01 3.589301220538576587e-02
2.500000000000000000e-01 3.296546347628304119e-02
6.250000000000000000e-01 1.468768187335607323e-01
5.500000000000000000e+00 5.216587812720503869e+00
2.500000000000000000e-01 3.458395567542549287e-02
7.500000000000000000e-01 4.566266837722010585e-01
3.750000000000000000e-01 6.021525007061723223e-02
2.500000000000000000e-01 2.627375219145600127e-02
2.500000000000000000e-01 2.829162185962497134e-02
2.500000000000000000e-01 3.604058001059717853e-02
2.500000000000000000e-01 3.592757287562076129e-02
3.750000000000000000e-01 4.082215182815396304e-02
1.250000000000000000e-01 1.520144460321537494e-02
1.250000000000000000e-01 1.341744699746705294e-02
3.750000000000000000e-01 7.280406191085608825e-02
1.250000000000000000e-01 1.198448203397983747e-02
1.250000000000000000e-01 1.220779523567339098e-02
3.750000000000000000e-01 4.259911760613066534e-02
3.750000000000000000e-01 5.409085879120256735e-02
1.250000000000000000e-01 1.222945069297942666e-02
3.750000000000000000e-01 5.019107825524393718e-02
2.500000000000000000e-01 3.503513418141679381e-02
1.125000000000000000e+00 2.218395091166995847e-01
7.500000000000000000e-01 1.710300738358161432e-01
8.750000000000000000e-01 1.300193835286016508e-01
3.750000000000000000e-01 6.164341947792006948e-02
5.000000000000000000e-01 8.475259901895038084e-02
2.500000000000000000e-01 2.829630582755537915e-02
1.250000000000000000e-01 1.340280826140816117e-02
2.500000000000000000e-01 3.214767042478205994e-02
1.375000000000000000e+00 3.030039622975317926e-01
2.500000000000000000e-01 3.170535424872911179e-02
3.750000000000000000e-01 5.697775743309652086e-02
3.750000000000000000e-01 6.431629378689240895e-02
3.750000000000000000e-01 3.959640675395625919e-02
2.500000000000000000e-01 3.264572446952129781e-02
5.000000000000000000e-01 7.378088097373680654e-02
2.500000000000000000e-01 2.649529945839379508e-02
3.375000000000000000e+00 1.708890342009970365e+00
2.500000000000000000e+00 5.075209410982775005e-01
2.500000000000000000e-01 3.498218385198681446e-02
1.250000000000000000e-01 1.184799622134402597e-02
2.500000000000000000e-01 2.595809403016380301e-02
2.500000000000000000e-01 2.562812612110088040e-02
2.500000000000000000e-01 2.845534767357671413e-02
1.250000000000000000e+00 2.809093287427653074e-01
1.000000000000000000e+00 3.832214923975341136e-01
1.250000000000000000e-01 1.391445745386388211e-02
8.750000000000000000e-01 1.169598426984768125e-01
3.750000000000000000e-01 4.595294237587932429e-02
2.500000000000000000e-01 3.818270436039394866e-02
3.750000000000000000e-01 6.443850740204437599e-02
5.000000000000000000e-01 1.036319786947061949e-01
1.250000000000000000e-01 1.305209820908981300e-02
2.500000000000000000e-01 4.286117656246757335e-02
3.750000000000000000e-01 6.314661536088994609e-02
1.250000000000000000e-01 1.203444299597933309e-02
8.750000000000000000e-01 1.923052462222081260e-01
5.000000000000000000e-01 8.456295380624689884e-02
7.500000000000000000e-01 2.214866193783575632e-01
5.000000000000000000e-01 7.766874494441111665e-02
1.875000000000000000e+00 2.980802832727054152e-01
3.750000000000000000e-01 4.081507299142961287e-02
3.750000000000000000e-01 4.225030403373164489e-02
6.250000000000000000e-01 1.485959418850812952e-01
3.750000000000000000e-01 4.531819003838943871e-02
7.500000000000000000e-01 1.874121478398116381e-01
6.250000000000000000e-01 1.160941069997227792e-01
5.000000000000000000e-01 9.358840111544264317e-02
1.000000000000000000e+00 2.059863577456639838e-01
2.500000000000000000e-01 2.723465828369420194e-02
2.500000000000000000e-01 2.752319660918089994e-02
3.500000000000000000e+00 1.875439830138002417e+00
1.500000000000000000e+00 5.605956560716789383e-01
3.750000000000000000e-01 4.643504672340226236e-02
1.250000000000000000e-01 1.177174159326010994e-02
2.375000000000000000e+00 6.797982724228976981e-01
2.250000000000000000e+00 1.243896439870369575e+00
7.500000000000000000e-01 1.546906554598685979e-01
5.000000000000000000e-01 7.890402998653822664e-02
5.000000000000000000e-01 7.504690289451576568e-02
5.000000000000000000e-01 7.734673835737027048e-02
2.000000000000000000e+00 3.491658546838070087e-01
6.250000000000000000e-01 8.403011222269141101e-02
8.750000000000000000e-01 2.660437175634942086e-01
1.250000000000000000e-01 1.273203183950344375e-02
5.000000000000000000e-01 1.306229311639466317e-01
6.250000000000000000e-01 1.380032008456739678e-01
3.750000000000000000e-01 5.928333380922157225e-02
1.250000000000000000e-01 1.310530062224168901e-02
3.750000000000000000e-01 5.218223615153139150e-02
6.250000000000000000e-01 1.077363604842198619e-01
1.250000000000000000e-01 1.185821851107338176e-02
5.000000000000000000e-01 1.012207786550274324e-01
2.500000000000000000e-01 2.915720351190032034e-02
3.750000000000000000e-01 4.901817526358742683e-02
1.250000000000000000e-01 1.250142667209885872e-02
2.625000000000000000e+00 7.605524139133765793e-01
6.250000000000000000e-01 1.570304805967088768e-01
2.500000000000000000e-01 2.979125972742524553e-02
3.750000000000000000e-01 3.939340824776449423e-02
2.500000000000000000e-01 2.875898702945578478e-02
2.500000000000000000e-01 4.196389249970167157e-02
2.500000000000000000e-01 4.735424873717297700e-02
5.000000000000000000e-01 7.582814370293800010e-02
3.250000000000000000e+00 8.903160129287914781e-01
3.750000000000000000e-01 6.226440975043212589e-02
1.250000000000000000e+00 3.917551419135134605e-01
