# size duration
2.500000000000000000e-01 7.606218700642894404e-02
1.250000000000000000e-01 2.227696128869993686e-02
1.250000000000000000e-01 2.305727338079943678e-02
1.250000000000000000e-01 2.636010938920030355e-02
1.250000000000000000e-01 2.575052400015032106e-02
1.250000000000000000e-01 2.517437418349999234e-02
1.250000000000000000e-01 2.501916639510071150e-02
2.375000000000000000e+00 1.164503265757821460e+01
2.125000000000000000e+00 7.888979116138790104e+00
1.000000000000000000e+00 1.169449538440870073e+00
1.375000000000000000e+00 1.703646397422880376e+00
1.625000000000000000e+00 1.374552446367832026e+00
2.500000000000000000e-01 5.247284099244728384e-02
5.000000000000000000e-01 2.156615237240730731e-01
3.750000000000000000e-01 1.369690212808907792e-01
1.250000000000000000e-01 2.521647614915301094e-02
2.500000000000000000e-01 7.406863816358202901e-02
1.250000000000000000e-01 3.975797624837007493e-02
1.250000000000000000e-01 2.834942583767985358e-02
1.250000000000000000e-01 4.204728312323013917e-02
1.250000000000000000e-01 2.602885953619482606e-02
1.250000000000000000e-01 3.685595161888510773e-02
1.250000000000000000e-01 2.548414816534516625e-02
1.250000000000000000e-01 2.887773341344490596e-02
1.250000000000000000e-01 3.602317747094496703e-02
1.250000000000000000e-01 2.877962081093987656e-02
1.250000000000000000e-01 3.045648453718996507e-02
2.500000000000000000e-01 7.537829892217495775e-02
2.500000000000000000e-01 5.344559432027495838e-02
2.500000000000000000e-01 8.318731964375469801e-02
1.250000000000000000e-01 2.422267004980493965e-02
2.500000000000000000e-01 7.807182099801535102e-02
2.500000000000000000e-01 5.551596920359491705e-02
1.250000000000000000e-01 3.209785888350502603e-02
2.500000000000000000e-01 6.212940481817019744e-02
1.250000000000000000e-01 2.328760813657515527e-02
1.250000000000000000e-01 2.198095646110509449e-02
2.500000000000000000e-01 6.080683790944485523e-02
2.500000000000000000e-01 6.424648928920539959e-02
1.250000000000000000e-01 2.922802502768995225e-02
2.500000000000000000e-01 5.533824606624015985e-02
1.250000000000000000e-01 2.374488538145014260e-02
1.250000000000000000e-01 2.759439570001998021e-02
1.250000000000000000e-01 3.265146343930025452e-02
1.250000000000000000e-01 2.391347140140487326e-02
2.500000000000000000e-01 5.371008035326463315e-02
1.250000000000000000e-01 2.707592018135018819e-02
2.500000000000000000e-01 9.062702102794473191e-02
2.500000000000000000e-01 5.155174649706051326e-02
2.500000000000000000e-01 9.761484826071065157e-02
1.250000000000000000e-01 2.299115517512451135e-02
1.250000000000000000e-01 2.293979604286011664e-02
3.750000000000000000e-01 1.041025558448396282e-01
2.625000000000000000e+00 1.844941872960164986e+00
5.000000000000000000e-01 2.211917121114148621e-01
1.250000000000000000e-01 3.311351965227027350e-02
1.250000000000000000e-01 2.293825879398481149e-02
6.250000000000000000e-01 2.638691794053644735e-01
2.500000000000000000e-01 8.559909773404505984e-02
1.250000000000000000e-01 5.458352906665009385e-02
1.000000000000000000e+00 5.970064863877651007e-01
3.750000000000000000e-01 9.825350399013021985e-02
6.250000000000000000e-01 2.350016571042452540e-01
2.500000000000000000e-01 6.812048719547503239e-02
1.875000000000000000e+00 1.382395514388995217e+00
3.750000000000000000e-01 1.726515739825698059e-01
5.000000000000000000e-01 1.740952096827750317e-01
1.250000000000000000e-01 3.051181717723494558e-02
1.250000000000000000e-01 2.748378508791526897e-02
3.750000000000000000e-01 8.934450747991995456e-02
1.250000000000000000e-01 2.749274417804503656e-02
1.250000000000000000e-01 3.999607849892017342e-02
2.500000000000000000e-01 5.927807175520038996e-02
2.500000000000000000e-01 5.458587643395995670e-02
2.500000000000000000e-01 6.861566509850991480e-02
3.750000000000000000e-01 1.184009676015351786e-01
1.250000000000000000e-01 5.534432186075477489e-02
2.500000000000000000e-01 7.033462975315485366e-02
1.250000000000000000e-01 4.648026171152475072e-02
1.250000000000000000e-01 2.406291900955981333e-02
1.250000000000000000e-01 2.628230937075493046e-02
1.250000000000000000e-01 2.332074906504510992e-02
1.250000000000000000e-01 2.973570975888506496e-02
2.500000000000000000e-01 7.907194920611493316e-02
6.250000000000000000e-01 1.536160088785951672e-01
6.250000000000000000e-01 3.483695356706406621e-01
1.375000000000000000e+00 1.263739808324509717e+00
6.250000000000000000e-01 2.655946463433602744e-01
2.125000000000000000e+00 2.195878684698680416e+00
1.250000000000000000e-01 2.403172559974997569e-02
1.250000000000000000e-01 2.823921111206506573e-02
1.250000000000000000e-01 2.640432617644994373e-02
1.250000000000000000e-01 3.133998131846005286e-02
3.750000000000000000e-01 1.009774274513699499e-01
1.250000000000000000e-01 4.718752456527508521e-02
2.500000000000000000e-01 6.766374477052505831e-02
2.500000000000000000e-01 7.498453138266980567e-02
1.250000000000000000e-01 2.330910357190019155e-02
2.500000000000000000e-01 8.997120383246981490e-02
1.250000000000000000e-01 6.087018099352503597e-02
5.000000000000000000e-01 2.522850649624246433e-01
3.750000000000000000e-01 1.282824520476950614e-01
1.625000000000000000e+00 6.778913171635649881e-01
3.750000000000000000e-01 1.231308248245852610e-01
2.500000000000000000e-01 5.009053669278995535e-02
1.250000000000000000e-01 2.415762940858501295e-02
1.250000000000000000e-01 2.569412111699520551e-02
1.250000000000000000e-01 2.212920287190489610e-02
6.250000000000000000e-01 1.921648757485898695e-01
6.250000000000000000e-01 2.519546895030999600e-01
2.500000000000000000e-01 1.053163244134549537e-01
2.500000000000000000e-01 8.757972630834509609e-02
5.000000000000000000e-01 1.368882839083949143e-01
1.250000000000000000e-01 4.306901601317503214e-02
1.750000000000000000e+00 1.798245193122740115e+00
3.750000000000000000e-01 1.648590225906749751e-01
5.000000000000000000e-01 2.654812755571850369e-01
3.750000000000000000e-01 1.998460969293049949e-01
5.000000000000000000e-01 2.370605088984034103e-01
2.500000000000000000e-01 1.260989016657650952e-01
2.500000000000000000e-01 8.855918293085984772e-02
3.750000000000000000e-01 2.082373348691899384e-01
3.750000000000000000e-01 1.843550847027349837e-01
2.500000000000000000e-01 6.121725441855996319e-02
2.500000000000000000e-01 5.439194580313488903e-02
2.500000000000000000e-01 4.521127742413499906e-02
2.500000000000000000e-01 9.150499930758504430e-02
3.750000000000000000e-01 1.710646340033299406e-01
5.000000000000000000e-01 2.532494118875948663e-01
2.500000000000000000e-01 4.889674101013496976e-02
3.750000000000000000e-01 1.593073249783050205e-01
1.250000000000000000e-01 2.334368011089993367e-02
1.250000000000000000e-01 3.116124359202498972e-02
1.250000000000000000e-01 2.952553791492507074e-02
1.250000000000000000e-01 2.331586475588998120e-02
2.500000000000000000e-01 7.202062570895506610e-02
3.750000000000000000e-01 9.418855493434974413e-02
2.500000000000000000e-01 7.197876112665002601e-02
1.250000000000000000e-01 4.243739713470495722e-02
3.750000000000000000e-01 9.319023242347013181e-02
2.500000000000000000e-01 5.860126966888512534e-02
1.250000000000000000e-01 2.503384357141502647e-02
1.250000000000000000e-01 3.151405824924502497e-02
3.750000000000000000e-01 1.109673682968748132e-01
1.250000000000000000e-01 3.902162649864004962e-02
1.250000000000000000e-01 2.797297275816523765e-02
6.250000000000000000e-01 2.048461059134352169e-01
3.250000000000000000e+00 3.038514557534250038e+00
1.250000000000000000e-01 4.762390351939993494e-02
3.750000000000000000e-01 1.329242132340648919e-01
1.250000000000000000e-01 3.103573083040500613e-02
2.500000000000000000e-01 1.019517395544200511e-01
2.500000000000000000e-01 1.271543062941149493e-01
5.000000000000000000e-01 2.688047125102197565e-01
2.500000000000000000e-01 8.856985290577523706e-02
1.250000000000000000e-01 2.548728399726996052e-02
2.500000000000000000e-01 6.020881643749498302e-02
6.250000000000000000e-01 3.098609205855349380e-01
1.250000000000000000e-01 3.558909376398000646e-02
1.250000000000000000e-01 4.136250105321503945e-02
2.500000000000000000e-01 5.971638179177474193e-02
2.500000000000000000e-01 7.833873208110997410e-02
1.250000000000000000e-01 3.123181932426000174e-02
2.500000000000000000e-01 5.835704159721988304e-02
2.500000000000000000e-01 8.029019353055000252e-02
1.125000000000000000e+00 7.628355614766300086e-01
2.500000000000000000e-01 9.621965296599488404e-02
2.500000000000000000e-01 6.595940699083002734e-02
1.250000000000000000e-01 3.759178267024498865e-02
1.250000000000000000e-01 3.978381085572468834e-02
2.500000000000000000e-01 7.713056721636002422e-02
2.500000000000000000e-01 7.502430103069990253e-02
1.250000000000000000e-01 2.851078955348018695e-02
2.500000000000000000e-01 6.125307765392484782e-02
1.250000000000000000e-01 4.794779527304493527e-02
1.250000000000000000e-01 2.754111323346020157e-02
1.250000000000000000e-01 2.507697465062497244e-02
1.250000000000000000e-01 3.305261447465479563e-02
2.500000000000000000e-01 6.543785353288988915e-02
1.250000000000000000e-01 2.538356519460505112e-02
2.500000000000000000e-01 6.615168976862495498e-02
1.250000000000000000e-01 2.951904155757478776e-02
1.250000000000000000e-01 2.806942939914502944e-02
1.250000000000000000e-01 2.189344514696012212e-02
2.500000000000000000e-01 8.307426119383531926e-02
2.500000000000000000e-01 9.704276186000493354e-02
8.750000000000000000e-01 3.327633835518302163e-01
2.500000000000000000e-01 6.190900768312967983e-02
2.500000000000000000e-01 1.095981580416052203e-01
3.500000000000000000e+00 4.430465942727424888e+00
1.125000000000000000e+00 7.494170770135000215e-01
2.500000000000000000e-01 1.028390095544249316e-01
1.250000000000000000e-01 4.625583405029987105e-02
1.250000000000000000e-01 2.631324201578499888e-02
2.500000000000000000e-01 9.152178177764480616e-02
2.500000000000000000e-01 4.971705830822492622e-02
3.750000000000000000e-01 8.332424602353505350e-02
1.250000000000000000e-01 3.397409497555003988e-02
1.250000000000000000e-01 4.264145121680473771e-02
1.250000000000000000e-01 2.535883329450516754e-02
2.500000000000000000e-01 4.795477828935990061e-02
1.250000000000000000e-01 3.255260125627490453e-02
1.250000000000000000e-01 2.687883189976503218e-02
1.250000000000000000e-01 2.250859184036535510e-02
2.500000000000000000e-01 6.106302761601023477e-02
3.750000000000000000e-01 1.408827604290099345e-01
2.500000000000000000e-01 5.424676507251469104e-02
2.500000000000000000e-01 5.841039944010439910e-02
2.500000000000000000e-01 5.543971350587506564e-02
1.250000000000000000e-01 4.908589706255028773e-02
1.250000000000000000e-01 2.719301853946998193e-02
1.250000000000000000e-01 3.396820855828508456e-02
1.250000000000000000e-01 4.440984320495511284e-02
1.250000000000000000e-01 3.375192526160031292e-02
1.250000000000000000e-01 2.428376179749003327e-02
1.250000000000000000e-01 2.468722562098957241e-02
2.500000000000000000e-01 7.613791754215526453e-02
1.250000000000000000e-01 2.823684655055025416e-02
2.875000000000000000e+00 4.633668052111614699e+00
2.500000000000000000e-01 1.294775221107800078e-01
3.750000000000000000e-01 9.889986810195505740e-02
3.750000000000000000e-01 1.889418007584504622e-01
5.000000000000000000e-01 2.603670936243251965e-01
1.250000000000000000e-01 5.101239098779020154e-02
2.500000000000000000e-01 7.978890786306491734e-02
1.250000000000000000e-01 2.930390721600018011e-02
5.000000000000000000e-01 2.223807170303002678e-01
2.500000000000000000e-01 7.044601114682524923e-02
5.000000000000000000e-01 2.602845282011698735e-01
3.750000000000000000e-01 9.663651542463513877e-02
1.250000000000000000e-01 3.639376088856982605e-02
2.500000000000000000e-01 8.251957515002006360e-02
1.250000000000000000e-01 3.255114715402029901e-02
3.750000000000000000e-01 1.101402427566249287e-01
5.000000000000000000e-01 2.340951045902253114e-01
2.500000000000000000e-01 1.174524690647298364e-01
2.500000000000000000e-01 1.520419621168946911e-01
3.750000000000000000e-01 1.838502970723148167e-01
2.500000000000000000e-01 7.337018529825956037e-02
3.750000000000000000e-01 1.391541747475746327e-01
2.500000000000000000e-01 5.902657001300015693e-02
2.500000000000000000e-01 6.426328688398497135e-02
2.500000000000000000e-01 9.321012336477485505e-02
1.250000000000000000e-01 2.597700795399493501e-02
1.250000000000000000e-01 3.706527690650540663e-02
1.375000000000000000e+00 6.670073273546597292e-01
1.250000000000000000e-01 2.204063152377022661e-02
1.250000000000000000e-01 3.723332321926475785e-02
5.000000000000000000e-01 1.243994716325995675e-01
1.250000000000000000e-01 3.649040505925515987e-02
2.500000000000000000e-01 6.962756144338522191e-02
3.750000000000000000e-01 1.654560723663052180e-01
5.000000000000000000e-01 2.894317355603748254e-01
5.000000000000000000e-01 3.317872150644749496e-01
3.750000000000000000e-01 2.299594217435205756e-01
3.750000000000000000e-01 2.577009012604150051e-01
2.500000000000000000e-01 6.402241526081509093e-02
3.750000000000000000e-01 1.458439542219198692e-01
2.500000000000000000e-01 5.706659485574983037e-02
1.250000000000000000e-01 2.998828924964014320e-02
1.250000000000000000e-01 2.480215125197515746e-02
5.000000000000000000e-01 1.486608346657600777e-01
1.250000000000000000e-01 4.666849556627017392e-02
1.250000000000000000e-01 2.812355000025501539e-02
3.750000000000000000e-01 8.427928715123522707e-02
3.750000000000000000e-01 9.562924345282031169e-02
2.500000000000000000e-01 9.503696110916504125e-02
1.250000000000000000e-01 2.212018814348981621e-02
2.500000000000000000e-01 1.180632480404897322e-01
3.750000000000000000e-01 1.479176318205501772e-01
1.250000000000000000e-01 2.829060515946979493e-02
1.250000000000000000e-01 2.341343361260994627e-02
2.500000000000000000e-01 9.869865486676010491e-02
2.500000000000000000e-01 7.637447461575463947e-02
1.250000000000000000e-01 3.112248506252512925e-02
1.250000000000000000e-01 4.309266780449982903e-02
2.500000000000000000e-01 7.035455126229006595e-02
1.250000000000000000e-01 2.631584645175477633e-02
1.250000000000000000e-01 3.901098405179004303e-02
2.500000000000000000e-01 6.540083157803477931e-02
3.750000000000000000e-01 1.726983824450147864e-01
5.000000000000000000e-01 1.790406711353846880e-01
5.000000000000000000e-01 2.140892554245450441e-01
3.750000000000000000e-01 1.256999210951148527e-01
3.750000000000000000e-01 1.481322427147104825e-01
5.000000000000000000e-01 1.471084500296546693e-01
6.250000000000000000e-01 2.087650169154851021e-01
2.500000000000000000e-01 1.323210343017451329e-01
3.750000000000000000e-01 1.324286493523350039e-01
5.000000000000000000e-01 1.740833213849901639e-01
1.500000000000000000e+00 1.183600990891624960e+00
2.500000000000000000e-01 6.799769208448003255e-02
2.500000000000000000e-01 5.565305613814519603e-02
2.500000000000000000e-01 7.506565083243499359e-02
1.250000000000000000e-01 2.324207275033973730e-02
6.250000000000000000e-01 2.537857650021351219e-01
1.250000000000000000e-01 2.447076541528003801e-02
1.250000000000000000e-01 3.710552866913507941e-02
1.250000000000000000e-01 6.055854326108489616e-02
1.250000000000000000e-01 2.981469973290984399e-02
1.250000000000000000e-01 2.917423317005507499e-02
1.250000000000000000e-01 3.947881662348518006e-02
1.250000000000000000e-01 3.039823164370991648e-02
1.250000000000000000e-01 3.408878513077517880e-02
1.250000000000000000e-01 3.816156900479494851e-02
3.750000000000000000e-01 1.305495516732748662e-01
2.500000000000000000e-01 8.046472061932030684e-02
2.500000000000000000e-01 6.819135164365519586e-02
1.250000000000000000e-01 4.896746601117474285e-02
2.500000000000000000e-01 8.537024448019980838e-02
1.250000000000000000e-01 2.973788812228983502e-02
1.250000000000000000e-01 3.382125935593993660e-02
2.500000000000000000e-01 8.845731932111977613e-02
1.250000000000000000e-01 4.101241777106467978e-02
2.500000000000000000e-01 1.085753868314296433e-01
1.250000000000000000e-01 3.326377272812486297e-02
2.500000000000000000e-01 8.831863778170490065e-02
2.500000000000000000e-01 9.835505707092462302e-02
1.250000000000000000e-01 3.488464833784465924e-02
1.250000000000000000e-01 4.643403902048515164e-02
2.500000000000000000e-01 7.104646762686472883e-02
1.250000000000000000e-01 2.360896958703495585e-02
1.250000000000000000e-01 3.465541147512007925e-02
1.250000000000000000e-01 3.234061238595486998e-02
3.750000000000000000e-01 1.627413139224249683e-01
1.250000000000000000e-01 2.250295409902003385e-02
1.000000000000000000e+00 4.287563147975999023e-01
2.500000000000000000e-01 4.812109951868004387e-02
3.750000000000000000e-01 2.486152310297300438e-01
7.500000000000000000e-01 3.083003452960002555e-01
5.000000000000000000e-01 2.012201079717494956e-01
2.500000000000000000e-01 1.487501211058401829e-01
5.000000000000000000e-01 2.467871991097849715e-01
3.750000000000000000e-01 1.040405730515603366e-01
3.750000000000000000e-01 1.801115778668247458e-01
1.250000000000000000e-01 4.227767508288504672e-02
2.500000000000000000e-01 8.733588284690041448e-02
2.500000000000000000e-01 6.303298040476512654e-02
2.500000000000000000e-01 6.620873050362963141e-02
2.500000000000000000e-01 6.699487349873489705e-02
1.250000000000000000e-01 5.410018001403038568e-02
3.750000000000000000e-01 1.149374119563799646e-01
1.250000000000000000e-01 5.341589655017475735e-02
2.500000000000000000e-01 5.013092597056045818e-02
1.250000000000000000e-01 3.825687348833461954e-02
1.250000000000000000e-01 2.244441641724526093e-02
2.500000000000000000e-01 9.383397329172504797e-02
2.500000000000000000e-01 1.430410119155598458e-01
2.500000000000000000e-01 9.671846430170027986e-02
1.250000000000000000e-01 3.018003902193511223e-02
1.250000000000000000e-01 2.572155562637989945e-02
1.250000000000000000e-01 4.455832146825011719e-02
2.500000000000000000e-01 8.757928174183993164e-02
1.250000000000000000e-01 2.720568191980499151e-02
2.500000000000000000e-01 1.202128512646800651e-01
3.750000000000000000e-01 1.782963503474950251e-01
1.250000000000000000e-01 2.809459316981977040e-02
5.000000000000000000e-01 2.225311896426953595e-01
2.500000000000000000e-01 5.467804939435039202e-02
1.250000000000000000e-01 5.079379791911486919e-02
2.500000000000000000e-01 1.222331492825805555e-01
2.500000000000000000e-01 5.782147300965512215e-02
3.750000000000000000e-01 1.334686213106501818e-01
2.500000000000000000e-01 6.683587353621511795e-02
5.000000000000000000e-01 2.865703527640794945e-01
1.250000000000000000e-01 2.245567197909004165e-02
8.750000000000000000e-01 5.507505909793950494e-01
8.750000000000000000e-01 5.017280945992355079e-01
1.250000000000000000e-01 7.725883147047518662e-02
7.500000000000000000e-01 2.669164679803452955e-01
2.750000000000000000e+00 3.264774751203880054e+00
5.000000000000000000e-01 4.017609997787300324e-01
5.000000000000000000e-01 2.715296976145500363e-01
5.000000000000000000e-01 3.143105502924049555e-01
3.750000000000000000e-01 2.215340629041300247e-01
3.750000000000000000e-01 1.978907301302100796e-01
2.500000000000000000e-01 1.038785854953547805e-01
1.250000000000000000e-01 2.512027581288012179e-02
2.500000000000000000e-01 1.076808095410599631e-01
5.000000000000000000e-01 2.156104768195150623e-01
1.250000000000000000e-01 2.568094818126986922e-02
1.250000000000000000e-01 3.326741912517006128e-02
3.750000000000000000e-01 1.174049424901999483e-01
1.250000000000000000e-01 3.361223289404002834e-02
1.250000000000000000e-01 2.887775931973002308e-02
1.250000000000000000e-01 4.425628689452487663e-02
1.250000000000000000e-01 3.360091323041491940e-02
1.250000000000000000e-01 2.394483624885501705e-02
1.250000000000000000e-01 2.460324368168498310e-02
1.250000000000000000e-01 2.531437912683998093e-02
1.250000000000000000e-01 2.472825620965002358e-02
1.250000000000000000e-01 2.432443969786968196e-02
1.250000000000000000e-01 2.699098358290008548e-02
1.250000000000000000e-01 5.288824151925997086e-02
1.250000000000000000e-01 3.051621092122980272e-02
1.250000000000000000e-01 3.593964855285491922e-02
1.250000000000000000e-01 2.871889169992991597e-02
1.250000000000000000e-01 2.602716309320474153e-02
2.500000000000000000e-01 5.228787677866009176e-02
2.500000000000000000e-01 5.911715505214498734e-02
1.250000000000000000e-01 2.522956755213012769e-02
1.250000000000000000e-01 2.614397638514498468e-02
1.250000000000000000e-01 3.530467235554013428e-02
1.250000000000000000e-01 3.005607635691998070e-02
1.250000000000000000e-01 3.345525243950486782e-02
1.250000000000000000e-01 3.348362276162530904e-02
2.500000000000000000e-01 5.093023945040497935e-02
1.250000000000000000e-01 3.725022564500468647e-02
1.250000000000000000e-01 3.135896684199002138e-02
1.250000000000000000e-01 2.955999145426524422e-02
1.250000000000000000e-01 2.785759395156439666e-02
1.250000000000000000e-01 2.640685440152967800e-02
1.250000000000000000e-01 4.281684510800509713e-02
1.250000000000000000e-01 3.320636020300948843e-02
1.250000000000000000e-01 2.706053833826427280e-02
1.250000000000000000e-01 3.505521644834530548e-02
1.250000000000000000e-01 2.605102187374530587e-02
1.250000000000000000e-01 2.665926044899968872e-02
1.250000000000000000e-01 2.909254064161004294e-02
1.250000000000000000e-01 2.911834827930004366e-02
1.250000000000000000e-01 2.423652113625074378e-02
2.500000000000000000e-01 7.360295864240029573e-02
3.750000000000000000e-01 1.340204305247496563e-01
1.250000000000000000e-01 3.958225041349994200e-02
2.500000000000000000e-01 7.618550243680033418e-02
3.875000000000000000e+00 7.089506128878960034e+00
1.250000000000000000e-01 2.938262054916518373e-02
2.500000000000000000e-01 8.233430022457532971e-02
1.250000000000000000e-01 5.237988957974470949e-02
1.250000000000000000e-01 2.629291282551982079e-02
1.250000000000000000e-01 6.549497842675977566e-02
1.250000000000000000e-01 3.236388434583492568e-02
1.250000000000000000e-01 3.012939285111970733e-02
2.500000000000000000e-01 5.873655596466509365e-02
1.250000000000000000e-01 2.653855374069991058e-02
2.500000000000000000e-01 6.359650370943015218e-02
1.250000000000000000e-01 2.781893281298986054e-02
1.250000000000000000e-01 3.773382108185519002e-02
2.500000000000000000e-01 6.239321366528560731e-02
1.250000000000000000e-01 3.321547506015498641e-02
2.500000000000000000e-01 8.326790989486454464e-02
1.250000000000000000e-01 3.699926452277502165e-02
1.250000000000000000e-01 2.892311465729013875e-02
1.250000000000000000e-01 3.298512614516013741e-02
2.500000000000000000e-01 6.974613576209964805e-02
2.500000000000000000e-01 8.214485284837502732e-02
1.250000000000000000e-01 3.484958084247491428e-02
1.250000000000000000e-01 2.271901998717007487e-02
2.500000000000000000e-01 5.927851391374971968e-02
1.250000000000000000e-01 4.313678989543001663e-02
1.250000000000000000e-01 3.588023520966521218e-02
1.250000000000000000e-01 3.307506272796523206e-02
2.500000000000000000e-01 8.931656004967480911e-02
1.250000000000000000e-01 2.792739430038526649e-02
3.750000000000000000e-01 1.111279834444598436e-01
2.500000000000000000e-01 1.136163350080603429e-01
1.250000000000000000e-01 2.844240655495022807e-02
1.250000000000000000e-01 3.298629102231531718e-02
1.250000000000000000e-01 3.032785419679484562e-02
3.750000000000000000e-01 1.372187812042104937e-01
2.500000000000000000e-01 7.834385342180993916e-02
2.500000000000000000e-01 5.520943443508929960e-02
3.750000000000000000e-01 1.107948628450854400e-01
1.250000000000000000e-01 2.564757035481068925e-02
1.250000000000000000e-01 2.815694190143513964e-02
2.500000000000000000e-01 9.523274940580073178e-02
1.250000000000000000e-01 3.407702118544975178e-02
1.250000000000000000e-01 2.478979143829995735e-02
2.500000000000000000e-01 5.451736139580010132e-02
1.250000000000000000e-01 2.629186782776038456e-02
2.500000000000000000e-01 8.481146062332456381e-02
1.250000000000000000e-01 2.837258203713499682e-02
1.250000000000000000e-01 2.537303313625471901e-02
2.500000000000000000e-01 6.487936856485543302e-02
1.250000000000000000e-01 4.134078816433550685e-02
6.250000000000000000e-01 2.326908553166449067e-01
1.250000000000000000e-01 4.084563573639066192e-02
2.500000000000000000e-01 5.753578968325978593e-02
1.250000000000000000e-01 3.010027986587537896e-02
3.750000000000000000e-01 1.347187934644349383e-01
3.750000000000000000e-01 1.383085294152701650e-01
1.250000000000000000e-01 3.433168889651483369e-02
1.250000000000000000e-01 2.301874899495981452e-02
7.500000000000000000e-01 2.492670035418207419e-01
5.500000000000000000e+00 6.418058732124969801e+00
1.250000000000000000e-01 5.176646913215998680e-02
1.250000000000000000e-01 2.593155994039997303e-02
2.500000000000000000e-01 6.147188379311518958e-02
1.375000000000000000e+00 6.973119602305248854e-01
5.000000000000000000e-01 2.603482090928648240e-01
5.000000000000000000e-01 1.547211281571050367e-01
6.250000000000000000e-01 4.857168621223700855e-01
1.250000000000000000e-01 2.897352589572499415e-02
5.000000000000000000e-01 2.131764095363699596e-01
1.250000000000000000e-01 2.401478030342496517e-02
1.250000000000000000e-01 2.195832864877000912e-02
1.250000000000000000e-01 3.663015275201497722e-02
1.250000000000000000e-01 2.438486904523506915e-02
2.500000000000000000e-01 9.782890716068004533e-02
2.500000000000000000e-01 7.563270990454495912e-02
3.750000000000000000e-01 1.408440844705700634e-01
2.500000000000000000e-01 1.128932067010549600e-01
3.750000000000000000e-01 1.817661506457199927e-01
2.500000000000000000e-01 5.152014185906994559e-02
1.250000000000000000e-01 4.909540021250502484e-02
1.250000000000000000e-01 3.293345761389498971e-02
2.500000000000000000e-01 6.169163597572491220e-02
1.250000000000000000e-01 3.217069661611504650e-02
1.250000000000000000e-01 3.294623989762501814e-02
2.500000000000000000e-01 6.967562801182514143e-02
1.250000000000000000e-01 3.477128228501014107e-02
2.500000000000000000e-01 9.631194784674512732e-02
1.250000000000000000e-01 3.116091077353999594e-02
2.500000000000000000e-01 5.491391744490492499e-02
1.250000000000000000e-01 3.469344018223496917e-02
2.500000000000000000e-01 6.993013318783503074e-02
3.750000000000000000e-01 1.048572498763249428e-01
2.500000000000000000e-01 8.776062575365983776e-02
1.250000000000000000e-01 3.850819664143001475e-02
2.500000000000000000e-01 7.835136066771997143e-02
1.250000000000000000e-01 2.319662676262002066e-02
1.250000000000000000e-01 2.408084882807015603e-02
2.500000000000000000e-01 1.105701311374001072e-01
1.250000000000000000e-01 2.234491494212997864e-02
1.250000000000000000e-01 5.149643142937021523e-02
2.500000000000000000e-01 6.732877979085039044e-02
1.250000000000000000e-01 3.402130583118490037e-02
3.750000000000000000e-01 1.164904894502853949e-01
1.250000000000000000e-01 2.210022805267497503e-02
3.750000000000000000e-01 9.163148537726018006e-02
3.750000000000000000e-01 1.221069714897398129e-01
2.500000000000000000e-01 7.082616894224491588e-02
1.250000000000000000e-01 2.670311163564997869e-02
2.500000000000000000e-01 6.829569678750013750e-02
1.250000000000000000e-01 4.094320161005526870e-02
2.500000000000000000e-01 5.457614435692503818e-02
2.500000000000000000e-01 7.309427109801536204e-02
1.250000000000000000e-01 2.761935170675000606e-02
2.500000000000000000e-01 4.495620817777989942e-02
2.500000000000000000e-01 5.327877917024492760e-02
2.500000000000000000e-01 1.056064131068548129e-01
2.500000000000000000e-01 7.962847721043964100e-02
2.500000000000000000e-01 7.010067082262994020e-02
1.250000000000000000e-01 3.912914464594496877e-02
2.500000000000000000e-01 6.056676412021966271e-02
2.500000000000000000e-01 8.722882302832513091e-02
1.250000000000000000e-01 2.701258567254516407e-02
2.500000000000000000e-01 5.925303107143964354e-02
1.250000000000000000e-01 2.372006284557004463e-02
1.250000000000000000e-01 3.292220787401989313e-02
3.750000000000000000e-01 1.272859582905851994e-01
3.750000000000000000e-01 1.565296349901954542e-01
2.500000000000000000e-01 6.389967545465013998e-02
2.500000000000000000e-01 5.831803412523983710e-02
3.750000000000000000e-01 1.026526895630053282e-01
3.750000000000000000e-01 1.314356204379647508e-01
2.500000000000000000e-01 5.342712858023013212e-02
1.250000000000000000e-01 5.969747930873481323e-02
1.250000000000000000e-01 3.123612601912029163e-02
2.500000000000000000e-01 6.586602722117973485e-02
1.250000000000000000e-01 6.118507002501516467e-02
1.250000000000000000e-01 3.760761833168491108e-02
3.750000000000000000e-01 8.438209995343504133e-02
5.000000000000000000e-01 2.569693199991354149e-01
2.625000000000000000e+00 4.401512931110181270e+00
3.750000000000000000e-01 1.213777237044597612e-01
1.250000000000000000e-01 2.261616103249464160e-02
2.500000000000000000e-01 1.022938546931002612e-01
2.500000000000000000e-01 8.257036685249463659e-02
1.250000000000000000e-01 4.870924159523015717e-02
1.250000000000000000e-01 2.260938889661501250e-02
1.250000000000000000e-01 4.929443809274003385e-02
2.500000000000000000e-01 1.013966376469954689e-01
3.750000000000000000e-01 1.066326557065599978e-01
2.500000000000000000e-01 7.414554297981013065e-02
3.750000000000000000e-01 1.109276551552098589e-01
1.250000000000000000e-01 3.184810212256516948e-02
3.750000000000000000e-01 1.864223488668947937e-01
2.500000000000000000e-01 1.122439191121102908e-01
1.250000000000000000e-01 7.096748339030511943e-02
5.000000000000000000e-01 1.802916143439650121e-01
5.000000000000000000e-01 1.560490905115998750e-01
3.750000000000000000e-01 9.314200043920983774e-02
1.250000000000000000e-01 2.859310679827009594e-02
1.250000000000000000e-01 6.317965191296526228e-02
2.500000000000000000e-01 6.936083166188966587e-02
1.250000000000000000e-01 9.192717244462533799e-02
1.250000000000000000e-01 3.892980762715492205e-02
2.875000000000000000e+00 3.510458610359440179e+00
1.125000000000000000e+00 5.591381141465501248e-01
3.750000000000000000e-01 1.525123691830201356e-01
3.750000000000000000e-01 2.551355079963049111e-01
5.000000000000000000e-01 3.348378061504200254e-01
1.250000000000000000e-01 2.618276191586499380e-02
6.250000000000000000e-01 3.490969094678951778e-01
1.875000000000000000e+00 2.509994832544840460e+00
3.750000000000000000e-01 1.702313275997660025e-01
2.500000000000000000e-01 1.687550464637609937e-01
5.000000000000000000e-01 2.702807815614804987e-01
2.500000000000000000e-01 1.335296910837245332e-01
5.000000000000000000e-01 2.024774447842514757e-01
2.500000000000000000e-01 8.060884240531801526e-02
2.500000000000000000e-01 1.331392839203724976e-01
2.500000000000000000e-01 9.796493063771548326e-02
3.750000000000000000e-01 1.329884659390505042e-01
1.250000000000000000e-01 3.637037175178650661e-02
3.750000000000000000e-01 1.217430782197320149e-01
2.500000000000000000e-01 5.318701824121250393e-02
1.250000000000000000e-01 2.217271029750113656e-02
1.250000000000000000e-01 6.663756384426695878e-02
5.000000000000000000e-01 1.885291477018243289e-01
2.500000000000000000e-01 6.648254582731284723e-02
2.500000000000000000e-01 1.223557947571314863e-01
2.500000000000000000e-01 1.186733628643610039e-01
3.750000000000000000e-01 1.426592919588809960e-01
3.750000000000000000e-01 1.765864521464844961e-01
2.500000000000000000e-01 1.263653462648534898e-01
2.500000000000000000e-01 9.047635011187699083e-02
2.500000000000000000e-01 7.174009712467299682e-02
1.250000000000000000e-01 4.806726829260904443e-02
1.250000000000000000e-01 3.332670050339298085e-02
2.500000000000000000e-01 6.453313313426001230e-02
1.250000000000000000e-01 2.474212909170603325e-02
2.500000000000000000e-01 6.133603313084301512e-02
1.250000000000000000e-01 3.147096977844499044e-02
1.250000000000000000e-01 2.607669801856005165e-02
1.250000000000000000e-01 3.061315675643005996e-02
2.500000000000000000e-01 9.255357292618004994e-02
2.500000000000000000e-01 1.104738346587500475e-01
1.250000000000000000e-01 4.900347604667998347e-02
2.500000000000000000e-01 8.958802654292996603e-02
3.750000000000000000e-01 1.280386929415650021e-01
1.250000000000000000e-01 5.153938835130000840e-02
3.750000000000000000e-01 1.169117885270399837e-01
1.250000000000000000e-01 2.224838093063508104e-02
1.250000000000000000e-01 2.384804467604495493e-02
1.250000000000000000e-01 4.762182390288005607e-02
2.500000000000000000e-01 9.462048899848007899e-02
2.500000000000000000e-01 1.049983921086401484e-01
1.250000000000000000e-01 5.096444467523997268e-02
2.500000000000000000e-01 9.925507103569497502e-02
3.750000000000000000e-01 1.015385752748698689e-01
2.500000000000000000e-01 9.386727301101993604e-02
2.500000000000000000e-01 1.071039738389703011e-01
2.500000000000000000e-01 7.264630775579483668e-02
2.500000000000000000e-01 6.187675794096003656e-02
1.250000000000000000e-01 2.449163740138504686e-02
3.750000000000000000e-01 7.594152164536005500e-02
1.250000000000000000e-01 2.375962558098998478e-02
1.250000000000000000e-01 3.351104118247505426e-02
1.250000000000000000e-01 4.060800778503015351e-02
3.750000000000000000e-01 8.925100477560010681e-02
2.500000000000000000e-01 8.264655494267492131e-02
3.750000000000000000e-01 1.455846803253149080e-01
2.500000000000000000e-01 7.118901563594981496e-02
2.500000000000000000e-01 1.049673543115501317e-01
2.500000000000000000e-01 9.430876932726017792e-02
2.500000000000000000e-01 5.245082384790511476e-02
1.250000000000000000e-01 4.157935891079000967e-02
2.500000000000000000e-01 6.560202267991988023e-02
2.500000000000000000e-01 7.006763808469029797e-02
1.250000000000000000e-01 4.082052933570512465e-02
1.250000000000000000e-01 2.342471137093982136e-02
2.500000000000000000e-01 7.775256141417452582e-02
2.500000000000000000e-01 6.225787969500951036e-02
1.250000000000000000e-01 3.519964240221984397e-02
2.500000000000000000e-01 5.696850193031011145e-02
1.250000000000000000e-01 3.142962696412476831e-02
1.250000000000000000e-01 3.456128289434490242e-02
1.250000000000000000e-01 2.190400384662982702e-02
2.500000000000000000e-01 7.453243704495493560e-02
2.500000000000000000e-01 5.666426531862978067e-02
2.500000000000000000e-01 8.528055411743507008e-02
6.250000000000000000e-01 2.468935125879854198e-01
1.250000000000000000e-01 2.643706667942513633e-02
2.500000000000000000e-01 6.403591655283014106e-02
1.250000000000000000e-01 2.319360931212477439e-02
2.500000000000000000e-01 7.036520298358039938e-02
3.750000000000000000e-01 9.727178719152984598e-02
3.750000000000000000e-01 1.268014802796395557e-01
1.250000000000000000e-01 2.640985930241512847e-02
1.250000000000000000e-01 2.810567057365531696e-02
3.750000000000000000e-01 9.042420965845510139e-02
1.250000000000000000e-01 4.341409537817497721e-02
5.000000000000000000e-01 2.361134754112996781e-01
2.500000000000000000e-01 1.068664398636198776e-01
2.500000000000000000e-01 5.960729202912462554e-02
1.750000000000000000e+00 9.710957166257201401e-01
1.250000000000000000e-01 2.444625901722519146e-02
5.000000000000000000e-01 1.843660489676350878e-01
5.000000000000000000e-01 2.104752108955105783e-01
1.250000000000000000e-01 3.035729210982518467e-02
2.500000000000000000e-01 1.107001852925750818e-01
1.250000000000000000e-01 2.320589720564480984e-02
1.250000000000000000e-01 3.234508084233533864e-02
1.250000000000000000e-01 3.291312759848974423e-02
1.250000000000000000e-01 2.565465995410010080e-02
1.250000000000000000e-01 3.599377544429005482e-02
3.750000000000000000e-01 1.041006178185095443e-01
1.250000000000000000e-01 4.445641987518511584e-02
2.500000000000000000e-01 7.328572338607974856e-02
1.250000000000000000e-01 3.628842957883016140e-02
1.250000000000000000e-01 2.794574412544026387e-02
8.750000000000000000e-01 2.587996515277048992e-01
6.250000000000000000e-01 2.719926368410248152e-01
1.000000000000000000e+00 6.451540344320103593e-01
1.250000000000000000e-01 5.415843910268502981e-02
6.250000000000000000e-01 2.850123575277550003e-01
2.500000000000000000e-01 7.782299229611533420e-02
1.250000000000000000e-01 4.041113333983492595e-02
2.500000000000000000e-01 1.142292486464300261e-01
1.250000000000000000e-01 3.470857208914024383e-02
3.750000000000000000e-01 1.265162918191498065e-01
1.250000000000000000e-01 3.688849656332005011e-02
2.500000000000000000e-01 8.488907858546479446e-02
3.750000000000000000e-01 1.906336777624999534e-01
3.750000000000000000e-01 1.297255458278749884e-01
8.750000000000000000e-01 7.423038242006800846e-01
5.000000000000000000e-01 1.663139239054001184e-01
2.500000000000000000e-01 8.694645827185976117e-02
2.500000000000000000e-01 5.432486872842479109e-02
6.250000000000000000e-01 4.742847604540951778e-01
5.000000000000000000e-01 1.737513990937300523e-01
2.500000000000000000e-01 7.624433387393003692e-02
2.500000000000000000e-01 5.608962498887981596e-02
2.500000000000000000e-01 7.456802777900506385e-02
1.250000000000000000e-01 2.871124360009980059e-02
5.000000000000000000e-01 1.435993860925597332e-01
2.500000000000000000e-01 5.755062796642507195e-02
5.000000000000000000e-01 1.273749822480898519e-01
1.250000000000000000e-01 4.473302332554496274e-02
1.250000000000000000e-01 3.431113028368004692e-02
1.250000000000000000e-01 4.642998816344023894e-02
2.500000000000000000e-01 7.319076156393489185e-02
2.500000000000000000e-01 8.509538389754434107e-02
1.250000000000000000e-01 4.158997113349993668e-02
5.000000000000000000e-01 2.272845729807002613e-01
2.500000000000000000e-01 5.624989380864509059e-02
2.500000000000000000e-01 8.642050241333976146e-02
1.250000000000000000e-01 2.624706317671465783e-02
3.750000000000000000e-01 1.355502730537345712e-01
2.500000000000000000e-01 8.669109714068978789e-02
3.750000000000000000e-01 1.628206496910902246e-01
1.250000000000000000e-01 3.414536186683969632e-02
1.250000000000000000e-01 2.252446065947477649e-02
1.250000000000000000e-01 4.044075279048975347e-02
1.250000000000000000e-01 2.966387459186536901e-02
3.750000000000000000e-01 1.050715581060095438e-01
6.250000000000000000e-01 3.083347651499046549e-01
3.750000000000000000e-01 1.675938031977901588e-01
1.250000000000000000e-01 2.759311459633018160e-02
1.250000000000000000e-01 4.072567131541005025e-02
1.250000000000000000e-01 2.643515341339508495e-02
1.250000000000000000e-01 3.411556697637507796e-02
1.250000000000000000e-01 2.373692237598490351e-02
1.250000000000000000e-01 2.533627275841521254e-02
3.750000000000000000e-01 8.124380063073965985e-02
2.500000000000000000e-01 6.058081195809439379e-02
3.750000000000000000e-01 1.073627029665646937e-01
2.500000000000000000e-01 8.521143219777993494e-02
1.250000000000000000e-01 2.438873617506009950e-02
1.250000000000000000e-01 3.474151814113524139e-02
1.250000000000000000e-01 2.520812234706504285e-02
1.250000000000000000e-01 3.835412579103492092e-02
1.250000000000000000e-01 3.905169312052469976e-02
1.250000000000000000e-01 2.207095274498493964e-02
3.750000000000000000e-01 1.432472792446146670e-01
1.250000000000000000e-01 2.903946599312501320e-02
1.250000000000000000e-01 3.153875730793487264e-02
1.250000000000000000e-01 3.996577636683484869e-02
2.500000000000000000e-01 6.171069879245472123e-02
1.250000000000000000e-01 2.694938805136493087e-02
1.250000000000000000e-01 2.356036074885992093e-02
1.250000000000000000e-01 5.078030682036516197e-02
2.500000000000000000e-01 1.020872661267646642e-01
3.750000000000000000e-01 9.012577169265512111e-02
3.750000000000000000e-01 1.059382919668596656e-01
1.250000000000000000e-01 5.004867106749966155e-02
2.500000000000000000e-01 4.894007373733444410e-02
1.250000000000000000e-01 2.932501773922480126e-02
2.500000000000000000e-01 8.184896740033975604e-02
2.500000000000000000e-01 6.239645148390504659e-02
1.250000000000000000e-01 2.261223370758980167e-02
1.250000000000000000e-01 3.631301151893495671e-02
1.250000000000000000e-01 2.283966437664508575e-02
1.250000000000000000e-01 2.880014428266974846e-02
7.500000000000000000e-01 4.400676528590454772e-01
2.500000000000000000e-01 8.976236412449001278e-02
1.250000000000000000e-01 2.387186590894030402e-02
2.500000000000000000e-01 6.917884747741487317e-02
1.250000000000000000e-01 3.011849646572972716e-02
2.500000000000000000e-01 6.174248096703571775e-02
1.250000000000000000e-01 3.044298857823424242e-02
1.250000000000000000e-01 3.003110244671969298e-02
1.250000000000000000e-01 2.805069449366470735e-02
3.750000000000000000e-01 1.532794372009602668e-01
3.750000000000000000e-01 1.014952629442049670e-01
3.750000000000000000e-01 9.402623811769572626e-02
1.250000000000000000e-01 2.943994928086990370e-02
2.500000000000000000e-01 4.836778720963952338e-02
2.500000000000000000e-01 5.481315357358962359e-02
1.250000000000000000e-01 3.049627044239944240e-02
1.250000000000000000e-01 2.735740637243022633e-02
