# freq power
0.000000000000000000e+00 8.035223412047551407e-25
1.000000000000000000e+00 4.566506289556195843e+05
2.000000000000000000e+00 2.130626274055292597e+05
3.000000000000000000e+00 1.334663740439425746e+05
4.000000000000000000e+00 7.179726443990874395e+04
5.000000000000000000e+00 4.933141935890488094e+04
6.000000000000000000e+00 2.899064862942478430e+04
7.000000000000000000e+00 2.495165364567852521e+04
8.000000000000000000e+00 1.989894466764254321e+04
9.000000000000000000e+00 1.407540840121718247e+04
1.000000000000000000e+01 1.151600231004906163e+04
1.100000000000000000e+01 8.041866713518435972e+03
1.200000000000000000e+01 7.068630532014005439e+03
1.300000000000000000e+01 4.596280079749684774e+03
1.400000000000000000e+01 5.446211884737082983e+03
1.500000000000000000e+01 3.866159591513482610e+03
1.600000000000000000e+01 3.594253694156677284e+03
1.700000000000000000e+01 3.475863956516197959e+03
1.800000000000000000e+01 3.496118013275233807e+03
1.900000000000000000e+01 2.795197830924181289e+03
2.000000000000000000e+01 2.514442710569293922e+03
2.100000000000000000e+01 2.224644830784762235e+03
2.200000000000000000e+01 2.248071507209689116e+03
2.300000000000000000e+01 2.320770841081681283e+03
2.400000000000000000e+01 1.548438969460161161e+03
2.500000000000000000e+01 2.022553478884075048e+03
2.600000000000000000e+01 1.203745746859410474e+03
2.700000000000000000e+01 1.995217641997779538e+03
2.800000000000000000e+01 1.323686727385802442e+03
2.900000000000000000e+01 1.162636498665513955e+03
3.000000000000000000e+01 1.147936101310466029e+03
3.100000000000000000e+01 1.366062120443609956e+03
3.200000000000000000e+01 1.074589427602632668e+03
3.300000000000000000e+01 1.030295120359924340e+03
3.400000000000000000e+01 1.214380942163679265e+03
3.500000000000000000e+01 1.257910938753701430e+03
3.600000000000000000e+01 1.097991230508904209e+03
3.700000000000000000e+01 3.490648020334381272e+02
3.800000000000000000e+01 7.249412576443353373e+02
3.900000000000000000e+01 6.679427821820993358e+02
4.000000000000000000e+01 9.036437771913982715e+02
4.100000000000000000e+01 6.629422723895041827e+02
4.200000000000000000e+01 9.182069468486591859e+02
4.300000000000000000e+01 3.964244541739833494e+02
4.400000000000000000e+01 9.176590093334152698e+02
4.500000000000000000e+01 4.127570304640306063e+02
4.600000000000000000e+01 6.588608146240454744e+02
4.700000000000000000e+01 4.059680918038308164e+02
4.800000000000000000e+01 6.177841688762562171e+02
4.900000000000000000e+01 2.659201609369337120e+02
5.000000000000000000e+01 5.247386201475778762e+02
5.100000000000000000e+01 5.331811229602717503e+02
5.200000000000000000e+01 3.665136113157737441e+02
5.300000000000000000e+01 4.077627028310955666e+02
5.400000000000000000e+01 3.749749120952876069e+02
5.500000000000000000e+01 4.898298503960144785e+02
5.600000000000000000e+01 5.122968474527438048e+02
5.700000000000000000e+01 2.064983315975364917e+02
5.800000000000000000e+01 2.575459779753603016e+02
5.900000000000000000e+01 3.814392368705838976e+02
6.000000000000000000e+01 4.670598130681750604e+02
6.100000000000000000e+01 4.216358303374560137e+02
6.200000000000000000e+01 2.480988691472504684e+02
6.300000000000000000e+01 2.962673720312753289e+02
6.400000000000000000e+01 1.949996602746097381e+02
6.500000000000000000e+01 1.817816995239736855e+02
6.600000000000000000e+01 3.414057144869568106e+02
6.700000000000000000e+01 2.478681898194789994e+02
6.800000000000000000e+01 2.966582050156257537e+02
6.900000000000000000e+01 2.537606207227637469e+02
7.000000000000000000e+01 2.942441414786268297e+02
7.100000000000000000e+01 2.503551529361053554e+02
7.200000000000000000e+01 2.136520373725333286e+02
7.300000000000000000e+01 1.110736607619158747e+02
7.400000000000000000e+01 2.158322746963654595e+02
7.500000000000000000e+01 1.012287765674177251e+02
7.600000000000000000e+01 2.718199315886189424e+02
7.700000000000000000e+01 1.873928423051436027e+02
7.800000000000000000e+01 2.190791548756010059e+02
7.900000000000000000e+01 1.469308115080996515e+02
8.000000000000000000e+01 1.496667867854366989e+02
8.100000000000000000e+01 2.074235408516827874e+02
8.200000000000000000e+01 1.102643598927419504e+02
8.300000000000000000e+01 2.311295232430443320e+02
8.400000000000000000e+01 1.530557763672663896e+02
8.500000000000000000e+01 1.509040065258443803e+02
8.600000000000000000e+01 1.293431639395833486e+02
8.700000000000000000e+01 1.356687695299576433e+02
8.800000000000000000e+01 2.057912561222175611e+02
8.900000000000000000e+01 2.287649002044310862e+02
9.000000000000000000e+01 1.125922450783774025e+02
9.100000000000000000e+01 1.015208607499500602e+02
9.200000000000000000e+01 1.741944928996081501e+02
9.300000000000000000e+01 1.148052608575890758e+02
9.400000000000000000e+01 1.316733530938189176e+02
9.500000000000000000e+01 7.799642880984906412e+01
9.600000000000000000e+01 1.077382612235388848e+02
9.700000000000000000e+01 1.369942281011368834e+02
9.800000000000000000e+01 1.759955381798275766e+02
9.900000000000000000e+01 1.383986448311109712e+02
1.000000000000000000e+02 9.279024758217249769e+01
1.010000000000000000e+02 1.043162219612447501e+02
1.020000000000000000e+02 8.846141475623147699e+01
1.030000000000000000e+02 1.049184951962166110e+02
1.040000000000000000e+02 1.031368327595268539e+02
1.050000000000000000e+02 9.093747504343666321e+01
1.060000000000000000e+02 1.050809822878909330e+02
1.070000000000000000e+02 1.202222542093307140e+02
1.080000000000000000e+02 1.243364305886026528e+02
1.090000000000000000e+02 9.229120725485294940e+01
1.100000000000000000e+02 8.481393784627520915e+01
1.110000000000000000e+02 7.984732154533804760e+01
1.120000000000000000e+02 6.526017663462000939e+01
1.130000000000000000e+02 5.807864154347642227e+01
1.140000000000000000e+02 8.144704826331832237e+01
1.150000000000000000e+02 7.633307404128919416e+01
1.160000000000000000e+02 7.426086464202654724e+01
1.170000000000000000e+02 9.860359248441406521e+01
1.180000000000000000e+02 8.717308014062076893e+01
1.190000000000000000e+02 7.428202366082967956e+01
1.200000000000000000e+02 8.348903654597266666e+01
1.210000000000000000e+02 8.255744644036261093e+01
1.220000000000000000e+02 6.820077005584603569e+01
1.230000000000000000e+02 8.162855053023487528e+01
1.240000000000000000e+02 6.933653469769116384e+01
1.250000000000000000e+02 6.758299042231409715e+01
1.260000000000000000e+02 5.644733945240916739e+01
1.270000000000000000e+02 7.082273323059200720e+01
1.280000000000000000e+02 5.753572616439723930e+01
1.290000000000000000e+02 8.983064069435972954e+01
1.300000000000000000e+02 7.004365258073995903e+01
1.310000000000000000e+02 6.037953107452748469e+01
1.320000000000000000e+02 5.992447139412214341e+01
1.330000000000000000e+02 4.772159319516333653e+01
1.340000000000000000e+02 6.943168289031372353e+01
1.350000000000000000e+02 6.236039287535427178e+01
1.360000000000000000e+02 6.488939923905888918e+01
1.370000000000000000e+02 7.048908096134448442e+01
1.380000000000000000e+02 5.130667349522438769e+01
1.390000000000000000e+02 6.334650332293215769e+01
1.400000000000000000e+02 6.086312394436546214e+01
1.410000000000000000e+02 4.417867040361276310e+01
1.420000000000000000e+02 4.838310591755727330e+01
1.430000000000000000e+02 7.174994077457211006e+01
1.440000000000000000e+02 5.692084862005707180e+01
1.450000000000000000e+02 4.793735559593890372e+01
1.460000000000000000e+02 4.437525814668394020e+01
1.470000000000000000e+02 5.397330554030487804e+01
1.480000000000000000e+02 5.226998684834648401e+01
1.490000000000000000e+02 5.459042267758729849e+01
1.500000000000000000e+02 4.681832941484221777e+01
1.510000000000000000e+02 4.478779308235549195e+01
1.520000000000000000e+02 5.069250633376321247e+01
1.530000000000000000e+02 4.861068705003003743e+01
1.540000000000000000e+02 3.849853766833951596e+01
1.550000000000000000e+02 5.443602107429439485e+01
1.560000000000000000e+02 4.863027101038291988e+01
1.570000000000000000e+02 5.146816933782201886e+01
1.580000000000000000e+02 4.066158155989661793e+01
1.590000000000000000e+02 4.264329364113584120e+01
1.600000000000000000e+02 3.992474525310343125e+01
1.610000000000000000e+02 4.256399539930400522e+01
1.620000000000000000e+02 3.921439547957968585e+01
1.630000000000000000e+02 4.791878274894187939e+01
1.640000000000000000e+02 4.561894702448453387e+01
1.650000000000000000e+02 4.589384712290974022e+01
1.660000000000000000e+02 4.706405023969903567e+01
1.670000000000000000e+02 4.074191249389222946e+01
1.680000000000000000e+02 3.858225006041257643e+01
1.690000000000000000e+02 4.099178336723195315e+01
1.700000000000000000e+02 3.831535794096222247e+01
1.710000000000000000e+02 4.904937354909255021e+01
1.720000000000000000e+02 3.755526649107844150e+01
1.730000000000000000e+02 5.097131325854895323e+01
1.740000000000000000e+02 3.136406013281025551e+01
1.750000000000000000e+02 3.663997311227434750e+01
1.760000000000000000e+02 3.773280870417333688e+01
1.770000000000000000e+02 3.581746748853098694e+01
1.780000000000000000e+02 3.673617973741151133e+01
1.790000000000000000e+02 3.582718891152554619e+01
1.800000000000000000e+02 3.696200238002320049e+01
1.810000000000000000e+02 4.553206316722911140e+01
1.820000000000000000e+02 4.011634109130696402e+01
1.830000000000000000e+02 3.023058697413907225e+01
1.840000000000000000e+02 3.455909419753484713e+01
1.850000000000000000e+02 3.436278313416023877e+01
1.860000000000000000e+02 2.782418020219746779e+01
1.870000000000000000e+02 3.665382992843534993e+01
1.880000000000000000e+02 2.513167233846152016e+01
1.890000000000000000e+02 3.202386109799904546e+01
1.900000000000000000e+02 3.210226396326358156e+01
1.910000000000000000e+02 3.666211604107814281e+01
1.920000000000000000e+02 2.596465494814971819e+01
1.930000000000000000e+02 2.901805600602883572e+01
1.940000000000000000e+02 2.778737313093607497e+01
1.950000000000000000e+02 2.736575706802774022e+01
1.960000000000000000e+02 2.787976310130657609e+01
1.970000000000000000e+02 3.456876673658902632e+01
1.980000000000000000e+02 2.602340189597619258e+01
1.990000000000000000e+02 2.971825049334811553e+01
2.000000000000000000e+02 2.560806426201593311e+01
2.010000000000000000e+02 2.383444228057626901e+01
2.020000000000000000e+02 2.973237418237400931e+01
2.030000000000000000e+02 2.699760898202728043e+01
2.040000000000000000e+02 2.840121151234744090e+01
2.050000000000000000e+02 2.798800792215506661e+01
2.060000000000000000e+02 2.623900572367811534e+01
2.070000000000000000e+02 2.944569309023762926e+01
2.080000000000000000e+02 2.645861799931012825e+01
2.090000000000000000e+02 2.481453891088940011e+01
2.100000000000000000e+02 2.372623220114134668e+01
2.110000000000000000e+02 2.594555473448490801e+01
2.120000000000000000e+02 2.552839452475984672e+01
2.130000000000000000e+02 2.554725568536305857e+01
2.140000000000000000e+02 2.288282589799582922e+01
2.150000000000000000e+02 2.369158523769497648e+01
2.160000000000000000e+02 2.555790595189757752e+01
2.170000000000000000e+02 2.472285473285938906e+01
2.180000000000000000e+02 2.266863260928311163e+01
2.190000000000000000e+02 2.497950882832995845e+01
2.200000000000000000e+02 2.446723506824393368e+01
2.210000000000000000e+02 2.485496941423058104e+01
2.220000000000000000e+02 2.196402176641094073e+01
2.230000000000000000e+02 2.389439630393273006e+01
2.240000000000000000e+02 2.342382814307136130e+01
2.250000000000000000e+02 2.407215028604333895e+01
2.260000000000000000e+02 2.273428443667316046e+01
2.270000000000000000e+02 2.168670904088356721e+01
2.280000000000000000e+02 2.449953350418917708e+01
2.290000000000000000e+02 2.402661138233592553e+01
2.300000000000000000e+02 2.271142187948987257e+01
2.310000000000000000e+02 2.117664847197136169e+01
2.320000000000000000e+02 2.201364722786057015e+01
2.330000000000000000e+02 2.208164865223652384e+01
2.340000000000000000e+02 2.094614811688516909e+01
2.350000000000000000e+02 1.945124108599356560e+01
2.360000000000000000e+02 2.205008981630753340e+01
2.370000000000000000e+02 2.059469318562571161e+01
2.380000000000000000e+02 1.946825461372431576e+01
2.390000000000000000e+02 2.188797514135285027e+01
2.400000000000000000e+02 2.240987412305425863e+01
2.410000000000000000e+02 2.426788937577250138e+01
2.420000000000000000e+02 2.131045356275665270e+01
2.430000000000000000e+02 2.150208982036547312e+01
2.440000000000000000e+02 1.925374270995285997e+01
2.450000000000000000e+02 2.183248569107463766e+01
2.460000000000000000e+02 1.830387733694134056e+01
2.470000000000000000e+02 2.012450151983057722e+01
2.480000000000000000e+02 1.921856048684859175e+01
2.490000000000000000e+02 2.115262077958769282e+01
2.500000000000000000e+02 2.052340065145295611e+01
2.510000000000000000e+02 1.909576608909779694e+01
2.520000000000000000e+02 1.679196064073424211e+01
2.530000000000000000e+02 1.967252771263613198e+01
2.540000000000000000e+02 1.914799079461329256e+01
2.550000000000000000e+02 1.763635874550038452e+01
2.560000000000000000e+02 1.799525508931699846e+01
2.570000000000000000e+02 1.840060863119652623e+01
2.580000000000000000e+02 1.712959425168458694e+01
2.590000000000000000e+02 1.826388108701457469e+01
2.600000000000000000e+02 1.961576548388075381e+01
2.610000000000000000e+02 1.696259132075542198e+01
2.620000000000000000e+02 1.751649704516249884e+01
2.630000000000000000e+02 1.599616745555586306e+01
2.640000000000000000e+02 1.891739839026228509e+01
2.650000000000000000e+02 1.910120920224507657e+01
2.660000000000000000e+02 1.730872802188715198e+01
2.670000000000000000e+02 1.887140859530074977e+01
2.680000000000000000e+02 1.611553786148116885e+01
2.690000000000000000e+02 1.703286949654532378e+01
2.700000000000000000e+02 1.697719977537119362e+01
2.710000000000000000e+02 1.607340048914695174e+01
2.720000000000000000e+02 1.702866369145174019e+01
2.730000000000000000e+02 1.501738788157197924e+01
2.740000000000000000e+02 1.717399385040533133e+01
2.750000000000000000e+02 1.571739425867349027e+01
2.760000000000000000e+02 1.623605689179430556e+01
2.770000000000000000e+02 1.660587474004686470e+01
2.780000000000000000e+02 1.600386200859868779e+01
2.790000000000000000e+02 1.679098007391605663e+01
2.800000000000000000e+02 1.640491677852401153e+01
2.810000000000000000e+02 1.571038155345219778e+01
2.820000000000000000e+02 1.612016255047692681e+01
2.830000000000000000e+02 1.530463665830430031e+01
2.840000000000000000e+02 1.464855620585468543e+01
2.850000000000000000e+02 1.585276560908316412e+01
2.860000000000000000e+02 1.449042563437280329e+01
2.870000000000000000e+02 1.433680534444366828e+01
2.880000000000000000e+02 1.526926544966151766e+01
2.890000000000000000e+02 1.403645796359860931e+01
2.900000000000000000e+02 1.389912844560071470e+01
2.910000000000000000e+02 1.472243142495734958e+01
2.920000000000000000e+02 1.417262813630096119e+01
2.930000000000000000e+02 1.366977492876448785e+01
2.940000000000000000e+02 1.465040320590562928e+01
2.950000000000000000e+02 1.472007775546407160e+01
2.960000000000000000e+02 1.412902189303066969e+01
2.970000000000000000e+02 1.349414014399867945e+01
2.980000000000000000e+02 1.304663768235991483e+01
2.990000000000000000e+02 1.408940941121530521e+01
3.000000000000000000e+02 1.279442935984113383e+01
3.010000000000000000e+02 1.372872933554351960e+01
3.020000000000000000e+02 1.318242188997397157e+01
3.030000000000000000e+02 1.379421009779084351e+01
3.040000000000000000e+02 1.346289726741478532e+01
3.050000000000000000e+02 1.342986628990035669e+01
3.060000000000000000e+02 1.401682970760603020e+01
3.070000000000000000e+02 1.324296878229150032e+01
3.080000000000000000e+02 1.294915245390406433e+01
3.090000000000000000e+02 1.324019452488906445e+01
3.100000000000000000e+02 1.283573882052339066e+01
3.110000000000000000e+02 1.256145151342170330e+01
3.120000000000000000e+02 1.305567596829687815e+01
3.130000000000000000e+02 1.251622698451758708e+01
3.140000000000000000e+02 1.318521106439357915e+01
3.150000000000000000e+02 1.314793230979143956e+01
3.160000000000000000e+02 1.281490800179332545e+01
3.170000000000000000e+02 1.246281688208418359e+01
3.180000000000000000e+02 1.254056145639193076e+01
3.190000000000000000e+02 1.266495241371743496e+01
3.200000000000000000e+02 1.170612712087472751e+01
3.210000000000000000e+02 1.320985157696886780e+01
3.220000000000000000e+02 1.186994420905696934e+01
3.230000000000000000e+02 1.162163495156419479e+01
3.240000000000000000e+02 1.164508514213970258e+01
3.250000000000000000e+02 1.246293932341653132e+01
3.260000000000000000e+02 1.120267623287824854e+01
3.270000000000000000e+02 1.190178059772562413e+01
3.280000000000000000e+02 1.105327825632794259e+01
3.290000000000000000e+02 1.203717018415773765e+01
3.300000000000000000e+02 1.204734460479925673e+01
3.310000000000000000e+02 1.128096341505516520e+01
3.320000000000000000e+02 1.186563099516655306e+01
3.330000000000000000e+02 1.104883257151698395e+01
3.340000000000000000e+02 1.208014961101243401e+01
3.350000000000000000e+02 1.136956999915656397e+01
3.360000000000000000e+02 1.115261584251060611e+01
3.370000000000000000e+02 1.148576503146705008e+01
3.380000000000000000e+02 1.111799107220753235e+01
3.390000000000000000e+02 1.164164341535468061e+01
3.400000000000000000e+02 1.115264621466919515e+01
3.410000000000000000e+02 1.071796549713860358e+01
3.420000000000000000e+02 1.061380764099224017e+01
3.430000000000000000e+02 1.143511960503890634e+01
3.440000000000000000e+02 1.065193069881402543e+01
3.450000000000000000e+02 1.108206450764314432e+01
3.460000000000000000e+02 1.133502298682654974e+01
3.470000000000000000e+02 1.016354632576237194e+01
3.480000000000000000e+02 1.102306538692618965e+01
3.490000000000000000e+02 1.063626905859168836e+01
3.500000000000000000e+02 1.035053618466196923e+01
3.510000000000000000e+02 1.075521292681100149e+01
3.520000000000000000e+02 1.013298852517960391e+01
3.530000000000000000e+02 1.064464627878579783e+01
3.540000000000000000e+02 1.063111560618386697e+01
3.550000000000000000e+02 1.038540477358319869e+01
3.560000000000000000e+02 1.063394783881426875e+01
3.570000000000000000e+02 1.005242781158372445e+01
3.580000000000000000e+02 1.023019556508595862e+01
3.590000000000000000e+02 1.020257114699679413e+01
3.600000000000000000e+02 1.032480813475222980e+01
3.610000000000000000e+02 1.066769666105582637e+01
3.620000000000000000e+02 1.003143010300439464e+01
3.630000000000000000e+02 1.005560389494518425e+01
3.640000000000000000e+02 1.010083551611525543e+01
3.650000000000000000e+02 9.778345721554332570e+00
3.660000000000000000e+02 9.352144712372497892e+00
3.670000000000000000e+02 9.627545396641890463e+00
3.680000000000000000e+02 9.800792736744414313e+00
3.690000000000000000e+02 9.586303628242466957e+00
3.700000000000000000e+02 9.609465474077795832e+00
3.710000000000000000e+02 9.935408654666243677e+00
3.720000000000000000e+02 9.679956481010369984e+00
3.730000000000000000e+02 9.562245128948301698e+00
3.740000000000000000e+02 9.042120730258151440e+00
3.750000000000000000e+02 9.351160523380034562e+00
3.760000000000000000e+02 9.189877351477225176e+00
3.770000000000000000e+02 9.533729929964875893e+00
3.780000000000000000e+02 9.763412118870601120e+00
3.790000000000000000e+02 9.003971978243452412e+00
3.800000000000000000e+02 9.190063482153528085e+00
3.810000000000000000e+02 9.081306035358679196e+00
3.820000000000000000e+02 9.364087787356179859e+00
3.830000000000000000e+02 8.876692289059944230e+00
3.840000000000000000e+02 9.467947054317663813e+00
3.850000000000000000e+02 8.963997595370987170e+00
3.860000000000000000e+02 8.949365545422990564e+00
3.870000000000000000e+02 9.205132253905508932e+00
3.880000000000000000e+02 8.671569002177648144e+00
3.890000000000000000e+02 8.881149176492469266e+00
3.900000000000000000e+02 9.151313419315078690e+00
3.910000000000000000e+02 9.310502881853501833e+00
3.920000000000000000e+02 9.051501217704043256e+00
3.930000000000000000e+02 8.603484877377095330e+00
3.940000000000000000e+02 9.099709295291631861e+00
3.950000000000000000e+02 8.852961700930809030e+00
3.960000000000000000e+02 8.662639940473068734e+00
3.970000000000000000e+02 8.544106496601626688e+00
3.980000000000000000e+02 8.721300288113001287e+00
3.990000000000000000e+02 8.628540717407643612e+00
4.000000000000000000e+02 8.856870585055910183e+00
4.010000000000000000e+02 8.695966834098950216e+00
4.020000000000000000e+02 8.758427560613050389e+00
4.030000000000000000e+02 8.431214024250600403e+00
4.040000000000000000e+02 8.269763647748479940e+00
4.050000000000000000e+02 8.622540229263268685e+00
4.060000000000000000e+02 8.430321505699746254e+00
4.070000000000000000e+02 8.155668176242013345e+00
4.080000000000000000e+02 8.301299026280750226e+00
4.090000000000000000e+02 8.419918082967335238e+00
4.100000000000000000e+02 8.277557059159729391e+00
4.110000000000000000e+02 8.444618685519628798e+00
4.120000000000000000e+02 8.346928703826419493e+00
4.130000000000000000e+02 8.020055256022802226e+00
4.140000000000000000e+02 8.190173326970040080e+00
4.150000000000000000e+02 7.883170511360198418e+00
4.160000000000000000e+02 8.110902423777982762e+00
4.170000000000000000e+02 7.849589963871135723e+00
4.180000000000000000e+02 8.059609361303671449e+00
4.190000000000000000e+02 8.008795604409934654e+00
4.200000000000000000e+02 7.965416031172254385e+00
4.210000000000000000e+02 8.182714677219086852e+00
4.220000000000000000e+02 7.639018463879989618e+00
4.230000000000000000e+02 8.100219141854489990e+00
4.240000000000000000e+02 7.912005073493308949e+00
4.250000000000000000e+02 7.832508497236611689e+00
4.260000000000000000e+02 7.561018836740533544e+00
4.270000000000000000e+02 7.810561918897398925e+00
4.280000000000000000e+02 7.818632933923682415e+00
4.290000000000000000e+02 8.067449419752520612e+00
4.300000000000000000e+02 7.627943449798586073e+00
4.310000000000000000e+02 7.963492360000845594e+00
4.320000000000000000e+02 7.866491035056526471e+00
4.330000000000000000e+02 7.777631708687687606e+00
4.340000000000000000e+02 7.655857509091235968e+00
4.350000000000000000e+02 7.968027549641934826e+00
4.360000000000000000e+02 7.431512245729857469e+00
4.370000000000000000e+02 7.471066930381233817e+00
4.380000000000000000e+02 7.689715080113531442e+00
4.390000000000000000e+02 7.584170419623208481e+00
4.400000000000000000e+02 7.573655655263487496e+00
4.410000000000000000e+02 7.335226708094363168e+00
4.420000000000000000e+02 7.660346523496531113e+00
4.430000000000000000e+02 7.632541987511297421e+00
4.440000000000000000e+02 7.358670868881172389e+00
4.450000000000000000e+02 7.111084100754674786e+00
4.460000000000000000e+02 7.420157700116699395e+00
4.470000000000000000e+02 7.373074143586795692e+00
4.480000000000000000e+02 7.126031885685158329e+00
4.490000000000000000e+02 7.863711403420750479e+00
4.500000000000000000e+02 6.738634233585696798e+00
4.510000000000000000e+02 7.100517093395585455e+00
4.520000000000000000e+02 7.363125870703254527e+00
4.530000000000000000e+02 7.456193003832983557e+00
4.540000000000000000e+02 7.056594745993884921e+00
4.550000000000000000e+02 6.986964297393337908e+00
4.560000000000000000e+02 6.999557949602338347e+00
4.570000000000000000e+02 7.237155400261499061e+00
4.580000000000000000e+02 7.203435905836378161e+00
4.590000000000000000e+02 6.763211639907225958e+00
4.600000000000000000e+02 6.841902663805229601e+00
4.610000000000000000e+02 7.111297881379705643e+00
4.620000000000000000e+02 6.936004661615695177e+00
4.630000000000000000e+02 6.909926605483857287e+00
4.640000000000000000e+02 6.891608551148824979e+00
4.650000000000000000e+02 6.705797654106492089e+00
4.660000000000000000e+02 6.988581061353814405e+00
4.670000000000000000e+02 6.817293651338453664e+00
4.680000000000000000e+02 7.036231590109257361e+00
4.690000000000000000e+02 6.891780828497803491e+00
4.700000000000000000e+02 6.944445992154217429e+00
4.710000000000000000e+02 6.680962116577330079e+00
4.720000000000000000e+02 6.627079261865080895e+00
4.730000000000000000e+02 6.994561698621537538e+00
4.740000000000000000e+02 6.862844904763393927e+00
4.750000000000000000e+02 6.809601298475064901e+00
4.760000000000000000e+02 6.824017612036206160e+00
4.770000000000000000e+02 6.735224507127503202e+00
4.780000000000000000e+02 6.493427801273893074e+00
4.790000000000000000e+02 6.733853582596188936e+00
4.800000000000000000e+02 6.774769717056716267e+00
4.810000000000000000e+02 6.591151136263675880e+00
4.820000000000000000e+02 6.666278879077294661e+00
4.830000000000000000e+02 6.459908653680502155e+00
4.840000000000000000e+02 6.690025094330045441e+00
4.850000000000000000e+02 6.621732083538367064e+00
4.860000000000000000e+02 6.527611104491715110e+00
4.870000000000000000e+02 6.478212148260436010e+00
4.880000000000000000e+02 6.360247544839458200e+00
4.890000000000000000e+02 6.491374649156022691e+00
4.900000000000000000e+02 6.589023296917116745e+00
4.910000000000000000e+02 6.545559414671525467e+00
4.920000000000000000e+02 6.346170494924755268e+00
4.930000000000000000e+02 6.317071569735563052e+00
4.940000000000000000e+02 6.337104935147723772e+00
4.950000000000000000e+02 6.450739634090301600e+00
4.960000000000000000e+02 6.472744120962011571e+00
4.970000000000000000e+02 6.460096072269787548e+00
4.980000000000000000e+02 6.370593201145589468e+00
4.990000000000000000e+02 6.307742507527398956e+00
5.000000000000000000e+02 6.432836676425736755e+00
5.010000000000000000e+02 6.112060875314071495e+00
5.020000000000000000e+02 6.353051281991839438e+00
5.030000000000000000e+02 6.336845896609586859e+00
5.040000000000000000e+02 6.241737064205762131e+00
5.050000000000000000e+02 6.330335005705238771e+00
5.060000000000000000e+02 6.137273508043707970e+00
5.070000000000000000e+02 6.246745774021343678e+00
5.080000000000000000e+02 6.256915756357434688e+00
5.090000000000000000e+02 6.311439301364599075e+00
5.100000000000000000e+02 6.441135263480901152e+00
5.110000000000000000e+02 6.077663539528159298e+00
5.120000000000000000e+02 6.183434329007832631e+00
5.130000000000000000e+02 6.058338389621680697e+00
5.140000000000000000e+02 6.153489400985819202e+00
5.150000000000000000e+02 6.296694904489217315e+00
5.160000000000000000e+02 6.130849623794367709e+00
5.170000000000000000e+02 6.186965145104398545e+00
5.180000000000000000e+02 6.032087209763961511e+00
5.190000000000000000e+02 6.131437095889866740e+00
5.200000000000000000e+02 5.959346917412832845e+00
5.210000000000000000e+02 6.133465654526875532e+00
5.220000000000000000e+02 5.970703017882217800e+00
5.230000000000000000e+02 5.942491477415385859e+00
5.240000000000000000e+02 6.158684961705394478e+00
5.250000000000000000e+02 6.131240940151817753e+00
5.260000000000000000e+02 5.894581920812268727e+00
5.270000000000000000e+02 6.116510362170453519e+00
5.280000000000000000e+02 5.965408535110368504e+00
5.290000000000000000e+02 5.826011034053975024e+00
5.300000000000000000e+02 5.891360560668139179e+00
5.310000000000000000e+02 6.032864047248970074e+00
5.320000000000000000e+02 5.909564489159615519e+00
5.330000000000000000e+02 5.900029933975991625e+00
5.340000000000000000e+02 5.938316154076823672e+00
5.350000000000000000e+02 5.792865652271114385e+00
5.360000000000000000e+02 5.734163481214115343e+00
5.370000000000000000e+02 5.987306579987883737e+00
5.380000000000000000e+02 5.732472261748092102e+00
5.390000000000000000e+02 5.848479994329708553e+00
5.400000000000000000e+02 5.668492640678546302e+00
5.410000000000000000e+02 5.868729229100448030e+00
5.420000000000000000e+02 5.635040701568307497e+00
5.430000000000000000e+02 5.864844458038416697e+00
5.440000000000000000e+02 5.645556457513857040e+00
5.450000000000000000e+02 5.787412005019184846e+00
5.460000000000000000e+02 5.644936363671869017e+00
5.470000000000000000e+02 5.690284751506993643e+00
5.480000000000000000e+02 5.825239013214623007e+00
5.490000000000000000e+02 5.809933644493693095e+00
5.500000000000000000e+02 5.684893051019795251e+00
5.510000000000000000e+02 5.658484950593650531e+00
5.520000000000000000e+02 5.691940513231151577e+00
5.530000000000000000e+02 5.616770462188592994e+00
5.540000000000000000e+02 5.706967255926877591e+00
5.550000000000000000e+02 5.626076932295347888e+00
5.560000000000000000e+02 5.636998907901304534e+00
5.570000000000000000e+02 5.632170068129402019e+00
5.580000000000000000e+02 5.532699901294133582e+00
5.590000000000000000e+02 5.667822427571892696e+00
5.600000000000000000e+02 5.595680082186797577e+00
5.610000000000000000e+02 5.580605502908057680e+00
5.620000000000000000e+02 5.475296843385956791e+00
5.630000000000000000e+02 5.525005286871114585e+00
5.640000000000000000e+02 5.717164129437590780e+00
5.650000000000000000e+02 5.454231351006548323e+00
5.660000000000000000e+02 5.568654847469097113e+00
5.670000000000000000e+02 5.568388779488306461e+00
5.680000000000000000e+02 5.540761613213934567e+00
5.690000000000000000e+02 5.551767881113014447e+00
5.700000000000000000e+02 5.471888636245869186e+00
5.710000000000000000e+02 5.550514155214380629e+00
5.720000000000000000e+02 5.367955624427701800e+00
5.730000000000000000e+02 5.447184734684043406e+00
5.740000000000000000e+02 5.369764236467773344e+00
5.750000000000000000e+02 5.483421289341452010e+00
5.760000000000000000e+02 5.474500841509406079e+00
5.770000000000000000e+02 5.369505322936798386e+00
5.780000000000000000e+02 5.374057270536797049e+00
5.790000000000000000e+02 5.424686139533481111e+00
5.800000000000000000e+02 5.410383937891803718e+00
5.810000000000000000e+02 5.396515021054846706e+00
5.820000000000000000e+02 5.456348083086409062e+00
5.830000000000000000e+02 5.359983019856519704e+00
5.840000000000000000e+02 5.477782743420552158e+00
5.850000000000000000e+02 5.543793336096515922e+00
5.860000000000000000e+02 5.358466860737572723e+00
5.870000000000000000e+02 5.299587364633693731e+00
5.880000000000000000e+02 5.421718299582019007e+00
5.890000000000000000e+02 5.334533659894498570e+00
5.900000000000000000e+02 5.331648388752931567e+00
5.910000000000000000e+02 5.261884862210550295e+00
5.920000000000000000e+02 5.328885287507217683e+00
5.930000000000000000e+02 5.232765423939439664e+00
5.940000000000000000e+02 5.208547364325034401e+00
5.950000000000000000e+02 5.440469028635809501e+00
5.960000000000000000e+02 5.280724760521758654e+00
5.970000000000000000e+02 5.310732107110616163e+00
5.980000000000000000e+02 5.380412147323588634e+00
5.990000000000000000e+02 5.343738399725595833e+00
6.000000000000000000e+02 5.181335135640789957e+00
6.010000000000000000e+02 5.259371465783558186e+00
6.020000000000000000e+02 5.204447648081437450e+00
6.030000000000000000e+02 5.282168043640223409e+00
6.040000000000000000e+02 5.166263714197429913e+00
6.050000000000000000e+02 5.175236541138883872e+00
6.060000000000000000e+02 5.191496691066438629e+00
6.070000000000000000e+02 5.152512847065014334e+00
6.080000000000000000e+02 5.157325183020072146e+00
6.090000000000000000e+02 5.196841152637252215e+00
6.100000000000000000e+02 5.257246647941983042e+00
6.110000000000000000e+02 5.258152818338237999e+00
6.120000000000000000e+02 5.080931108324167944e+00
6.130000000000000000e+02 5.270316066864638493e+00
6.140000000000000000e+02 5.261157756569363464e+00
6.150000000000000000e+02 5.261234926295564662e+00
6.160000000000000000e+02 5.189035332761619657e+00
6.170000000000000000e+02 5.219478743104441598e+00
6.180000000000000000e+02 5.121960474859062806e+00
6.190000000000000000e+02 5.067579090345961212e+00
6.200000000000000000e+02 5.083481110419447724e+00
6.210000000000000000e+02 5.136831676673999425e+00
6.220000000000000000e+02 5.038538011800380190e+00
6.230000000000000000e+02 5.087091224444495019e+00
6.240000000000000000e+02 5.117584622293355423e+00
6.250000000000000000e+02 5.100189266033928526e+00
6.260000000000000000e+02 5.042737756053584874e+00
6.270000000000000000e+02 5.140036950043616493e+00
6.280000000000000000e+02 5.050383836419064743e+00
6.290000000000000000e+02 5.047299742668595712e+00
6.300000000000000000e+02 5.019388211861440574e+00
6.310000000000000000e+02 5.087240952815798245e+00
6.320000000000000000e+02 4.926891131835618332e+00
6.330000000000000000e+02 5.122431158159133524e+00
6.340000000000000000e+02 5.074140600631956488e+00
6.350000000000000000e+02 5.023671759551755933e+00
6.360000000000000000e+02 4.973689551394286923e+00
6.370000000000000000e+02 5.031614341199674989e+00
6.380000000000000000e+02 5.038593934475644964e+00
6.390000000000000000e+02 4.982013665065367469e+00
6.400000000000000000e+02 5.020267177496928745e+00
6.410000000000000000e+02 5.048701547323582339e+00
6.420000000000000000e+02 5.032365555758973485e+00
6.430000000000000000e+02 4.976991218427207819e+00
6.440000000000000000e+02 4.989651348417980081e+00
6.450000000000000000e+02 4.884496788696013780e+00
6.460000000000000000e+02 4.976016639460750568e+00
6.470000000000000000e+02 4.934251789808140387e+00
6.480000000000000000e+02 4.999575850232986340e+00
6.490000000000000000e+02 4.880604015261678974e+00
6.500000000000000000e+02 4.941610214770339127e+00
6.510000000000000000e+02 5.026855346023070048e+00
6.520000000000000000e+02 4.877179133830604307e+00
6.530000000000000000e+02 5.003165272724578116e+00
6.540000000000000000e+02 4.901586950054391600e+00
6.550000000000000000e+02 4.863030542153674141e+00
6.560000000000000000e+02 4.884439595877231532e+00
6.570000000000000000e+02 4.977819902761820181e+00
6.580000000000000000e+02 4.971756840366998276e+00
6.590000000000000000e+02 4.891736252373382499e+00
6.600000000000000000e+02 4.936884373892713285e+00
6.610000000000000000e+02 4.891261536997758341e+00
6.620000000000000000e+02 4.954090775923952528e+00
6.630000000000000000e+02 4.853840381531944637e+00
6.640000000000000000e+02 4.859557304408204104e+00
6.650000000000000000e+02 4.876588015698503753e+00
6.660000000000000000e+02 4.953399684891528487e+00
6.670000000000000000e+02 4.971105137574404864e+00
6.680000000000000000e+02 4.907867312395553405e+00
6.690000000000000000e+02 4.936917911360172440e+00
6.700000000000000000e+02 4.781225385296215435e+00
6.710000000000000000e+02 4.942147331334125759e+00
6.720000000000000000e+02 4.878447585814713605e+00
6.730000000000000000e+02 4.865728073320855884e+00
6.740000000000000000e+02 4.835930173425091461e+00
6.750000000000000000e+02 4.895203959039930552e+00
6.760000000000000000e+02 4.801803248418480052e+00
6.770000000000000000e+02 4.914852705604870309e+00
6.780000000000000000e+02 4.863630347949340127e+00
6.790000000000000000e+02 4.952662671931764571e+00
6.800000000000000000e+02 4.943587176308635200e+00
6.810000000000000000e+02 4.819776494559963709e+00
6.820000000000000000e+02 4.913302093692717420e+00
6.830000000000000000e+02 4.815994170371848959e+00
6.840000000000000000e+02 4.827251135746756461e+00
6.850000000000000000e+02 5.003869201175785264e+00
6.860000000000000000e+02 4.874903697389926016e+00
6.870000000000000000e+02 4.842218325658299349e+00
6.880000000000000000e+02 4.792739420085188939e+00
6.890000000000000000e+02 4.828226362993916609e+00
6.900000000000000000e+02 4.806953890229173076e+00
6.910000000000000000e+02 4.854895622974937375e+00
6.920000000000000000e+02 4.826861439638645557e+00
6.930000000000000000e+02 4.831808152485230323e+00
6.940000000000000000e+02 4.777761525084956773e+00
6.950000000000000000e+02 4.808508684646960241e+00
6.960000000000000000e+02 4.787460106225084999e+00
6.970000000000000000e+02 4.796682924850184548e+00
6.980000000000000000e+02 4.882558972791800400e+00
6.990000000000000000e+02 4.851123954086838275e+00
7.000000000000000000e+02 4.835168946161412684e+00
7.010000000000000000e+02 4.795135922420306507e+00
7.020000000000000000e+02 4.885094352901866444e+00
7.030000000000000000e+02 4.756753783518074208e+00
7.040000000000000000e+02 4.779272194293660903e+00
7.050000000000000000e+02 4.809473532843209220e+00
7.060000000000000000e+02 4.791667723560162351e+00
7.070000000000000000e+02 4.762995601154234926e+00
7.080000000000000000e+02 4.739518740186040802e+00
7.090000000000000000e+02 4.801058425234693949e+00
7.100000000000000000e+02 4.783602961797879694e+00
7.110000000000000000e+02 4.742578688076415361e+00
7.120000000000000000e+02 4.798609140087459757e+00
7.130000000000000000e+02 4.711048689844622217e+00
7.140000000000000000e+02 4.774753599183434893e+00
7.150000000000000000e+02 4.711807847864670329e+00
7.160000000000000000e+02 4.741107413758834710e+00
7.170000000000000000e+02 4.794704203721940061e+00
7.180000000000000000e+02 4.725968734711605279e+00
7.190000000000000000e+02 4.842979225280986455e+00
7.200000000000000000e+02 4.722639984283390824e+00
7.210000000000000000e+02 4.752538911569755165e+00
7.220000000000000000e+02 4.765420101922869911e+00
7.230000000000000000e+02 4.735430665774393866e+00
7.240000000000000000e+02 4.834481838825273492e+00
7.250000000000000000e+02 4.767836312948189992e+00
7.260000000000000000e+02 4.797595237710381433e+00
7.270000000000000000e+02 4.761632654671977605e+00
7.280000000000000000e+02 4.717404755342150757e+00
7.290000000000000000e+02 4.730422790012606349e+00
7.300000000000000000e+02 4.757451709094116410e+00
7.310000000000000000e+02 4.875517473141616875e+00
7.320000000000000000e+02 4.804873935097918825e+00
7.330000000000000000e+02 4.751415874438109199e+00
7.340000000000000000e+02 4.768808032441332223e+00
7.350000000000000000e+02 4.722866200787244395e+00
7.360000000000000000e+02 4.825102461156286715e+00
7.370000000000000000e+02 4.745896624172900147e+00
7.380000000000000000e+02 4.834286932483167654e+00
7.390000000000000000e+02 4.712913102851586267e+00
7.400000000000000000e+02 4.785093667643851134e+00
7.410000000000000000e+02 4.755349546386026915e+00
7.420000000000000000e+02 4.861810277844215378e+00
7.430000000000000000e+02 4.719366658523798108e+00
7.440000000000000000e+02 4.689374155923697884e+00
7.450000000000000000e+02 4.753297514729013962e+00
7.460000000000000000e+02 4.811766705252342291e+00
7.470000000000000000e+02 4.778216824816174935e+00
7.480000000000000000e+02 4.790711010799316050e+00
7.490000000000000000e+02 4.770842526853853016e+00
7.500000000000000000e+02 4.770842526853912524e+00
7.510000000000000000e+02 4.790711010799268976e+00
7.520000000000000000e+02 4.778216824816237107e+00
7.530000000000000000e+02 4.811766705252216170e+00
7.540000000000000000e+02 4.753297514729035278e+00
7.550000000000000000e+02 4.689374155923728082e+00
7.560000000000000000e+02 4.719366658523863833e+00
7.570000000000000000e+02 4.861810277844256234e+00
7.580000000000000000e+02 4.755349546385986947e+00
7.590000000000000000e+02 4.785093667643908866e+00
7.600000000000000000e+02 4.712913102851569391e+00
7.610000000000000000e+02 4.834286932483259136e+00
7.620000000000000000e+02 4.745896624172832645e+00
7.630000000000000000e+02 4.825102461156281386e+00
7.640000000000000000e+02 4.722866200787362523e+00
7.650000000000000000e+02 4.768808032441330447e+00
7.660000000000000000e+02 4.751415874438207787e+00
7.670000000000000000e+02 4.804873935097933035e+00
7.680000000000000000e+02 4.875517473141522728e+00
7.690000000000000000e+02 4.757451709094127956e+00
7.700000000000000000e+02 4.730422790012601020e+00
7.710000000000000000e+02 4.717404755342061939e+00
7.720000000000000000e+02 4.761632654671997145e+00
7.730000000000000000e+02 4.797595237710471139e+00
7.740000000000000000e+02 4.767836312948118049e+00
7.750000000000000000e+02 4.834481838825367639e+00
7.760000000000000000e+02 4.735430665774426728e+00
7.770000000000000000e+02 4.765420101922812179e+00
7.780000000000000000e+02 4.752538911569689439e+00
7.790000000000000000e+02 4.722639984283506287e+00
7.800000000000000000e+02 4.842979225280748423e+00
7.810000000000000000e+02 4.725968734711721631e+00
7.820000000000000000e+02 4.794704203721861901e+00
7.830000000000000000e+02 4.741107413758755662e+00
7.840000000000000000e+02 4.711807847864618815e+00
7.850000000000000000e+02 4.774753599183528152e+00
7.860000000000000000e+02 4.711048689844535176e+00
7.870000000000000000e+02 4.798609140087549463e+00
7.880000000000000000e+02 4.742578688076354965e+00
7.890000000000000000e+02 4.783602961797909003e+00
7.900000000000000000e+02 4.801058425234677962e+00
7.910000000000000000e+02 4.739518740186031032e+00
7.920000000000000000e+02 4.762995601154210945e+00
7.930000000000000000e+02 4.791667723560275149e+00
7.940000000000000000e+02 4.809473532843063559e+00
7.950000000000000000e+02 4.779272194293779030e+00
7.960000000000000000e+02 4.756753783517950751e+00
7.970000000000000000e+02 4.885094352901884207e+00
7.980000000000000000e+02 4.795135922420397989e+00
7.990000000000000000e+02 4.835168946161379822e+00
8.000000000000000000e+02 4.851123954086729029e+00
8.010000000000000000e+02 4.882558972791829710e+00
8.020000000000000000e+02 4.796682924850109053e+00
8.030000000000000000e+02 4.787460106225211121e+00
8.040000000000000000e+02 4.808508684646932707e+00
8.050000000000000000e+02 4.777761525084908811e+00
8.060000000000000000e+02 4.831808152485249863e+00
8.070000000000000000e+02 4.826861439638570062e+00
8.080000000000000000e+02 4.854895622975003988e+00
8.090000000000000000e+02 4.806953890229042514e+00
8.100000000000000000e+02 4.828226362993950360e+00
8.110000000000000000e+02 4.792739420085148083e+00
8.120000000000000000e+02 4.842218325658273592e+00
8.130000000000000000e+02 4.874903697389908253e+00
8.140000000000000000e+02 5.003869201175753290e+00
8.150000000000000000e+02 4.827251135746698729e+00
8.160000000000000000e+02 4.815994170371790339e+00
8.170000000000000000e+02 4.913302093692675676e+00
8.180000000000000000e+02 4.819776494559913083e+00
8.190000000000000000e+02 4.943587176308644970e+00
8.200000000000000000e+02 4.952662671931748584e+00
8.210000000000000000e+02 4.863630347949357891e+00
8.220000000000000000e+02 4.914852705604848992e+00
8.230000000000000000e+02 4.801803248418477388e+00
8.240000000000000000e+02 4.895203959039923447e+00
8.250000000000000000e+02 4.835930173425124323e+00
8.260000000000000000e+02 4.865728073320814140e+00
8.270000000000000000e+02 4.878447585814718934e+00
8.280000000000000000e+02 4.942147331334139082e+00
8.290000000000000000e+02 4.781225385296264285e+00
8.300000000000000000e+02 4.936917911360253264e+00
8.310000000000000000e+02 4.907867312395564952e+00
8.320000000000000000e+02 4.971105137574564736e+00
8.330000000000000000e+02 4.953399684891388155e+00
8.340000000000000000e+02 4.876588015698509970e+00
8.350000000000000000e+02 4.859557304408174794e+00
8.360000000000000000e+02 4.853840381532023684e+00
8.370000000000000000e+02 4.954090775924017365e+00
8.380000000000000000e+02 4.891261536997699721e+00
8.390000000000000000e+02 4.936884373892740818e+00
8.400000000000000000e+02 4.891736252373394045e+00
8.410000000000000000e+02 4.971756840366857944e+00
8.420000000000000000e+02 4.977819902761780213e+00
8.430000000000000000e+02 4.884439595877210216e+00
8.440000000000000000e+02 4.863030542153609304e+00
8.450000000000000000e+02 4.901586950054456437e+00
8.460000000000000000e+02 5.003165272724564794e+00
8.470000000000000000e+02 4.877179133830550128e+00
8.480000000000000000e+02 5.026855346023031856e+00
8.490000000000000000e+02 4.941610214770392417e+00
8.500000000000000000e+02 4.880604015261543083e+00
8.510000000000000000e+02 4.999575850233010321e+00
8.520000000000000000e+02 4.934251789807998279e+00
8.530000000000000000e+02 4.976016639460810076e+00
8.540000000000000000e+02 4.884496788695903646e+00
8.550000000000000000e+02 4.989651348418021826e+00
8.560000000000000000e+02 4.976991218427190056e+00
8.570000000000000000e+02 5.032365555758983255e+00
8.580000000000000000e+02 5.048701547323643624e+00
8.590000000000000000e+02 5.020267177496926969e+00
8.600000000000000000e+02 4.982013665065230690e+00
8.610000000000000000e+02 5.038593934475728453e+00
8.620000000000000000e+02 5.031614341199664331e+00
8.630000000000000000e+02 4.973689551394283370e+00
8.640000000000000000e+02 5.023671759551833205e+00
8.650000000000000000e+02 5.074140600631905862e+00
8.660000000000000000e+02 5.122431158159184150e+00
8.670000000000000000e+02 4.926891131835549054e+00
8.680000000000000000e+02 5.087240952815884398e+00
8.690000000000000000e+02 5.019388211861438798e+00
8.700000000000000000e+02 5.047299742668717393e+00
8.710000000000000000e+02 5.050383836419150896e+00
8.720000000000000000e+02 5.140036950043501918e+00
8.730000000000000000e+02 5.042737756053690568e+00
8.740000000000000000e+02 5.100189266033877011e+00
8.750000000000000000e+02 5.117584622293390062e+00
8.760000000000000000e+02 5.087091224444589166e+00
8.770000000000000000e+02 5.038538011800400618e+00
8.780000000000000000e+02 5.136831676674011860e+00
8.790000000000000000e+02 5.083481110419429960e+00
8.800000000000000000e+02 5.067579090345988746e+00
8.810000000000000000e+02 5.121960474859112544e+00
8.820000000000000000e+02 5.219478743104335905e+00
8.830000000000000000e+02 5.189035332761687158e+00
8.840000000000000000e+02 5.261234926295395020e+00
8.850000000000000000e+02 5.261157756569291521e+00
8.860000000000000000e+02 5.270316066864636717e+00
8.870000000000000000e+02 5.080931108324276302e+00
8.880000000000000000e+02 5.258152818338263756e+00
8.890000000000000000e+02 5.257246647941833828e+00
8.900000000000000000e+02 5.196841152637282413e+00
8.910000000000000000e+02 5.157325183019997539e+00
8.920000000000000000e+02 5.152512847065014334e+00
8.930000000000000000e+02 5.191496691066424418e+00
8.940000000000000000e+02 5.175236541138760415e+00
8.950000000000000000e+02 5.166263714197444123e+00
8.960000000000000000e+02 5.282168043640264266e+00
8.970000000000000000e+02 5.204447648081154121e+00
8.980000000000000000e+02 5.259371465783352129e+00
8.990000000000000000e+02 5.181335135640468437e+00
9.000000000000000000e+02 5.343738399725038946e+00
9.010000000000000000e+02 5.380412147323724525e+00
9.020000000000000000e+02 5.310732107110550437e+00
9.030000000000000000e+02 5.280724760521652072e+00
9.040000000000000000e+02 5.440469028635854798e+00
9.050000000000000000e+02 5.208547364324910944e+00
9.060000000000000000e+02 5.232765423939354399e+00
9.070000000000000000e+02 5.328885287507189261e+00
9.080000000000000000e+02 5.261884862210589375e+00
9.090000000000000000e+02 5.331648388752903145e+00
9.100000000000000000e+02 5.334533659894597157e+00
9.110000000000000000e+02 5.421718299581877787e+00
9.120000000000000000e+02 5.299587364633717712e+00
9.130000000000000000e+02 5.358466860737433279e+00
9.140000000000000000e+02 5.543793336096434210e+00
9.150000000000000000e+02 5.477782743420500644e+00
9.160000000000000000e+02 5.359983019856485065e+00
9.170000000000000000e+02 5.456348083086430378e+00
9.180000000000000000e+02 5.396515021054813843e+00
9.190000000000000000e+02 5.410383937891875661e+00
9.200000000000000000e+02 5.424686139533493545e+00
9.210000000000000000e+02 5.374057270536802378e+00
9.220000000000000000e+02 5.369505322936777958e+00
9.230000000000000000e+02 5.474500841509353677e+00
9.240000000000000000e+02 5.483421289341273486e+00
9.250000000000000000e+02 5.369764236467798213e+00
9.260000000000000000e+02 5.447184734683981233e+00
9.270000000000000000e+02 5.367955624427711570e+00
9.280000000000000000e+02 5.550514155214346879e+00
9.290000000000000000e+02 5.471888636245892279e+00
9.300000000000000000e+02 5.551767881113077507e+00
9.310000000000000000e+02 5.540761613213905257e+00
9.320000000000000000e+02 5.568388779488272711e+00
9.330000000000000000e+02 5.568654847469098890e+00
9.340000000000000000e+02 5.454231351006534112e+00
9.350000000000000000e+02 5.717164129437578346e+00
9.360000000000000000e+02 5.525005286871080834e+00
9.370000000000000000e+02 5.475296843385942580e+00
9.380000000000000000e+02 5.580605502908008830e+00
9.390000000000000000e+02 5.595680082186768267e+00
9.400000000000000000e+02 5.667822427571993948e+00
9.410000000000000000e+02 5.532699901294050093e+00
9.420000000000000000e+02 5.632170068129377150e+00
9.430000000000000000e+02 5.636998907901304534e+00
9.440000000000000000e+02 5.626076932295377198e+00
9.450000000000000000e+02 5.706967255926897131e+00
9.460000000000000000e+02 5.616770462188506841e+00
9.470000000000000000e+02 5.691940513231202203e+00
9.480000000000000000e+02 5.658484950593694940e+00
9.490000000000000000e+02 5.684893051019761501e+00
9.500000000000000000e+02 5.809933644493583849e+00
9.510000000000000000e+02 5.825239013214612349e+00
9.520000000000000000e+02 5.690284751507165062e+00
9.530000000000000000e+02 5.644936363671885893e+00
9.540000000000000000e+02 5.787412005019321626e+00
9.550000000000000000e+02 5.645556457513737136e+00
9.560000000000000000e+02 5.864844458038469988e+00
9.570000000000000000e+02 5.635040701568305721e+00
9.580000000000000000e+02 5.868729229100497768e+00
9.590000000000000000e+02 5.668492640678359784e+00
9.600000000000000000e+02 5.848479994329702336e+00
9.610000000000000000e+02 5.732472261747991737e+00
9.620000000000000000e+02 5.987306579987966337e+00
9.630000000000000000e+02 5.734163481214147318e+00
9.640000000000000000e+02 5.792865652271020238e+00
9.650000000000000000e+02 5.938316154076805908e+00
9.660000000000000000e+02 5.900029933976139063e+00
9.670000000000000000e+02 5.909564489159546241e+00
9.680000000000000000e+02 6.032864047248968298e+00
9.690000000000000000e+02 5.891360560668204016e+00
9.700000000000000000e+02 5.826011034053861337e+00
9.710000000000000000e+02 5.965408535110377386e+00
9.720000000000000000e+02 6.116510362170571646e+00
9.730000000000000000e+02 5.894581920812188791e+00
9.740000000000000000e+02 6.131240940151890584e+00
9.750000000000000000e+02 6.158684961705351846e+00
9.760000000000000000e+02 5.942491477415355661e+00
9.770000000000000000e+02 5.970703017882357244e+00
9.780000000000000000e+02 6.133465654526772504e+00
9.790000000000000000e+02 5.959346917412759126e+00
9.800000000000000000e+02 6.131437095889996414e+00
9.810000000000000000e+02 6.032087209763937530e+00
9.820000000000000000e+02 6.186965145104371899e+00
9.830000000000000000e+02 6.130849623794382808e+00
9.840000000000000000e+02 6.296694904489243960e+00
9.850000000000000000e+02 6.153489400985948876e+00
9.860000000000000000e+02 6.058338389621670039e+00
9.870000000000000000e+02 6.183434329007816643e+00
9.880000000000000000e+02 6.077663539528124659e+00
9.890000000000000000e+02 6.441135263480885165e+00
9.900000000000000000e+02 6.311439301364621279e+00
9.910000000000000000e+02 6.256915756357436464e+00
9.920000000000000000e+02 6.246745774021352560e+00
9.930000000000000000e+02 6.137273508043706194e+00
9.940000000000000000e+02 6.330335005705299167e+00
9.950000000000000000e+02 6.241737064205728380e+00
9.960000000000000000e+02 6.336845896609651696e+00
9.970000000000000000e+02 6.353051281991814569e+00
9.980000000000000000e+02 6.112060875314108799e+00
9.990000000000000000e+02 6.432836676425898403e+00
1.000000000000000000e+03 6.307742507527425602e+00
1.001000000000000000e+03 6.370593201145466011e+00
1.002000000000000000e+03 6.460096072269857714e+00
1.003000000000000000e+03 6.472744120961952952e+00
1.004000000000000000e+03 6.450739634090279395e+00
1.005000000000000000e+03 6.337104935147855223e+00
1.006000000000000000e+03 6.317071569735451142e+00
1.007000000000000000e+03 6.346170494924725958e+00
1.008000000000000000e+03 6.545559414671505039e+00
1.009000000000000000e+03 6.589023296917217110e+00
1.010000000000000000e+03 6.491374649155932097e+00
1.011000000000000000e+03 6.360247544839475964e+00
1.012000000000000000e+03 6.478212148260494629e+00
1.013000000000000000e+03 6.527611104491741756e+00
1.014000000000000000e+03 6.621732083538403479e+00
1.015000000000000000e+03 6.690025094330041000e+00
1.016000000000000000e+03 6.459908653680574098e+00
1.017000000000000000e+03 6.666278879077260022e+00
1.018000000000000000e+03 6.591151136263427190e+00
1.019000000000000000e+03 6.774769717056635443e+00
1.020000000000000000e+03 6.733853582596092124e+00
1.021000000000000000e+03 6.493427801273983668e+00
1.022000000000000000e+03 6.735224507127500537e+00
1.023000000000000000e+03 6.824017612036217706e+00
1.024000000000000000e+03 6.809601298474932562e+00
1.025000000000000000e+03 6.862844904763313103e+00
1.026000000000000000e+03 6.994561698621469148e+00
1.027000000000000000e+03 6.627079261865163495e+00
1.028000000000000000e+03 6.680962116577328302e+00
1.029000000000000000e+03 6.944445992154264502e+00
1.030000000000000000e+03 6.891780828497813260e+00
1.031000000000000000e+03 7.036231590109245815e+00
1.032000000000000000e+03 6.817293651338404814e+00
1.033000000000000000e+03 6.988581061353891677e+00
1.034000000000000000e+03 6.705797654106636863e+00
1.035000000000000000e+03 6.891608551148610040e+00
1.036000000000000000e+03 6.909926605483946105e+00
1.037000000000000000e+03 6.936004661615692513e+00
1.038000000000000000e+03 7.111297881379677222e+00
1.039000000000000000e+03 6.841902663805315754e+00
1.040000000000000000e+03 6.763211639907114936e+00
1.041000000000000000e+03 7.203435905836382602e+00
1.042000000000000000e+03 7.237155400261477745e+00
1.043000000000000000e+03 6.999557949602364104e+00
1.044000000000000000e+03 6.986964297393239320e+00
1.045000000000000000e+03 7.056594745993818307e+00
1.046000000000000000e+03 7.456193003832813915e+00
1.047000000000000000e+03 7.363125870703199460e+00
1.048000000000000000e+03 7.100517093395599666e+00
1.049000000000000000e+03 6.738634233585708344e+00
1.050000000000000000e+03 7.863711403420755808e+00
1.051000000000000000e+03 7.126031885685134348e+00
1.052000000000000000e+03 7.373074143586698881e+00
1.053000000000000000e+03 7.420157700116742916e+00
1.054000000000000000e+03 7.111084100754471393e+00
1.055000000000000000e+03 7.358670868881023175e+00
1.056000000000000000e+03 7.632541987511181958e+00
1.057000000000000000e+03 7.660346523496578186e+00
1.058000000000000000e+03 7.335226708094309878e+00
1.059000000000000000e+03 7.573655655263519471e+00
1.060000000000000000e+03 7.584170419623223580e+00
1.061000000000000000e+03 7.689715080113570522e+00
1.062000000000000000e+03 7.471066930381199178e+00
1.063000000000000000e+03 7.431512245729881450e+00
1.064000000000000000e+03 7.968027549642092922e+00
1.065000000000000000e+03 7.655857509091255508e+00
1.066000000000000000e+03 7.777631708687640533e+00
1.067000000000000000e+03 7.866491035056498937e+00
1.068000000000000000e+03 7.963492360000945958e+00
1.069000000000000000e+03 7.627943449798576303e+00
1.070000000000000000e+03 8.067449419752536599e+00
1.071000000000000000e+03 7.818632933923823636e+00
1.072000000000000000e+03 7.810561918897453992e+00
1.073000000000000000e+03 7.561018836740498905e+00
1.074000000000000000e+03 7.832508497236452705e+00
1.075000000000000000e+03 7.912005073493258323e+00
1.076000000000000000e+03 8.100219141854466898e+00
1.077000000000000000e+03 7.639018463879886589e+00
1.078000000000000000e+03 8.182714677219033561e+00
1.079000000000000000e+03 7.965416031172357414e+00
1.080000000000000000e+03 8.008795604409961300e+00
1.081000000000000000e+03 8.059609361303598618e+00
1.082000000000000000e+03 7.849589963871173026e+00
1.083000000000000000e+03 8.110902423777893944e+00
1.084000000000000000e+03 7.883170511360281019e+00
1.085000000000000000e+03 8.190173326969967249e+00
1.086000000000000000e+03 8.020055256022857293e+00
1.087000000000000000e+03 8.346928703826543838e+00
1.088000000000000000e+03 8.444618685519623469e+00
1.089000000000000000e+03 8.277557059159573072e+00
1.090000000000000000e+03 8.419918082967276618e+00
1.091000000000000000e+03 8.301299026280826610e+00
1.092000000000000000e+03 8.155668176241933409e+00
1.093000000000000000e+03 8.430321505699549078e+00
1.094000000000000000e+03 8.622540229263302436e+00
1.095000000000000000e+03 8.269763647748543889e+00
1.096000000000000000e+03 8.431214024250818895e+00
1.097000000000000000e+03 8.758427560613089469e+00
1.098000000000000000e+03 8.695966834098873832e+00
1.099000000000000000e+03 8.856870585055945710e+00
1.100000000000000000e+03 8.628540717407894078e+00
1.101000000000000000e+03 8.721300288112935561e+00
1.102000000000000000e+03 8.544106496601699519e+00
1.103000000000000000e+03 8.662639940473251698e+00
1.104000000000000000e+03 8.852961700930665145e+00
1.105000000000000000e+03 9.099709295291692257e+00
1.106000000000000000e+03 8.603484877377157503e+00
1.107000000000000000e+03 9.051501217703993518e+00
1.108000000000000000e+03 9.310502881853643942e+00
1.109000000000000000e+03 9.151313419314984543e+00
1.110000000000000000e+03 8.881149176492476371e+00
1.111000000000000000e+03 8.671569002177676566e+00
1.112000000000000000e+03 9.205132253905334849e+00
1.113000000000000000e+03 8.949365545422827140e+00
1.114000000000000000e+03 8.963997595371072435e+00
1.115000000000000000e+03 9.467947054317709998e+00
1.116000000000000000e+03 8.876692289059855412e+00
1.117000000000000000e+03 9.364087787356224268e+00
1.118000000000000000e+03 9.081306035358847950e+00
1.119000000000000000e+03 9.190063482153490781e+00
1.120000000000000000e+03 9.003971978243329843e+00
1.121000000000000000e+03 9.763412118870430589e+00
1.122000000000000000e+03 9.533729929964914973e+00
1.123000000000000000e+03 9.189877351477374390e+00
1.124000000000000000e+03 9.351160523380132261e+00
1.125000000000000000e+03 9.042120730258170980e+00
1.126000000000000000e+03 9.562245128948193340e+00
1.127000000000000000e+03 9.679956481010378866e+00
1.128000000000000000e+03 9.935408654666259665e+00
1.129000000000000000e+03 9.609465474077840241e+00
1.130000000000000000e+03 9.586303628242498931e+00
1.131000000000000000e+03 9.800792736744282863e+00
1.132000000000000000e+03 9.627545396642055664e+00
1.133000000000000000e+03 9.352144712372668423e+00
1.134000000000000000e+03 9.778345721554387637e+00
1.135000000000000000e+03 1.010083551611524300e+01
1.136000000000000000e+03 1.005560389494516649e+01
1.137000000000000000e+03 1.003143010300438043e+01
1.138000000000000000e+03 1.066769666105569492e+01
1.139000000000000000e+03 1.032480813475222980e+01
1.140000000000000000e+03 1.020257114699658629e+01
1.141000000000000000e+03 1.023019556508612915e+01
1.142000000000000000e+03 1.005242781158360366e+01
1.143000000000000000e+03 1.063394783881441619e+01
1.144000000000000000e+03 1.038540477358324488e+01
1.145000000000000000e+03 1.063111560618380835e+01
1.146000000000000000e+03 1.064464627878574454e+01
1.147000000000000000e+03 1.013298852517944759e+01
1.148000000000000000e+03 1.075521292681102281e+01
1.149000000000000000e+03 1.035053618466202074e+01
1.150000000000000000e+03 1.063626905859151428e+01
1.151000000000000000e+03 1.102306538692607241e+01
1.152000000000000000e+03 1.016354632576236483e+01
1.153000000000000000e+03 1.133502298682651954e+01
1.154000000000000000e+03 1.108206450764323314e+01
1.155000000000000000e+03 1.065193069881398102e+01
1.156000000000000000e+03 1.143511960503898806e+01
1.157000000000000000e+03 1.061380764099228102e+01
1.158000000000000000e+03 1.071796549713851832e+01
1.159000000000000000e+03 1.115264621466922534e+01
1.160000000000000000e+03 1.164164341535481917e+01
1.161000000000000000e+03 1.111799107220762473e+01
1.162000000000000000e+03 1.148576503146705008e+01
1.163000000000000000e+03 1.115261584251054927e+01
1.164000000000000000e+03 1.136956999915680910e+01
1.165000000000000000e+03 1.208014961101235230e+01
1.166000000000000000e+03 1.104883257151672993e+01
1.167000000000000000e+03 1.186563099516653708e+01
1.168000000000000000e+03 1.128096341505509947e+01
1.169000000000000000e+03 1.204734460479924429e+01
1.170000000000000000e+03 1.203717018415770923e+01
1.171000000000000000e+03 1.105327825632809002e+01
1.172000000000000000e+03 1.190178059772577690e+01
1.173000000000000000e+03 1.120267623287807979e+01
1.174000000000000000e+03 1.246293932341643185e+01
1.175000000000000000e+03 1.164508514213973633e+01
1.176000000000000000e+03 1.162163495156415927e+01
1.177000000000000000e+03 1.186994420905695868e+01
1.178000000000000000e+03 1.320985157696863332e+01
1.179000000000000000e+03 1.170612712087456408e+01
1.180000000000000000e+03 1.266495241371717917e+01
1.181000000000000000e+03 1.254056145639215991e+01
1.182000000000000000e+03 1.246281688208404859e+01
1.183000000000000000e+03 1.281490800179328637e+01
1.184000000000000000e+03 1.314793230979131344e+01
1.185000000000000000e+03 1.318521106439380652e+01
1.186000000000000000e+03 1.251622698451752136e+01
1.187000000000000000e+03 1.305567596829685151e+01
1.188000000000000000e+03 1.256145151342158428e+01
1.189000000000000000e+03 1.283573882052338000e+01
1.190000000000000000e+03 1.324019452488926341e+01
1.191000000000000000e+03 1.294915245390416558e+01
1.192000000000000000e+03 1.324296878229156604e+01
1.193000000000000000e+03 1.401682970760617764e+01
1.194000000000000000e+03 1.342986628990021103e+01
1.195000000000000000e+03 1.346289726741476578e+01
1.196000000000000000e+03 1.379421009779075469e+01
1.197000000000000000e+03 1.318242188997450626e+01
1.198000000000000000e+03 1.372872933554370078e+01
1.199000000000000000e+03 1.279442935984090113e+01
1.200000000000000000e+03 1.408940941121508672e+01
1.201000000000000000e+03 1.304663768235976562e+01
1.202000000000000000e+03 1.349414014399873807e+01
1.203000000000000000e+03 1.412902189303043876e+01
1.204000000000000000e+03 1.472007775546414798e+01
1.205000000000000000e+03 1.465040320590555112e+01
1.206000000000000000e+03 1.366977492876458911e+01
1.207000000000000000e+03 1.417262813630122231e+01
1.208000000000000000e+03 1.472243142495738333e+01
1.209000000000000000e+03 1.389912844560064720e+01
1.210000000000000000e+03 1.403645796359878695e+01
1.211000000000000000e+03 1.526926544966130983e+01
1.212000000000000000e+03 1.433680534444361676e+01
1.213000000000000000e+03 1.449042563437300046e+01
1.214000000000000000e+03 1.585276560908325294e+01
1.215000000000000000e+03 1.464855620585460727e+01
1.216000000000000000e+03 1.530463665830432163e+01
1.217000000000000000e+03 1.612016255047680602e+01
1.218000000000000000e+03 1.571038155345201481e+01
1.219000000000000000e+03 1.640491677852393337e+01
1.220000000000000000e+03 1.679098007391609215e+01
1.221000000000000000e+03 1.600386200859883701e+01
1.222000000000000000e+03 1.660587474004693576e+01
1.223000000000000000e+03 1.623605689179424871e+01
1.224000000000000000e+03 1.571739425867327178e+01
1.225000000000000000e+03 1.717399385040533843e+01
1.226000000000000000e+03 1.501738788157225102e+01
1.227000000000000000e+03 1.702866369145180059e+01
1.228000000000000000e+03 1.607340048914673858e+01
1.229000000000000000e+03 1.697719977537100888e+01
1.230000000000000000e+03 1.703286949654535221e+01
1.231000000000000000e+03 1.611553786148128964e+01
1.232000000000000000e+03 1.887140859530101267e+01
1.233000000000000000e+03 1.730872802188716619e+01
1.234000000000000000e+03 1.910120920224523289e+01
1.235000000000000000e+03 1.891739839026241654e+01
1.236000000000000000e+03 1.599616745555596253e+01
1.237000000000000000e+03 1.751649704516264805e+01
1.238000000000000000e+03 1.696259132075555343e+01
1.239000000000000000e+03 1.961576548388081065e+01
1.240000000000000000e+03 1.826388108701436153e+01
1.241000000000000000e+03 1.712959425168443062e+01
1.242000000000000000e+03 1.840060863119643386e+01
1.243000000000000000e+03 1.799525508931711215e+01
1.244000000000000000e+03 1.763635874550039873e+01
1.245000000000000000e+03 1.914799079461344178e+01
1.246000000000000000e+03 1.967252771263615685e+01
1.247000000000000000e+03 1.679196064073412487e+01
1.248000000000000000e+03 1.909576608909764772e+01
1.249000000000000000e+03 2.052340065145298098e+01
1.250000000000000000e+03 2.115262077958774967e+01
1.251000000000000000e+03 1.921856048684841767e+01
1.252000000000000000e+03 2.012450151983092894e+01
1.253000000000000000e+03 1.830387733694150754e+01
1.254000000000000000e+03 2.183248569107468029e+01
1.255000000000000000e+03 1.925374270995299142e+01
1.256000000000000000e+03 2.150208982036561167e+01
1.257000000000000000e+03 2.131045356275671665e+01
1.258000000000000000e+03 2.426788937577275362e+01
1.259000000000000000e+03 2.240987412305411652e+01
1.260000000000000000e+03 2.188797514135302436e+01
1.261000000000000000e+03 1.946825461372443300e+01
1.262000000000000000e+03 2.059469318562551976e+01
1.263000000000000000e+03 2.205008981630755827e+01
1.264000000000000000e+03 1.945124108599342350e+01
1.265000000000000000e+03 2.094614811688528278e+01
1.266000000000000000e+03 2.208164865223670859e+01
1.267000000000000000e+03 2.201364722786051331e+01
1.268000000000000000e+03 2.117664847197119116e+01
1.269000000000000000e+03 2.271142187948965230e+01
1.270000000000000000e+03 2.402661138233599658e+01
1.271000000000000000e+03 2.449953350418893194e+01
1.272000000000000000e+03 2.168670904088360984e+01
1.273000000000000000e+03 2.273428443667330257e+01
1.274000000000000000e+03 2.407215028604368001e+01
1.275000000000000000e+03 2.342382814307154959e+01
1.276000000000000000e+03 2.389439630393292902e+01
1.277000000000000000e+03 2.196402176641101534e+01
1.278000000000000000e+03 2.485496941423066986e+01
1.279000000000000000e+03 2.446723506824392302e+01
1.280000000000000000e+03 2.497950882832990516e+01
1.281000000000000000e+03 2.266863260928312940e+01
1.282000000000000000e+03 2.472285473285916879e+01
1.283000000000000000e+03 2.555790595189747805e+01
1.284000000000000000e+03 2.369158523769487346e+01
1.285000000000000000e+03 2.288282589799575106e+01
1.286000000000000000e+03 2.554725568536288804e+01
1.287000000000000000e+03 2.552839452476001014e+01
1.288000000000000000e+03 2.594555473448504301e+01
1.289000000000000000e+03 2.372623220114152076e+01
1.290000000000000000e+03 2.481453891088943564e+01
1.291000000000000000e+03 2.645861799931006431e+01
1.292000000000000000e+03 2.944569309023762926e+01
1.293000000000000000e+03 2.623900572367816864e+01
1.294000000000000000e+03 2.798800792215522648e+01
1.295000000000000000e+03 2.840121151234749775e+01
1.296000000000000000e+03 2.699760898202744741e+01
1.297000000000000000e+03 2.973237418237413365e+01
1.298000000000000000e+03 2.383444228057611269e+01
1.299000000000000000e+03 2.560806426201606811e+01
1.300000000000000000e+03 2.971825049334792013e+01
1.301000000000000000e+03 2.602340189597592968e+01
1.302000000000000000e+03 3.456876673658894106e+01
1.303000000000000000e+03 2.787976310130642688e+01
1.304000000000000000e+03 2.736575706802779706e+01
1.305000000000000000e+03 2.778737313093601102e+01
1.306000000000000000e+03 2.901805600602869362e+01
1.307000000000000000e+03 2.596465494814961161e+01
1.308000000000000000e+03 3.666211604107814281e+01
1.309000000000000000e+03 3.210226396326348208e+01
1.310000000000000000e+03 3.202386109799904546e+01
1.311000000000000000e+03 2.513167233846143134e+01
1.312000000000000000e+03 3.665382992843513676e+01
1.313000000000000000e+03 2.782418020219745713e+01
1.314000000000000000e+03 3.436278313415996877e+01
1.315000000000000000e+03 3.455909419753488265e+01
1.316000000000000000e+03 3.023058697413925699e+01
1.317000000000000000e+03 4.011634109130712034e+01
1.318000000000000000e+03 4.553206316722876323e+01
1.319000000000000000e+03 3.696200238002354155e+01
1.320000000000000000e+03 3.582718891152583041e+01
1.321000000000000000e+03 3.673617973741168186e+01
1.322000000000000000e+03 3.581746748853097984e+01
1.323000000000000000e+03 3.773280870417323030e+01
1.324000000000000000e+03 3.663997311227425513e+01
1.325000000000000000e+03 3.136406013281020577e+01
1.326000000000000000e+03 5.097131325854858375e+01
1.327000000000000000e+03 3.755526649107827808e+01
1.328000000000000000e+03 4.904937354909211678e+01
1.329000000000000000e+03 3.831535794096208036e+01
1.330000000000000000e+03 4.099178336723186789e+01
1.331000000000000000e+03 3.858225006041254090e+01
1.332000000000000000e+03 4.074191249389228631e+01
1.333000000000000000e+03 4.706405023969901436e+01
1.334000000000000000e+03 4.589384712290974733e+01
1.335000000000000000e+03 4.561894702448464045e+01
1.336000000000000000e+03 4.791878274894185097e+01
1.337000000000000000e+03 3.921439547957970007e+01
1.338000000000000000e+03 4.256399539930405496e+01
1.339000000000000000e+03 3.992474525310335309e+01
1.340000000000000000e+03 4.264329364113552145e+01
1.341000000000000000e+03 4.066158155989644740e+01
1.342000000000000000e+03 5.146816933782219650e+01
1.343000000000000000e+03 4.863027101038295541e+01
1.344000000000000000e+03 5.443602107429438064e+01
1.345000000000000000e+03 3.849853766833945201e+01
1.346000000000000000e+03 4.861068705003010137e+01
1.347000000000000000e+03 5.069250633376329773e+01
1.348000000000000000e+03 4.478779308235552747e+01
1.349000000000000000e+03 4.681832941484226041e+01
1.350000000000000000e+03 5.459042267758731981e+01
1.351000000000000000e+03 5.226998684834683218e+01
1.352000000000000000e+03 5.397330554030484251e+01
1.353000000000000000e+03 4.437525814668408231e+01
1.354000000000000000e+03 4.793735559593918083e+01
1.355000000000000000e+03 5.692084862005734180e+01
1.356000000000000000e+03 7.174994077457208164e+01
1.357000000000000000e+03 4.838310591755667645e+01
1.358000000000000000e+03 4.417867040361236519e+01
1.359000000000000000e+03 6.086312394436503581e+01
1.360000000000000000e+03 6.334650332293214348e+01
1.361000000000000000e+03 5.130667349522437348e+01
1.362000000000000000e+03 7.048908096134451284e+01
1.363000000000000000e+03 6.488939923905901708e+01
1.364000000000000000e+03 6.236039287535427178e+01
1.365000000000000000e+03 6.943168289031387985e+01
1.366000000000000000e+03 4.772159319516341469e+01
1.367000000000000000e+03 5.992447139412208656e+01
1.368000000000000000e+03 6.037953107452704415e+01
1.369000000000000000e+03 7.004365258074001588e+01
1.370000000000000000e+03 8.983064069435948795e+01
1.371000000000000000e+03 5.753572616439740273e+01
1.372000000000000000e+03 7.082273323059168035e+01
1.373000000000000000e+03 5.644733945240874817e+01
1.374000000000000000e+03 6.758299042231409715e+01
1.375000000000000000e+03 6.933653469769089384e+01
1.376000000000000000e+03 8.162855053023429264e+01
1.377000000000000000e+03 6.820077005584570884e+01
1.378000000000000000e+03 8.255744644036215618e+01
1.379000000000000000e+03 8.348903654597202717e+01
1.380000000000000000e+03 7.428202366082906849e+01
1.381000000000000000e+03 8.717308014062072630e+01
1.382000000000000000e+03 9.860359248441339730e+01
1.383000000000000000e+03 7.426086464202661830e+01
1.384000000000000000e+03 7.633307404128885310e+01
1.385000000000000000e+03 8.144704826331870606e+01
1.386000000000000000e+03 5.807864154347632279e+01
1.387000000000000000e+03 6.526017663461989571e+01
1.388000000000000000e+03 7.984732154533766391e+01
1.389000000000000000e+03 8.481393784627543653e+01
1.390000000000000000e+03 9.229120725485270782e+01
1.391000000000000000e+03 1.243364305886031218e+02
1.392000000000000000e+03 1.202222542093310693e+02
1.393000000000000000e+03 1.050809822878912598e+02
1.394000000000000000e+03 9.093747504343686217e+01
1.395000000000000000e+03 1.031368327595276497e+02
1.396000000000000000e+03 1.049184951962164263e+02
1.397000000000000000e+03 8.846141475623123540e+01
1.398000000000000000e+03 1.043162219612446364e+02
1.399000000000000000e+03 9.279024758217266822e+01
1.400000000000000000e+03 1.383986448311111417e+02
1.401000000000000000e+03 1.759955381798277472e+02
1.402000000000000000e+03 1.369942281011370824e+02
1.403000000000000000e+03 1.077382612235389274e+02
1.404000000000000000e+03 7.799642880984927729e+01
1.405000000000000000e+03 1.316733530938187755e+02
1.406000000000000000e+03 1.148052608575893458e+02
1.407000000000000000e+03 1.741944928996082353e+02
1.408000000000000000e+03 1.015208607499502449e+02
1.409000000000000000e+03 1.125922450783779283e+02
1.410000000000000000e+03 2.287649002044315978e+02
1.411000000000000000e+03 2.057912561222179875e+02
1.412000000000000000e+03 1.356687695299575012e+02
1.413000000000000000e+03 1.293431639395832633e+02
1.414000000000000000e+03 1.509040065258448635e+02
1.415000000000000000e+03 1.530557763672662759e+02
1.416000000000000000e+03 2.311295232430447015e+02
1.417000000000000000e+03 1.102643598927428030e+02
1.418000000000000000e+03 2.074235408516832422e+02
1.419000000000000000e+03 1.496667867854368126e+02
1.420000000000000000e+03 1.469308115080995663e+02
1.421000000000000000e+03 2.190791548756002669e+02
1.422000000000000000e+03 1.873928423051433185e+02
1.423000000000000000e+03 2.718199315886182035e+02
1.424000000000000000e+03 1.012287765674179099e+02
1.425000000000000000e+03 2.158322746963654026e+02
1.426000000000000000e+03 1.110736607619157184e+02
1.427000000000000000e+03 2.136520373725333570e+02
1.428000000000000000e+03 2.503551529361052985e+02
1.429000000000000000e+03 2.942441414786267160e+02
1.430000000000000000e+03 2.537606207227634627e+02
1.431000000000000000e+03 2.966582050156258674e+02
1.432000000000000000e+03 2.478681898194789426e+02
1.433000000000000000e+03 3.414057144869564127e+02
1.434000000000000000e+03 1.817816995239737423e+02
1.435000000000000000e+03 1.949996602746106191e+02
1.436000000000000000e+03 2.962673720312748173e+02
1.437000000000000000e+03 2.480988691472500705e+02
1.438000000000000000e+03 4.216358303374560137e+02
1.439000000000000000e+03 4.670598130681749467e+02
1.440000000000000000e+03 3.814392368705833860e+02
1.441000000000000000e+03 2.575459779753606426e+02
1.442000000000000000e+03 2.064983315975362927e+02
1.443000000000000000e+03 5.122968474527433500e+02
1.444000000000000000e+03 4.898298503960140238e+02
1.445000000000000000e+03 3.749749120952871522e+02
1.446000000000000000e+03 4.077627028310954529e+02
1.447000000000000000e+03 3.665136113157736304e+02
1.448000000000000000e+03 5.331811229602716367e+02
1.449000000000000000e+03 5.247386201475795815e+02
1.450000000000000000e+03 2.659201609369349626e+02
1.451000000000000000e+03 6.177841688762581498e+02
1.452000000000000000e+03 4.059680918038311006e+02
1.453000000000000000e+03 6.588608146240459291e+02
1.454000000000000000e+03 4.127570304640304926e+02
1.455000000000000000e+03 9.176590093334161793e+02
1.456000000000000000e+03 3.964244541739833494e+02
1.457000000000000000e+03 9.182069468486600954e+02
1.458000000000000000e+03 6.629422723895041827e+02
1.459000000000000000e+03 9.036437771913970209e+02
1.460000000000000000e+03 6.679427821820994495e+02
1.461000000000000000e+03 7.249412576443345415e+02
1.462000000000000000e+03 3.490648020334378430e+02
1.463000000000000000e+03 1.097991230508900799e+03
1.464000000000000000e+03 1.257910938753703476e+03
1.465000000000000000e+03 1.214380942163683130e+03
1.466000000000000000e+03 1.030295120359925704e+03
1.467000000000000000e+03 1.074589427602634942e+03
1.468000000000000000e+03 1.366062120443611548e+03
1.469000000000000000e+03 1.147936101310468985e+03
1.470000000000000000e+03 1.162636498665516456e+03
1.471000000000000000e+03 1.323686727385803579e+03
1.472000000000000000e+03 1.995217641997781357e+03
1.473000000000000000e+03 1.203745746859411383e+03
1.474000000000000000e+03 2.022553478884077549e+03
1.475000000000000000e+03 1.548438969460163435e+03
1.476000000000000000e+03 2.320770841081687649e+03
1.477000000000000000e+03 2.248071507209688662e+03
1.478000000000000000e+03 2.224644830784764508e+03
1.479000000000000000e+03 2.514442710569297105e+03
1.480000000000000000e+03 2.795197830924185837e+03
1.481000000000000000e+03 3.496118013275235626e+03
1.482000000000000000e+03 3.475863956516201597e+03
1.483000000000000000e+03 3.594253694156677284e+03
1.484000000000000000e+03 3.866159591513488067e+03
1.485000000000000000e+03 5.446211884737084802e+03
1.486000000000000000e+03 4.596280079749686593e+03
1.487000000000000000e+03 7.068630532014005439e+03
1.488000000000000000e+03 8.041866713518433244e+03
1.489000000000000000e+03 1.151600231004906163e+04
1.490000000000000000e+03 1.407540840121717520e+04
1.491000000000000000e+03 1.989894466764252866e+04
1.492000000000000000e+03 2.495165364567850702e+04
1.493000000000000000e+03 2.899064862942477339e+04
1.494000000000000000e+03 4.933141935890485183e+04
1.495000000000000000e+03 7.179726443990874395e+04
1.496000000000000000e+03 1.334663740439426037e+05
1.497000000000000000e+03 2.130626274055292015e+05
1.498000000000000000e+03 4.566506289556194097e+05
