# size duration
4.000000000000114575e-04 1.236471608717844839e-01
8.000000000000229150e-04 3.775120975311546667e-02
6.400000000000000133e-02 1.595812203256623363e+01
8.800000000000030020e-03 6.961157126946215801e-01
4.000000000000003553e-03 3.046065427338708886e-01
4.799999999999970957e-03 4.638484885496341192e-01
2.400000000000013234e-03 1.839894142868898075e-01
3.199999999999980638e-03 3.752330810936224115e-01
2.000000000000001776e-03 1.931399578443199760e-01
1.599999999999990319e-03 1.425404228231323400e-01
1.199999999999978861e-03 1.150061925406840879e-01
2.000000000000001776e-03 1.936070510534087519e-01
1.199999999999978861e-03 8.252708166587099936e-02
2.000000000000001776e-03 1.126020434599685205e-01
8.000000000000229150e-04 5.018045085439441777e-02
2.400000000000013234e-03 2.650839522982172958e-01
2.800000000000024691e-03 2.499126969575364565e-01
8.000000000000229150e-04 4.087170312287315144e-02
3.999999999999559464e-04 2.025349111539467145e-02
8.000000000000229150e-04 5.101722336989406026e-02
2.400000000000013234e-03 2.093731047706155757e-01
1.600000000000045830e-03 9.676385858304478726e-02
2.000000000000001776e-03 1.425634632606774255e-01
7.999999999999674039e-04 4.687628566218002280e-02
1.200000000000034373e-03 6.826687881703960570e-02
4.000000000000003553e-03 2.790187279075806437e-01
1.200000000000034373e-03 7.434184389069335708e-02
1.199999999999978861e-03 6.741125955869756159e-02
2.000000000000001776e-03 1.357760377719746669e-01
2.000000000000001776e-03 1.583510755434232864e-01
3.999999999999559464e-04 1.945339443177512839e-02
2.800000000000024691e-03 2.037648128905348022e-01
8.000000000000229150e-04 4.002791208084356678e-02
1.600000000000045830e-03 1.121285837938597457e-01
7.999999999999118927e-04 3.897116511170832520e-02
1.199999999999978861e-03 6.113565138872940896e-02
8.000000000000229150e-04 4.007185634570541166e-02
1.599999999999934808e-03 1.046865617500804119e-01
7.999999999999118927e-04 3.869497229465351795e-02
1.200000000000089884e-03 7.059760807863922627e-02
1.600000000000045830e-03 9.115862613539817139e-02
1.199999999999978861e-03 9.366102191352135287e-02
1.600000000000045830e-03 8.473719551595232380e-02
4.000000000000669687e-04 1.794745727035233773e-02
1.199999999999978861e-03 6.335984060219743141e-02
3.999999999999559464e-04 2.062173610126692702e-02
1.600000000000045830e-03 1.218300845603386140e-01
3.999999999999559464e-04 1.853941950576532341e-02
1.200000000000089884e-03 7.640920769542264290e-02
8.000000000000229150e-04 4.198084059986563477e-02
1.599999999999934808e-03 1.114750699903023778e-01
3.999999999999559464e-04 1.743584910369344251e-02
2.399999999999957723e-03 1.988691572619003811e-01
1.199999999999978861e-03 6.873141742769189877e-02
7.999999999999118927e-04 4.282299710904154816e-02
3.999999999999559464e-04 2.021786515205162976e-02
1.999999999999890754e-03 1.241724215864106751e-01
1.599999999999934808e-03 9.315625096622347223e-02
2.000000000000001776e-03 1.335322289311156874e-01
1.200000000000089884e-03 8.218017645325779996e-02
8.000000000000229150e-04 3.672039934949073575e-02
3.999999999999559464e-04 1.797043146734670152e-02
8.000000000000229150e-04 4.176866354903370493e-02
1.199999999999978861e-03 6.850061791128142508e-02
1.199999999999978861e-03 7.659179649819861102e-02
2.399999999999957723e-03 1.429282849233965147e-01
2.799999999999913669e-03 2.567494394570983274e-01
8.000000000000229150e-04 4.012091681925583631e-02
8.000000000000229150e-04 8.607171662535925694e-02
3.999999999999559464e-04 1.543945276651368659e-01
