# size duration
2.000000000000057288e-04 8.863992082786335824e-02
1.000000000000167422e-04 5.760818118487096018e-02
5.999999999999894307e-04 5.613212458355417489e+00
9.999999999998898659e-05 4.794383792872995015e-02
1.000000000000167422e-04 4.351795482421931538e-02
2.000000000000057288e-04 6.840012727891070510e-02
9.999999999998898659e-05 4.648209960214005204e-02
1.999999999999779732e-04 1.273336326649446848e-01
1.000000000000167422e-04 4.650834460503371071e-02
1.000000000000167422e-04 5.868208562200325634e-02
9.999999999998898659e-05 6.198737179885892290e-02
1.000000000000167422e-04 2.422490451595845848e-02
2.000000000000057288e-04 6.893008553950705219e-02
9.999999999998898659e-05 1.980512093145953348e-02
1.000000000000167422e-04 2.407823593499381840e-02
9.999999999998898659e-05 2.084915896839199811e-02
2.000000000000057288e-04 5.235433022198475450e-02
9.999999999998898659e-05 2.474566370754710531e-02
2.000000000000057288e-04 6.304943613350227904e-02
1.000000000000167422e-04 3.506194013674872323e-02
1.000000000000167422e-04 3.045975635439245391e-02
1.999999999999779732e-04 6.185147885405505030e-02
3.999999999999837019e-04 2.002960951223275998e-01
9.999999999998898659e-05 1.923534545761764955e-02
9.999999999998898659e-05 2.691754258348586643e-02
1.999999999999779732e-04 6.744718133180052644e-02
1.000000000000167422e-04 3.938797891203471568e-02
1.000000000000167422e-04 4.064691465899548245e-02
1.000000000000167422e-04 1.897670302478608739e-02
2.000000000000057288e-04 5.752902560581139857e-02
9.999999999998898659e-05 5.414048841956486946e-02
9.999999999998898659e-05 2.061824135301458527e-02
9.999999999998898659e-05 3.772093104726976370e-02
1.999999999999779732e-04 4.234307501122391154e-02
9.999999999998898659e-05 2.312079610255095632e-02
2.000000000000057288e-04 6.804253307368418602e-02
9.999999999998898659e-05 2.716381882182496155e-02
1.000000000000167422e-04 2.060651076169796661e-02
1.999999999999779732e-04 7.998650183380297263e-02
9.999999999998898659e-05 5.828786465446513659e-02
9.999999999998898659e-05 2.086495208684052347e-02
9.999999999998898659e-05 3.110812388934230954e-02
2.000000000000057288e-04 9.467606357026518704e-02
9.999999999998898659e-05 2.274391263398506044e-02
9.999999999998898659e-05 3.465334708893515192e-02
9.999999999998898659e-05 4.543166488634569483e-02
1.000000000000167422e-04 4.912490496345221086e-02
9.999999999998898659e-05 2.435297757331122970e-02
1.000000000000167422e-04 4.459460646929456346e-02
9.999999999998898659e-05 4.669696740866633583e-02
1.000000000000167422e-04 2.443045373179602089e-02
2.000000000000057288e-04 9.227053782807487226e-02
1.000000000000167422e-04 5.802182490422299471e-02
1.000000000000167422e-04 3.682971902673051051e-02
9.999999999998898659e-05 5.223968386059357066e-02
9.999999999998898659e-05 3.223343082668442966e-02
9.999999999998898659e-05 4.320286665563796008e-02
1.999999999999779732e-04 5.162878875417750008e-02
9.999999999998898659e-05 3.033758906680334572e-02
1.000000000000167422e-04 5.261510844098601231e-02
9.999999999998898659e-05 3.322224577139566010e-02
1.999999999999779732e-04 8.893080981463538648e-02
2.000000000000334843e-04 1.279988089094435122e-01
1.999999999999779732e-04 4.151892325711794424e-02
2.000000000000334843e-04 1.397184145231694652e-01
1.999999999999779732e-04 7.967121036707462689e-02
9.999999999998898659e-05 4.917587231371548656e-02
1.000000000000444977e-04 2.129022177252919840e-02
1.999999999999779732e-04 1.274634349006640854e-01
9.999999999998898659e-05 3.554746470198997393e-02
9.999999999998898659e-05 2.546885178075764672e-02
1.000000000000444977e-04 2.814561329543518661e-02
9.999999999998898659e-05 3.248169390789049787e-02
1.000000000000444977e-04 2.966045136910844260e-02
1.999999999999779732e-04 3.590237962067095445e-01
1.000000000000444977e-04 6.701080313288329537e-02
3.000000000000224709e-04 1.436333396716699684e-01
9.999999999998898659e-05 3.106463580847506831e-02
2.000000000000334843e-04 5.189860250890524634e-02
9.999999999998898659e-05 3.893251110227582273e-02
2.000000000000334843e-04 2.055822314563409692e-01
2.000000000000334843e-04 1.196968385208154600e-01
1.000000000000444977e-04 4.909031586994316854e-02
2.000000000000334843e-04 8.694373703485094862e-02
9.999999999998898659e-05 3.811133509835507027e-02
1.999999999999779732e-04 7.626236000279928984e-02
9.999999999998898659e-05 3.099367509122480033e-02
9.999999999998898659e-05 2.433842443017079221e-02
1.000000000000444977e-04 1.926920915964131301e-02
9.999999999998898659e-05 4.737428894963437859e-02
1.000000000000444977e-04 5.034293855964336317e-02
4.000000000000114575e-04 4.924660038946708784e-01
1.000000000000444977e-04 3.671298485850307824e-02
1.999999999999779732e-04 6.381867929011884877e-02
9.999999999998898659e-05 3.380397823890517184e-02
1.000000000000444977e-04 2.979984898349373815e-02
2.000000000000334843e-04 6.186475248284281081e-01
9.999999999998898659e-05 6.618550538670459060e-02
9.999999999998898659e-05 2.214999659616052538e-02
9.999999999998898659e-05 3.388608249844464460e-02
5.000000000000004441e-04 6.343524800950532949e+00
9.999999999998898659e-05 3.871605648475025252e-02
1.999999999999779732e-04 1.150602753998908878e-01
9.999999999998898659e-05 6.324322618618420655e-02
1.000000000000444977e-04 5.519188181357258249e-02
9.999999999998898659e-05 2.768484415979023325e-02
1.999999999999779732e-04 8.386946059251554342e-02
9.999999999998898659e-05 2.612914847055002390e-02
9.999999999998898659e-05 3.646287230183842265e-02
9.999999999998898659e-05 1.990336587362979970e-02
2.000000000000334843e-04 6.087273863943068464e-02
1.999999999999779732e-04 7.872509873346722475e-02
1.000000000000444977e-04 6.241995692468784579e-02
2.999999999999669598e-04 2.000455168733920597e-01
9.999999999998898659e-05 3.908691872378992210e-02
5.000000000000004441e-04 2.057637944525310125e+00
1.999999999999779732e-04 8.920019590226530015e-02
9.999999999998898659e-05 4.978652395854512441e-02
9.999999999998898659e-05 2.190530741373981904e-02
9.999999999998898659e-05 6.934775399505015148e-02
9.999999999998898659e-05 2.493778812245998899e-02
9.999999999998898659e-05 2.199805901537996503e-02
1.000000000000444977e-04 2.242830608749952701e-02
9.999999999998898659e-05 3.398912448749532439e-02
3.000000000000224709e-04 8.196132466723649035e-02
9.999999999998898659e-05 3.361251540278020061e-02
9.999999999998898659e-05 2.267288578437769847e-02
9.999999999998898659e-05 2.527896518511455609e-02
2.000000000000334843e-04 5.553189709328937296e-02
1.999999999999779732e-04 1.063029704671046849e-01
9.999999999998898659e-05 2.305761362230514949e-02
9.999999999998898659e-05 2.838714672873990028e-02
9.999999999998898659e-05 2.668485530668473701e-02
9.999999999998898659e-05 2.420569036008516153e-02
9.999999999998898659e-05 2.775741288218508754e-02
1.999999999999779732e-04 1.309698341621600148e-01
9.999999999998898659e-05 3.007959726351469576e-02
9.999999999998898659e-05 5.312019065587698236e-02
9.999999999998898659e-05 3.268917469753981897e-02
1.999999999999779732e-04 7.937462394165485657e-02
2.000000000000334843e-04 8.002605844366125765e-02
2.000000000000334843e-04 9.631952403518856398e-02
1.999999999999779732e-04 1.226063147016698551e-01
1.999999999999779732e-04 7.855427540360514216e-02
1.000000000000444977e-04 7.096650622512563900e-02
1.000000000000444977e-04 5.125430507022272347e-02
5.000000000000004441e-04 7.437634730545218398e-01
9.999999999998898659e-05 2.164110161007500033e-02
1.000000000000444977e-04 1.997110878696055011e-02
1.999999999999779732e-04 1.058985028124599659e-01
1.999999999999779732e-04 5.266874298393451476e-02
9.999999999998898659e-05 2.032085673995747202e-02
9.999999999998898659e-05 2.378300218029282334e-02
9.999999999998898659e-05 2.630460755233581319e-02
1.000000000000444977e-04 5.377217190240254213e-02
1.999999999999779732e-04 8.252628939638052830e-02
2.000000000000334843e-04 4.935648907266824287e-02
1.999999999999779732e-04 1.014132479892546346e-01
9.999999999998898659e-05 2.777795679005997526e-02
9.999999999998898659e-05 7.075681603572396561e-02
9.999999999998898659e-05 2.198836867185503807e-02
1.000000000000444977e-04 6.104609445228658532e-02
9.999999999998898659e-05 3.082867487363061265e-02
1.000000000000444977e-04 3.784382606795053811e-02
9.999999999998898659e-05 3.058362737624147065e-02
1.999999999999779732e-04 5.375268787589001368e-02
1.999999999999779732e-04 6.904766531718890821e-02
9.999999999998898659e-05 1.962844556699421678e-02
9.999999999998898659e-05 2.246830348908013600e-02
9.999999999998898659e-05 2.118844137211038647e-02
9.999999999998898659e-05 2.096957709709009604e-02
9.999999999998898659e-05 3.494366680060608660e-02
9.999999999998898659e-05 2.409700425753933881e-02
9.999999999998898659e-05 4.695472158424955633e-02
9.999999999998898659e-05 3.661108134814455156e-02
1.000000000000444977e-04 1.991684416674920077e-02
9.999999999998898659e-05 2.783849997272029933e-02
1.999999999999779732e-04 6.376564814075053045e-02
2.000000000000334843e-04 6.164558651768099751e-02
9.999999999998898659e-05 2.117552597774978104e-02
9.999999999998898659e-05 5.053069643365041413e-02
1.000000000000444977e-04 2.697823126315452083e-02
1.999999999999779732e-04 6.241367424374952289e-02
9.999999999998898659e-05 3.754806625419974259e-02
9.999999999998898659e-05 4.247864924844949042e-02
2.000000000000334843e-04 8.005411395029921051e-02
1.999999999999779732e-04 7.100355710609965176e-02
9.999999999998898659e-05 3.892189619630015418e-02
1.999999999999779732e-04 1.196412073582489993e-01
1.000000000000444977e-04 2.932858853786378742e-02
1.999999999999779732e-04 1.100698895523006954e-01
9.999999999998898659e-05 3.321664188819993535e-02
1.999999999999779732e-04 1.390629539578868978e-01
9.999999999998898659e-05 3.757507809969924673e-02
2.000000000000334843e-04 4.296035977504712722e-02
9.999999999998898659e-05 2.451928613300645432e-02
1.999999999999779732e-04 5.521211530035335935e-02
1.000000000000444977e-04 3.199753758073898419e-02
2.000000000000334843e-04 4.807702555876649381e-02
9.999999999998898659e-05 2.384185708304968274e-02
2.000000000000334843e-04 8.836055968371447911e-02
9.999999999998898659e-05 4.699777636380014084e-02
1.000000000000444977e-04 4.039520982686350264e-02
9.999999999998898659e-05 3.810512549914946145e-02
1.999999999999779732e-04 9.316816893364950058e-02
9.999999999998898659e-05 4.378413984860043962e-02
1.000000000000444977e-04 4.796724901345685022e-02
9.999999999998898659e-05 4.069701355634958856e-02
3.000000000000224709e-04 9.762108590471905989e-02
9.999999999998898659e-05 4.532102711880007379e-02
9.999999999998898659e-05 8.860097857365005491e-02
1.000000000000444977e-04 3.787603218702509378e-02
9.999999999998898659e-05 3.779974447110018981e-02
1.000000000000444977e-04 2.964222643227631265e-02
1.999999999999779732e-04 8.295220955659929341e-02
9.999999999998898659e-05 2.707364056885046277e-02
9.999999999998898659e-05 7.343523255030078023e-02
9.999999999998898659e-05 4.292093309925003319e-02
9.999999999998898659e-05 2.067068646322140629e-02
1.999999999999779732e-04 9.098594181214955667e-02
9.999999999998898659e-05 5.287233551030075945e-02
2.000000000000334843e-04 1.060802842042645883e-01
8.000000000000229150e-04 8.897748139321421945e+00
2.000000000000334843e-04 2.903818938190106391e-01
9.999999999998898659e-05 3.709697703122501883e-02
9.999999999998898659e-05 5.350140635124000371e-02
9.999999999998898659e-05 3.482838016482981552e-02
9.999999999998898659e-05 3.675546377874993470e-02
1.999999999999779732e-04 1.088297726584198377e-01
1.999999999999779732e-04 7.296336767192511397e-02
1.999999999999779732e-04 6.675667968816116626e-02
9.999999999998898659e-05 3.452625729262965432e-02
2.999999999999669598e-04 7.195198480424752630e-01
9.999999999998898659e-05 8.804569083089075487e-02
2.000000000000334843e-04 5.402391907521434389e-01
2.999999999999669598e-04 1.833450654271848168e-01
1.999999999999779732e-04 8.666663103502260379e-02
9.999999999998898659e-05 7.029316682621000734e-02
1.000000000000444977e-04 3.516127760067302294e-02
1.000000000000444977e-04 2.930459924981818065e-02
9.999999999998898659e-05 6.293880764716484888e-02
9.999999999998898659e-05 4.267461531113697637e-02
9.999999999998898659e-05 4.868095441509004417e-02
1.999999999999779732e-04 9.007247263765011391e-02
9.999999999998898659e-05 7.077241388074528849e-02
1.999999999999779732e-04 7.031573815933506166e-02
2.000000000000334843e-04 7.564869423165307416e-02
1.000000000000444977e-04 5.920072829650759039e-02
1.000000000000444977e-04 2.639671571768313976e-02
9.999999999998898659e-05 3.930760001397469450e-02
1.000000000000444977e-04 2.037734837392633433e-02
9.999999999998898659e-05 2.184004080649006377e-02
9.999999999998898659e-05 3.908314885609039807e-02
1.999999999999779732e-04 6.936861052611528744e-02
9.999999999998898659e-05 3.069974155550542552e-02
9.999999999998898659e-05 2.849803606342989071e-02
9.999999999998898659e-05 5.888643891446015272e-02
1.999999999999779732e-04 1.154394668987006600e-01
1.000000000000444977e-04 4.129005035588397682e-02
2.000000000000334843e-04 6.742154274512082712e-02
9.999999999998898659e-05 4.306463893453472969e-02
9.999999999998898659e-05 1.899579408760519034e-02
9.999999999998898659e-05 6.028897245407997818e-02
9.999999999998898659e-05 2.135025716265501194e-02
2.000000000000334843e-04 4.415863479177203899e-02
9.999999999998898659e-05 5.726841510309083061e-02
9.999999999998898659e-05 3.059302855467494267e-02
1.999999999999779732e-04 5.195287016783003420e-01
5.000000000000004441e-04 1.015882168226525772e+00
1.999999999999779732e-04 2.483735103266150879e-01
9.999999999998898659e-05 2.959273110507384952e-02
9.999999999998898659e-05 2.614314840372483975e-02
3.000000000000224709e-04 2.039639560058555956e-01
9.999999999998898659e-05 8.077124205170513327e-02
1.000000000000444977e-04 2.241814593760606614e-02
1.000000000000444977e-04 2.659940079754889025e-02
9.999999999998898659e-05 3.247564867907992009e-02
9.999999999998898659e-05 4.028804441292933858e-02
9.999999999998898659e-05 3.037125776115510295e-02
9.999999999998898659e-05 3.029031192329578737e-02
1.000000000000444977e-04 2.086416218168979722e-02
9.999999999998898659e-05 6.585144575435990244e-02
9.999999999998898659e-05 7.111160276673417213e-02
9.999999999998898659e-05 5.781555634136729960e-02
9.999999999998898659e-05 1.891287568470989902e-02
9.999999999998898659e-05 3.013505947283988406e-02
9.999999999998898659e-05 2.332819540348061646e-02
1.000000000000444977e-04 3.192168830430820725e-02
1.000000000000444977e-04 2.117818142355641642e-02
9.999999999998898659e-05 2.825248620506988842e-02
9.999999999998898659e-05 2.630420310090995917e-02
1.999999999999779732e-04 4.257973412611540387e-02
1.000000000000444977e-04 2.324568195723965974e-02
9.999999999998898659e-05 3.002889761238435734e-02
9.999999999998898659e-05 2.085883596535956924e-02
4.000000000000114575e-04 3.879537749056440332e-01
3.000000000000224709e-04 3.522343564584700659e-01
9.999999999998898659e-05 2.898760653994003275e-02
9.999999999998898659e-05 3.648811154287175812e-02
9.999999999998898659e-05 3.071220527765606764e-02
1.999999999999779732e-04 5.658224455517042728e-02
9.999999999998898659e-05 2.036690929243007570e-02
9.999999999998898659e-05 2.968756561979026334e-02
9.999999999998898659e-05 4.304675955900309769e-02
9.999999999998898659e-05 3.804852935764992811e-02
4.000000000000114575e-04 1.994588462269812623e-01
1.000000000000444977e-04 9.965543518628179609e-02
1.000000000000444977e-04 6.034041020886572737e-02
9.999999999998898659e-05 4.478115217230495271e-02
9.999999999998898659e-05 2.978902220948511162e-02
9.999999999998898659e-05 3.207236608471986800e-02
9.999999999998898659e-05 2.769094597527495955e-02
9.999999999998898659e-05 1.939969476135488743e-02
9.999999999998898659e-05 2.834166136079999815e-02
1.000000000000444977e-04 5.049128710043651602e-02
2.000000000000334843e-04 4.692090635487930483e-02
9.999999999998898659e-05 2.714103144554056921e-02
9.999999999998898659e-05 2.075830840009501577e-02
9.999999999998898659e-05 2.875835543746008485e-02
1.000000000000444977e-04 2.875306564246790653e-02
3.000000000000224709e-04 3.841385525678417956e-01
1.999999999999779732e-04 1.568727405934549068e-01
1.000000000000444977e-04 3.413083773057905973e-02
9.999999999998898659e-05 5.366513764075016291e-02
9.999999999998898659e-05 2.193678177022460873e-02
9.999999999998898659e-05 5.050633496460312649e-02
9.999999999998898659e-05 4.704764340406755035e-02
9.999999999998898659e-05 2.205339238772988097e-02
2.000000000000334843e-04 1.552784149774457945e-01
6.999999999999784173e-04 2.242133468313214362e+00
9.999999999998898659e-05 2.347754792284027434e-02
9.999999999998898659e-05 3.249203114772978435e-02
2.000000000000334843e-04 9.438757030039175711e-02
9.999999999998898659e-05 4.397070582634102914e-02
1.000000000000444977e-04 3.317760398609191641e-02
9.999999999998898659e-05 2.730022247318910841e-02
9.999999999998898659e-05 3.958191517566411050e-02
7.000000000000339284e-04 2.989994583114747861e+00
1.000000000000444977e-04 2.239689813499604401e-02
1.000000000000444977e-04 5.747652824924600473e-02
1.000000000000444977e-04 3.305529557514398642e-02
1.999999999999779732e-04 1.027135344908203102e-01
9.999999999998898659e-05 5.170246691270834888e-02
2.000000000000334843e-04 6.777248113987874301e-02
1.999999999999779732e-04 1.118174406591315867e-01
1.000000000000444977e-04 3.223310611553967947e-02
4.000000000000114575e-04 2.531241270869320492e-01
9.999999999998898659e-05 7.203882616509497960e-02
1.999999999999779732e-04 1.321713581482948929e-01
4.000000000000114575e-04 4.459095607942742956e-01
9.999999999998898659e-05 2.266663085328496363e-02
2.000000000000334843e-04 9.673532062510362128e-02
1.999999999999779732e-04 6.367781152891011098e-02
9.999999999998898659e-05 5.168677647517228024e-02
1.999999999999779732e-04 1.186647990208601483e-01
9.999999999998898659e-05 4.391776313872385734e-02
1.000000000000444977e-04 4.448194376786537840e-02
2.000000000000334843e-04 7.397707950013376887e-02
2.000000000000334843e-04 7.463631182465653435e-02
9.999999999998898659e-05 2.842164676313000890e-02
1.999999999999779732e-04 1.111160747210536426e-01
9.999999999998898659e-05 5.630013887830080666e-02
9.999999999998898659e-05 1.943981981432029577e-02
9.999999999998898659e-05 3.191555366265505511e-02
2.000000000000334843e-04 1.268759638978424475e-01
9.999999999998898659e-05 3.353243885327496232e-02
1.999999999999779732e-04 8.742510583948552572e-02
9.999999999998898659e-05 3.023960097786488124e-02
1.999999999999779732e-04 1.897153437561548417e-01
6.999999999999784173e-04 7.212473923743184523e-01
9.999999999998898659e-05 4.020798359465491828e-02
1.000000000000444977e-04 2.535404902194405077e-02
9.000000000000119016e-04 1.720434593347020646e+00
9.999999999998898659e-05 4.076252363676404616e-02
2.000000000000334843e-04 6.460806354962381204e-02
1.000000000000444977e-04 2.441581713020145317e-02
3.000000000000224709e-04 9.427291661846118331e-02
9.999999999998898659e-05 3.417968574158449652e-02
4.000000000000114575e-04 4.757068119516565385e-01
9.999999999998898659e-05 2.143303588267602214e-02
9.999999999998898659e-05 2.661304077219879549e-02
1.000000000000444977e-04 2.295299058873186485e-02
9.999999999998898659e-05 2.517019330005450944e-02
9.999999999998898659e-05 3.377961760333706570e-02
9.999999999998898659e-05 2.407434714294548472e-02
1.999999999999779732e-04 6.915002252609904476e-02
9.999999999998898659e-05 2.097976298778499865e-02
9.999999999998898659e-05 2.965204684787496256e-02
9.999999999998898659e-05 2.734966191522006720e-02
9.999999999998898659e-05 2.538099313654031478e-02
1.000000000000444977e-04 2.734629791529439788e-02
9.999999999998898659e-05 3.274229180343503354e-02
1.000000000000444977e-04 1.970355772267325112e-02
9.999999999998898659e-05 2.372984596742492430e-02
9.999999999998898659e-05 4.341849067965881243e-02
9.999999999998898659e-05 3.037208338811971803e-02
9.999999999998898659e-05 2.824339253970008928e-02
9.999999999998898659e-05 3.043496728650526423e-02
9.999999999998898659e-05 3.261400577542012541e-02
9.999999999998898659e-05 2.148673080318494466e-02
9.999999999998898659e-05 1.941176634322041433e-02
9.999999999998898659e-05 3.322894117693465238e-02
1.000000000001000089e-04 1.977925989443042251e-02
9.999999999998898659e-05 2.644701432390028986e-02
9.999999999998898659e-05 3.687620869437008286e-02
9.999999999998898659e-05 2.392356391256499071e-02
9.999999999998898659e-05 2.051337051629481198e-02
9.999999999998898659e-05 3.346323627554515651e-02
1.999999999999779732e-04 5.756272843847457660e-02
9.999999999998898659e-05 4.185235842937048284e-02
9.999999999998898659e-05 3.069134732912524172e-02
9.999999999998898659e-05 2.419019630285572028e-02
9.999999999998898659e-05 2.789435783658466075e-02
9.999999999998898659e-05 2.015285816186002110e-02
1.999999999999779732e-04 6.120827187833036143e-02
9.999999999998898659e-05 2.670965183924051134e-02
9.999999999998898659e-05 2.669885902933525831e-02
9.999999999998898659e-05 2.434050081602495350e-02
9.999999999998898659e-05 2.656164568793973127e-02
9.999999999998898659e-05 2.445750662458980387e-02
1.000000000001000089e-04 2.863453914107984624e-02
1.000000000001000089e-04 1.939491680940748364e-02
9.999999999998898659e-05 2.591628689774012201e-02
9.999999999998898659e-05 1.887754311575419106e-02
9.999999999998898659e-05 2.200637771294981088e-02
9.999999999998898659e-05 3.402759961100007557e-02
9.999999999998898659e-05 2.736820484800035411e-02
1.000000000001000089e-04 2.403536129100760158e-02
9.999999999998898659e-05 1.953813053684937823e-02
9.999999999998898659e-05 2.238327234045035807e-02
9.999999999998898659e-05 3.403975235899986407e-02
7.000000000000339284e-04 7.876275011115994928e+00
1.999999999999779732e-04 9.066649424561493142e-02
9.999999999998898659e-05 3.249879288184971682e-02
9.999999999998898659e-05 2.053842031931991594e-02
9.999999999998898659e-05 2.105301139116986728e-02
9.999999999998898659e-05 5.839529196169471886e-02
1.999999999999779732e-04 5.557444564345975779e-02
9.999999999998898659e-05 4.632690515477551341e-02
9.999999999998898659e-05 2.021864753989498220e-02
1.000000000001000089e-04 2.858784403184530185e-02
1.999999999999779732e-04 4.884404241558994164e-02
9.999999999998898659e-05 2.670718280006473613e-02
9.999999999998898659e-05 2.450391635594008355e-02
9.999999999998898659e-05 1.941236042039968038e-02
9.999999999998898659e-05 2.033505571152012525e-02
9.999999999998898659e-05 2.900860597608997254e-02
9.999999999998898659e-05 3.148275663120492923e-02
1.000000000001000089e-04 4.181726088521607598e-02
1.999999999999779732e-04 5.563055208329539814e-02
1.999999999999779732e-04 4.674428197429036924e-02
1.999999999999779732e-04 4.388450187247061596e-02
9.999999999998898659e-05 1.992088802652468640e-02
9.999999999998898659e-05 2.329685849153973268e-02
9.999999999998898659e-05 4.447521845072024971e-02
9.999999999998898659e-05 3.350574637632375286e-02
2.000000000000889955e-04 8.054933141332271118e-02
9.999999999998898659e-05 2.499493885119534117e-02
1.999999999999779732e-04 9.507762212652058620e-02
9.999999999998898659e-05 3.220026081403493806e-02
9.999999999998898659e-05 2.265790322520520525e-02
3.000000000000779821e-04 7.763144849056927144e-02
1.999999999999779732e-04 6.305984370745533474e-02
9.999999999998898659e-05 2.512025560605048516e-02
9.999999999998898659e-05 2.021061548690991291e-02
1.999999999999779732e-04 7.836650032014959300e-02
9.999999999998898659e-05 3.449879883152518617e-02
1.999999999999779732e-04 7.225689535169517452e-02
9.999999999998898659e-05 2.004320517876983371e-02
1.999999999999779732e-04 1.106191898125604006e-01
1.000000000001000089e-04 2.116079946405376860e-02
9.999999999998898659e-05 3.977122446577557868e-02
9.999999999998898659e-05 3.745033013903036057e-02
1.999999999999779732e-04 5.916452775908986883e-02
2.000000000000889955e-04 1.066531698180787774e-01
1.999999999999779732e-04 1.067929125642453625e-01
9.999999999998898659e-05 2.093891625742968707e-02
3.000000000000779821e-04 1.640844030624023786e-01
9.999999999998898659e-05 2.870115082721069744e-02
1.999999999999779732e-04 2.011853708136554231e-01
9.999999999998898659e-05 2.253198276013469725e-02
9.999999999998898659e-05 6.208624927764583995e-02
4.000000000000669687e-04 1.355351131727652869e-01
9.999999999998898659e-05 2.141060479374992317e-02
1.000000000001000089e-04 5.080818259072245047e-02
9.999999999998898659e-05 2.211560573030412619e-02
1.999999999999779732e-04 7.784919383626927314e-02
5.000000000000559552e-04 2.092425885934067753e-01
5.000000000000559552e-04 1.820132378150966623e+00
3.999999999999559464e-04 4.773654707476706061e-01
2.000000000000889955e-04 7.093297502249298891e-02
8.000000000000229150e-04 5.402623616414898855e+00
9.999999999998898659e-05 5.828954396852249753e-02
2.000000000000889955e-04 6.253089239160737611e-02
9.999999999998898659e-05 3.378868132879698366e-02
9.999999999998898659e-05 2.625388881413502629e-02
9.999999999998898659e-05 3.275884451612649795e-02
9.999999999998898659e-05 2.706762584134505406e-02
1.999999999999779732e-04 7.567457739639497916e-02
3.000000000000779821e-04 5.978261360125597390e-01
1.999999999999779732e-04 6.193626441973851954e-02
1.999999999999779732e-04 7.777039324291543099e-02
2.999999999999669598e-04 1.312771073175354464e-01
1.000000000001000089e-04 3.318551718028155822e-02
9.999999999998898659e-05 2.954456569846954442e-02
1.999999999999779732e-04 9.443842245548500491e-02
1.999999999999779732e-04 5.935532325720997704e-02
9.999999999998898659e-05 4.247073137537495796e-02
9.999999999998898659e-05 2.210347316348499833e-02
9.999999999998898659e-05 6.090032078386996284e-02
9.999999999998898659e-05 2.086485416866496259e-02
9.999999999998898659e-05 2.177376709226497287e-02
9.999999999998898659e-05 4.640104488819205009e-02
9.999999999998898659e-05 3.904978049610005608e-02
1.999999999999779732e-04 4.946928666415006948e-02
9.999999999998898659e-05 3.510497414991000514e-02
9.999999999998898659e-05 4.059989695706998220e-02
9.999999999998898659e-05 8.343306316774005971e-02
2.000000000000889955e-04 4.842270519615243102e-02
9.999999999998898659e-05 4.918357589735991575e-02
9.999999999998898659e-05 3.823592148994500034e-02
1.999999999999779732e-04 1.094345520244099507e-01
9.999999999998898659e-05 3.040251145410504188e-02
9.999999999998898659e-05 3.927169857757129706e-02
9.999999999998898659e-05 2.064017485389495199e-02
1.000000000001000089e-04 3.857478760590094674e-02
9.999999999998898659e-05 3.653801867960007610e-02
9.999999999998898659e-05 2.541953004197487070e-02
1.999999999999779732e-04 4.872973295612491318e-02
9.999999999998898659e-05 3.181592020055026837e-02
9.999999999998898659e-05 2.270654213440507357e-02
2.000000000000889955e-04 5.767711369538474492e-02
1.999999999999779732e-04 1.026473177763600475e-01
9.999999999998898659e-05 5.972654866099489507e-02
9.999999999998898659e-05 3.869361501227005368e-02
9.999999999998898659e-05 2.885243166369519385e-02
1.999999999999779732e-04 6.324827007461494843e-02
1.999999999999779732e-04 1.101423645067700491e-01
1.999999999999779732e-04 9.578628121076290802e-02
2.000000000000889955e-04 1.029521432173878814e-01
1.999999999999779732e-04 5.937939817527477376e-02
9.999999999998898659e-05 4.704524446672504051e-02
2.000000000000889955e-04 5.053513395261915314e-02
9.999999999998898659e-05 2.269862950596984730e-02
1.000000000001000089e-04 3.151060482080670494e-02
9.999999999998898659e-05 2.121781819542032169e-02
9.999999999998898659e-05 2.073541988983041914e-02
9.999999999998898659e-05 2.546502516546981024e-02
9.999999999998898659e-05 3.267834052861402772e-02
9.999999999998898659e-05 1.955779404561147281e-02
1.999999999999779732e-04 5.406305025128990693e-02
9.999999999998898659e-05 2.240302390243495076e-02
1.999999999999779732e-04 6.605453505766054056e-02
1.999999999999779732e-04 5.850702928969522820e-02
1.999999999999779732e-04 8.141457776686487902e-02
9.999999999998898659e-05 5.017495075601466348e-02
9.999999999998898659e-05 3.511275142142999267e-02
9.999999999998898659e-05 2.426399931923466438e-02
9.999999999998898659e-05 2.936547374709520472e-02
1.999999999999779732e-04 1.123864619948100885e-01
1.000000000001000089e-04 3.900356326343033808e-02
9.999999999998898659e-05 3.629643329567007470e-02
9.999999999998898659e-05 5.422745180315017427e-02
1.999999999999779732e-04 7.604302236484508648e-02
9.999999999998898659e-05 2.041892872623096017e-02
9.999999999998898659e-05 3.477797344408553593e-02
2.000000000000889955e-04 9.440976537960459047e-02
1.999999999999779732e-04 1.013121363342300574e-01
9.999999999998898659e-05 3.549489753247007939e-02
2.000000000000889955e-04 6.619690628155180945e-02
1.999999999999779732e-04 5.962219837700975800e-02
9.999999999998898659e-05 4.311703947463027542e-02
1.000000000001000089e-04 5.122256563989387862e-02
9.999999999998898659e-05 3.639081093562016728e-02
9.999999999998898659e-05 3.107527839419475454e-02
1.000000000001000089e-04 3.428618613237931906e-02
1.999999999999779732e-04 7.994568031729934465e-02
3.000000000000779821e-04 8.322470037512724739e-02
1.999999999999779732e-04 7.309443581391528166e-02
1.999999999999779732e-04 6.527017041221706839e-02
9.999999999998898659e-05 1.896115375644013071e-02
9.999999999998898659e-05 4.477032555723069879e-02
9.999999999998898659e-05 4.052161569609515068e-02
9.999999999998898659e-05 4.878810952603498258e-02
1.000000000001000089e-04 2.855694102717916405e-02
9.999999999998898659e-05 3.334507864542971683e-02
9.999999999998898659e-05 2.975568599952930354e-02
1.000000000001000089e-04 4.249431649449718351e-02
9.999999999998898659e-05 3.816133335180509761e-02
9.999999999998898659e-05 2.020429991471024006e-02
1.999999999999779732e-04 6.873780453670522150e-02
9.999999999998898659e-05 3.874217315221986646e-02
9.999999999998898659e-05 2.344598391642972388e-02
9.999999999998898659e-05 3.588876695395561145e-02
9.999999999998898659e-05 3.648136347696816217e-02
1.999999999999779732e-04 6.037008001749844671e-02
1.999999999999779732e-04 5.224930225134528233e-02
9.999999999998898659e-05 3.689953514827532671e-02
9.999999999998898659e-05 2.984715508613479396e-02
9.999999999998898659e-05 5.867840203684399764e-02
2.999999999999669598e-04 2.039813522180957961e-01
9.999999999998898659e-05 6.032450169001449258e-02
1.000000000001000089e-04 2.885227034558604520e-02
9.999999999998898659e-05 1.009343099823146739e-01
9.999999999998898659e-05 3.352429676205496284e-02
1.999999999999779732e-04 5.282200134623999538e-02
1.000000000000000888e-03 7.458042429466607004e+00
6.000000000000449418e-04 4.060292783409283901e-01
9.999999999998898659e-05 3.625859005793050788e-02
1.999999999999779732e-04 6.837238974114254186e-02
9.999999999998898659e-05 2.819384214954551160e-02
1.999999999999779732e-04 7.345520124237991944e-02
9.999999999998898659e-05 3.582422115120494771e-02
9.999999999998898659e-05 3.764009213161002149e-02
1.999999999999779732e-04 9.224315278174001487e-02
9.999999999998898659e-05 2.978599012499998436e-02
1.999999999999779732e-04 5.360888818887497853e-02
9.999999999998898659e-05 4.016847637479999122e-02
9.999999999998898659e-05 1.946737085040007795e-02
9.999999999998898659e-05 2.419333749680997389e-02
9.999999999998898659e-05 2.716847719306016151e-02
2.000000000000889955e-04 6.391539013819715065e-02
9.999999999998898659e-05 3.592625457899489144e-02
9.999999999998898659e-05 2.013252652567004003e-02
1.999999999999779732e-04 5.174709386076040835e-02
9.999999999998898659e-05 2.363535058954470414e-02
9.999999999998898659e-05 2.124822702145995681e-02
2.000000000000889955e-04 5.882990916961214345e-02
9.999999999998898659e-05 2.449013315749492409e-02
1.999999999999779732e-04 4.727272150776504894e-02
9.999999999998898659e-05 4.268892072789515907e-02
9.999999999998898659e-05 2.716150774891985809e-02
9.999999999998898659e-05 2.304133147500507170e-02
9.999999999998898659e-05 2.175437264462012910e-02
9.999999999998898659e-05 2.001440364565840180e-02
9.999999999998898659e-05 3.374721977617001906e-02
9.999999999998898659e-05 2.949984132662505226e-02
9.999999999998898659e-05 5.729572558645473768e-02
1.999999999999779732e-04 6.422559946056992375e-02
9.999999999998898659e-05 3.048978028071024429e-02
1.000000000001000089e-04 4.314336856058311603e-02
1.999999999999779732e-04 3.988361897590982086e-02
9.999999999998898659e-05 2.200110326212501369e-02
9.999999999998898659e-05 4.970974205196505846e-02
9.999999999998898659e-05 2.792599136004011301e-02
1.000000000001000089e-04 3.010807166671830223e-02
9.999999999998898659e-05 3.458611416722506826e-02
2.000000000000889955e-04 5.977759161142427724e-02
1.999999999999779732e-04 6.793104204934513612e-02
9.999999999998898659e-05 1.980620409456460354e-02
9.999999999998898659e-05 2.353318668269489475e-02
9.999999999998898659e-05 2.842845094318996110e-02
9.999999999998898659e-05 2.252771034313961682e-02
9.999999999998898659e-05 6.451113799400026716e-02
9.999999999998898659e-05 3.551164014040996547e-02
1.999999999999779732e-04 4.582317878770159059e-02
9.999999999998898659e-05 3.335308769764520898e-02
9.999999999998898659e-05 2.514109016971502117e-02
1.999999999999779732e-04 7.771597522772007161e-02
9.999999999998898659e-05 2.616011687850517201e-02
5.999999999999339195e-04 4.937072136354357710e+00
9.999999999998898659e-05 2.111492148473002525e-02
1.999999999999779732e-04 5.331670774248527256e-02
9.999999999998898659e-05 5.909519390223499230e-02
9.999999999998898659e-05 7.381649601161004159e-02
1.999999999999779732e-04 5.460692109952504369e-02
9.999999999998898659e-05 6.818635091582003760e-02
1.999999999999779732e-04 1.071516293913499229e-01
9.999999999998898659e-05 2.939267174032996963e-02
9.999999999998898659e-05 2.805575651150502697e-02
9.999999999998898659e-05 4.329023613770500989e-02
1.999999999999779732e-04 3.883992273395769912e-02
9.999999999998898659e-05 7.087929381352334191e-02
9.999999999998898659e-05 4.140834406648499083e-02
9.999999999998898659e-05 3.050670390937003026e-02
9.999999999998898659e-05 4.564015122907010003e-02
1.999999999999779732e-04 5.533512564113034216e-02
9.999999999998898659e-05 1.903135554113986883e-02
1.000000000001000089e-04 2.481529544019384775e-02
1.999999999999779732e-04 6.177791700119517060e-02
9.999999999998898659e-05 2.915422307496998502e-02
9.999999999998898659e-05 4.252327620208020548e-02
2.000000000000889955e-04 8.829023523985481126e-02
2.000000000000889955e-04 9.542898405679650642e-02
9.999999999998898659e-05 2.653989206897493930e-02
9.999999999998898659e-05 2.112496207380413007e-02
9.999999999998898659e-05 2.024803277378991670e-02
9.999999999998898659e-05 5.844266422608500322e-02
9.999999999998898659e-05 2.791861383223023796e-02
1.999999999999779732e-04 6.223700022541966970e-02
9.999999999998898659e-05 6.377668870957010905e-02
2.000000000000889955e-04 7.918464173586325927e-02
1.999999999999779732e-04 5.023006976938006185e-02
9.999999999998898659e-05 5.157575742593521750e-02
9.999999999998898659e-05 8.903958872051737083e-02
9.999999999998898659e-05 5.286970380677011999e-02
9.999999999998898659e-05 3.280807907632517922e-02
1.999999999999779732e-04 8.209583594490510450e-02
1.999999999999779732e-04 4.763193752416030463e-02
2.000000000000889955e-04 1.271781233123714938e-01
9.999999999998898659e-05 8.603076355494047867e-02
2.000000000000889955e-04 9.601028741173017744e-02
1.999999999999779732e-04 5.922713510012038440e-02
9.999999999998898659e-05 5.948583112295418446e-02
1.999999999999779732e-04 7.155302138321981142e-02
9.999999999998898659e-05 2.027729561626469626e-02
9.999999999998898659e-05 8.174571744860996414e-02
1.000000000001000089e-04 3.798281838362033147e-02
1.999999999999779732e-04 9.686708350216965968e-02
1.000000000001000089e-04 7.582575714155698199e-02
9.999999999998898659e-05 3.497473234972982292e-02
9.999999999998898659e-05 2.167360363856003086e-02
9.999999999998898659e-05 3.859870521108034469e-02
9.999999999998898659e-05 2.587927329383971076e-02
9.999999999998898659e-05 5.285123002100008266e-02
1.000000000001000089e-04 8.059505215375377396e-02
9.999999999998898659e-05 7.131583374550515275e-02
9.999999999998898659e-05 2.437965031342996525e-02
9.999999999998898659e-05 4.910015999909997375e-02
1.999999999999779732e-04 9.980312253598486172e-02
2.000000000000889955e-04 2.146704363967183449e-01
1.999999999999779732e-04 1.523378271050103150e-01
9.999999999998898659e-05 8.148034184099499366e-02
