# size duration
1.185000000000000497e+00 8.605193381151369891e+00
1.289999999999999147e+00 2.587758212003529401e+00
3.059999999999998721e+00 4.312149372556614679e+00
1.199999999999995737e+00 1.237165670596651612e+00
7.949999999999945999e-01 9.297636916993305967e-01
4.650000000000034106e-01 4.146804244255346550e-01
2.414999999999999147e+00 2.496389102762783807e+00
2.294999999999994600e+00 4.273779809510137362e+00
9.300000000000068212e-01 1.147319822578235060e+00
1.274999999999991473e+00 1.587688339258519266e+00
3.450000000000002842e+00 4.412429617340045240e+00
2.699999999999960210e-01 2.140745977647133258e-01
1.215000000000003411e+00 1.682420668614937886e+00
5.250000000000056843e-01 4.508678442587170654e-01
1.004999999999995453e+00 1.365788695279540832e+00
