# size duration
3.000000000000002665e-02 6.694176810012978165e-03
8.999999999999985789e-02 1.998645031280940274e-02
1.724999999999999645e+00 1.518456022151096763e+00
1.500000000000003553e-01 4.556472338640766423e-02
2.400000000000002132e-01 8.958158805793248192e-02
1.349999999999980105e-01 3.682330226621610691e-02
1.199999999999974420e-01 2.919828279205589211e-02
3.000000000000113687e-02 6.580444771106749163e-03
9.900000000000019895e-01 6.214472827130856913e-01
1.349999999999980105e-01 4.290867561369079985e-02
3.599999999999994316e-01 1.135637564123545828e-01
2.699999999999995737e-01 7.580615608770362168e-02
3.449999999999988631e-01 1.208822157878567671e-01
4.200000000000017053e-01 2.369566546273112473e-01
1.950000000000002842e-01 7.535821961906899458e-02
1.200000000000009948e-01 3.030220391565638730e-02
6.149999999999984368e-01 3.184758849810688797e-01
1.200000000000009948e-01 2.962795100959914052e-02
2.550000000000025580e-01 1.150758991621485122e-01
1.650000000000027001e-01 6.072574354876648928e-02
5.099999999999980105e-01 2.941254884971779004e-01
1.350000000000015632e-01 3.489975397479072594e-02
2.250000000000014211e-01 1.094332176302515031e-01
1.350000000000015632e-01 5.597942746769084960e-02
2.250000000000014211e-01 8.200760273677216994e-02
1.350000000000051159e-01 4.184438380680179786e-02
2.550000000000025580e-01 8.349630929885988595e-02
2.100000000000008527e-01 6.422560541749600116e-02
2.400000000000019895e-01 8.762468432530183537e-02
2.700000000000031264e-01 1.294069552853904237e-01
2.250000000000014211e-01 1.015042945788868917e-01
1.350000000000051159e-01 4.251748851874670443e-02
2.549999999999954525e-01 8.161006165937410850e-02
2.550000000000025580e-01 1.112295498627481893e-01
2.700000000000031264e-01 7.124760823244877250e-02
1.499999999999985789e-01 4.425262119372930930e-02
1.049999999999968736e-01 3.030160229280134607e-02
7.499999999999573674e-02 1.905191848934922882e-02
1.500000000000056843e-02 3.275122338539215427e-03
2.699999999999960210e-01 1.108458995623539389e-01
1.799999999999997158e-01 5.386513025206027261e-02
9.000000000000341061e-02 2.265802434839074564e-02
1.349999999999980105e-01 4.482603639401507717e-02
1.199999999999974420e-01 3.296685615119604451e-02
1.200000000000045475e-01 3.411567938927420607e-02
1.499999999999985789e-01 5.144264409023428797e-02
1.649999999999991473e-01 4.612477378723683213e-02
1.499999999999985789e-01 3.872855283336351651e-02
1.799999999999997158e-01 8.064890948667752246e-02
2.250000000000014211e-01 1.105789351120299580e-01
1.499999999999985789e-01 4.986379750089318941e-02
3.599999999999994316e-01 2.026050100063856996e-01
2.249999999999943157e-01 7.861882495158586948e-02
7.499999999999573674e-02 1.809343570066142617e-02
5.399999999999991473e-01 1.496990920150428339e-01
1.499999999999985789e-01 4.393976104743866490e-02
4.349999999999951683e-01 2.114293884724081085e-01
2.100000000000008527e-01 1.181467928355831448e-01
1.499999999999985789e-01 4.081933993164164193e-02
1.499999999999985789e-01 4.444295666490589297e-02
1.349999999999980105e-01 3.930841700209020129e-02
6.000000000000227374e-02 1.371272075352531275e-02
6.000000000000227374e-02 1.334841963027295214e-02
1.049999999999968736e-01 2.966147805104355981e-02
1.649999999999991473e-01 5.328751581331708093e-02
3.599999999999994316e-01 1.117513758638268850e-01
1.649999999999991473e-01 6.081559316119467679e-02
1.500000000000056843e-02 3.262602644570743865e-03
4.349999999999880629e-01 2.377557520162424387e-01
1.649999999999920419e-01 3.815597718393026055e-02
2.399999999999948841e-01 1.192873626462518377e-01
1.200000000000045475e-01 3.121413438066310275e-02
4.500000000000028422e-01 1.921380669386489048e-01
1.500000000000056843e-02 3.253687137215218687e-03
1.200000000000045475e-01 3.230767623423980855e-02
2.099999999999937472e-01 7.089026982728995063e-02
5.850000000000079581e-01 2.695788915539801267e-01
6.000000000000227374e-02 1.474044985937303376e-02
2.400000000000090949e-01 1.112118865985618210e-01
7.500000000000284217e-02 1.839923009567128592e-02
9.000000000000341061e-02 2.255868972237074638e-02
1.199999999999903366e-01 3.389507005640308990e-02
2.699999999999960210e-01 9.461076315401453773e-02
1.950000000000073896e-01 6.846937747391454443e-02
1.800000000000068212e-01 5.869109018107339371e-02
2.250000000000085265e-01 1.132330615453218670e-01
6.000000000000227374e-02 1.487951022758238206e-02
5.399999999999920419e-01 2.912895039242801021e-01
4.500000000000170530e-02 1.052957791567533247e-02
3.900000000000005684e-01 2.043936779039149942e-01
5.399999999999920419e-01 1.864497395839684601e-01
4.649999999999891998e-01 1.931090241698504573e-01
2.700000000000102318e-01 8.326380620240694808e-02
3.900000000000005684e-01 1.435044941499339088e-01
3.750000000000000000e-01 2.100707655210835023e-01
3.900000000000005684e-01 1.865061821899990369e-01
3.449999999999988631e-01 2.080913401402674501e-01
2.999999999999971578e-01 1.797180389402468215e-01
4.500000000000170530e-02 1.022950767404526978e-02
7.500000000000284217e-02 1.821432418517976784e-02
6.000000000000227374e-02 1.571131421651275964e-02
1.350000000000051159e-01 3.526045798370502915e-02
1.649999999999920419e-01 5.983229751808998020e-02
1.500000000000056843e-01 4.562661977049105311e-02
2.999999999999971578e-01 1.558050963677214407e-01
9.000000000000341061e-02 2.441559800852133311e-02
2.249999999999943157e-01 9.087616907209918049e-02
3.449999999999988631e-01 1.107216406645028933e-01
1.200000000000045475e-01 2.857427839287035587e-02
2.250000000000085265e-01 7.485236552507094909e-02
6.000000000000227374e-02 1.342223610863507201e-02
1.800000000000068212e-01 4.919555157949569851e-02
6.000000000000227374e-02 1.412809999730914312e-02
1.800000000000068212e-01 5.572020871630766620e-02
1.200000000000045475e-01 3.306283334852207906e-02
2.100000000000079581e-01 6.726198591458511233e-02
2.099999999999937472e-01 7.210920548476955350e-02
1.799999999999926104e-01 5.412546324992097840e-02
1.200000000000045475e-01 2.922656362879455169e-02
3.750000000000000000e-01 1.221474697879324361e-01
1.799999999999926104e-01 6.022192603001893380e-02
1.500000000000056843e-02 3.244627317542291001e-03
9.000000000000341061e-02 2.182893899592255882e-02
1.499999999999914735e-01 4.800849240868528683e-02
1.500000000000056843e-02 3.286029565149970431e-03
4.050000000000011369e-01 1.831159164258002459e-01
2.550000000000096634e-01 9.447302180538424965e-02
3.299999999999982947e-01 1.615751889237707628e-01
2.099999999999937472e-01 8.861815901210400026e-02
3.150000000000119371e-01 1.133516681297085105e-01
6.000000000000227374e-02 1.463721896745367838e-02
2.850000000000108002e-01 1.347037619584367796e-01
1.050000000000039790e-01 2.394303648309323643e-02
1.950000000000073896e-01 5.855663077141239070e-02
1.200000000000045475e-01 3.676732794557712597e-02
1.500000000000056843e-02 3.276285955469812952e-03
1.350000000000051159e-01 4.100248675482495719e-02
9.000000000000341061e-02 2.369270822266959786e-02
1.649999999999920419e-01 7.132448106665625898e-02
1.800000000000068212e-01 4.888840484362873967e-02
2.549999999999954525e-01 1.384869791608738243e-01
1.199999999999903366e-01 3.483210844538919826e-02
9.000000000000341061e-02 2.190481069753855495e-02
