# size duration
2.399999999999985478e-03 9.842829808925168678e-02
2.399999999999985478e-03 1.096363580033013485e-01
2.799999999999996936e-03 9.220973461890240308e-02
3.599999999999992095e-03 2.118040433848485393e-01
7.200000000000011946e-03 3.372977813225532251e-01
7.999999999999951594e-04 2.155379513640495737e-02
5.200000000000010170e-03 2.537088191688360861e-01
1.000000000000000888e-02 4.617736591763462739e-01
7.600000000000023404e-03 3.419373152838601215e-01
3.199999999999980638e-03 1.405572839491330550e-01
7.199999999999984190e-03 3.409200163099361247e-01
1.599999999999990319e-03 8.474914149462849100e-02
6.399999999999961275e-03 2.701546495217081456e-01
1.199999999999978861e-03 4.370430749094632999e-02
2.800000000000024691e-03 1.262550414805511112e-01
2.000000000000001776e-03 9.111348630422530515e-02
3.599999999999992095e-03 2.251688127040844256e-01
3.199999999999980638e-03 1.807345995596638943e-01
1.200000000000034373e-03 3.924039415875052450e-02
4.400000000000015010e-03 2.287997469126090699e-01
3.599999999999992095e-03 2.353893979234452094e-01
8.000000000000229150e-04 2.212091952154068841e-02
8.000000000000229150e-04 2.298248131288121304e-02
3.200000000000036149e-03 2.091867427123444978e-01
2.000000000000001776e-03 8.824165561326066665e-02
2.400000000000013234e-03 1.154338539944942260e-01
4.000000000000114575e-04 1.396507519726004898e-02
4.000000000000114575e-04 1.428030003603494164e-02
6.399999999999961275e-03 2.692889352741781872e-01
1.599999999999990319e-03 5.056960708048018754e-02
1.599999999999990319e-03 6.508151225199629297e-02
2.000000000000001776e-03 6.811385935905543698e-02
2.800000000000024691e-03 1.705263496493356068e-01
2.800000000000024691e-03 1.307160476425545115e-01
1.199999999999978861e-03 3.843554397494325370e-02
1.199999999999978861e-03 4.867617393714143009e-02
2.000000000000001776e-03 9.495457610164473317e-02
2.000000000000001776e-03 1.008600116397258412e-01
1.199999999999978861e-03 4.766515721147601692e-02
2.799999999999969180e-03 1.088931432828084411e-01
3.200000000000036149e-03 1.735285387122196266e-01
2.000000000000001776e-03 8.743337095311551344e-02
1.600000000000045830e-03 6.058644761308358551e-02
8.000000000000229150e-04 2.585271585774596634e-02
5.200000000000093436e-03 2.278784840627894326e-01
3.199999999999980638e-03 1.323016006345589801e-01
1.600000000000045830e-03 6.976240019616791743e-02
2.000000000000001776e-03 8.290481648059014330e-02
2.399999999999957723e-03 1.063794497180161752e-01
1.600000000000045830e-03 6.077770352018446731e-02
1.600000000000045830e-03 7.121030061528800525e-02
8.000000000000229150e-04 2.447817382802558103e-02
1.600000000000045830e-03 5.941769985477251409e-02
8.000000000000229150e-04 2.358217273789606563e-02
2.800000000000024691e-03 1.330816141014831977e-01
3.199999999999980638e-03 1.021134946049516157e-01
1.599999999999934808e-03 6.158758901312322981e-02
3.999999999999559464e-04 1.298527904949990305e-02
4.000000000000003553e-03 2.910634284692161233e-01
3.199999999999980638e-03 1.725167258909355572e-01
2.399999999999957723e-03 1.709327284632625177e-01
3.999999999999559464e-04 1.340887563195244762e-02
1.599999999999934808e-03 6.751393347994835703e-02
1.199999999999978861e-03 3.788330406572888720e-02
1.199999999999978861e-03 3.746648004912103702e-02
4.000000000000669687e-04 1.066243704743607273e-02
1.199999999999978861e-03 5.128210176096101303e-02
4.000000000000669687e-04 1.371779283094777015e-02
3.999999999999559464e-04 1.243169039323992718e-02
3.199999999999980638e-03 1.733500003684821933e-01
8.000000000000229150e-04 2.882187961704786583e-02
2.000000000000001776e-03 7.229215630299719308e-02
2.800000000000024691e-03 1.003791237083536264e-01
1.600000000000045830e-03 6.393033573750273035e-02
3.600000000000047606e-03 2.215101397951440843e-01
8.000000000000229150e-04 2.704898274582406489e-02
