# rg size
1.340366649177174629e+01 6.540000000000000000e+02
1.347696465866138382e+01 6.550000000000000000e+02
1.343060817798209072e+01 6.540000000000000000e+02
1.350490689827997848e+01 6.550000000000000000e+02
1.347231166019531834e+01 6.540000000000000000e+02
1.353887540726946170e+01 6.550000000000000000e+02
1.349573344735430069e+01 6.540000000000000000e+02
1.356402736354461958e+01 6.550000000000000000e+02
1.352858304538348655e+01 6.540000000000000000e+02
1.359505912075536749e+01 6.550000000000000000e+02
1.356896036804991823e+01 6.530000000000000000e+02
1.362690992052331396e+01 6.550000000000000000e+02
1.366320459790427400e+01 6.520000000000000000e+02
1.359354235111295495e+01 6.540000000000000000e+02
1.370594761734177425e+01 6.540000000000000000e+02
1.363691742887365699e+01 6.530000000000000000e+02
1.374586516121206259e+01 6.490000000000000000e+02
1.367854627922037736e+01 6.470000000000000000e+02
1.350130658112588833e+01 5.750000000000000000e+02
1.260760235794805695e+01 4.450000000000000000e+02
1.080597561161039266e+01 1.780000000000000000e+02
1.056730409490451450e+01 1.080000000000000000e+02
1.464797686698210377e+01 8.400000000000000000e+01
1.003170221476805501e+01 1.040000000000000000e+02
2.379925613256975936e+00 2.600000000000000000e+01
2.221358882029771831e+00 1.300000000000000000e+01
1.268997948467719539e+01 4.450000000000000000e+02
1.357263263744429160e+01 5.770000000000000000e+02
1.023998162539512968e+01 2.200000000000000000e+02
1.053053732274923426e+01 1.060000000000000000e+02
1.507782604229201162e+01 8.400000000000000000e+01
1.006927128321625986e+01 6.000000000000000000e+01
7.019263311299146491e-01 2.000000000000000000e+00
1.009510735033823492e+00 3.000000000000000000e+00
1.307650114190247459e+00 5.000000000000000000e+00
1.364750228846712865e+01 5.790000000000000000e+02
1.277017781773768057e+01 4.430000000000000000e+02
1.007224761997111173e+01 2.260000000000000000e+02
1.055554052727085868e+01 9.800000000000000000e+01
1.591960367299181200e+01 5.600000000000000000e+01
9.938264146927814124e+00 5.800000000000000000e+01
2.154532856658389672e+00 1.000000000000000000e+01
7.308552459508381727e-01 2.000000000000000000e+00
1.368428677543791139e+01 5.830000000000000000e+02
1.270701588386657832e+01 4.290000000000000000e+02
1.006028076432366447e+01 2.390000000000000000e+02
1.559943403664062167e+01 4.500000000000000000e+01
1.053797098750964878e+01 2.600000000000000000e+01
1.053629376262158068e+01 1.030000000000000000e+02
1.990625318048230286e+00 1.400000000000000000e+01
1.063951001751742176e+00 5.000000000000000000e+00
1.319672993510763526e+01 1.230000000000000000e+02
1.210663287838670321e+01 4.200000000000000000e+02
1.346386673630535746e+01 5.720000000000000000e+02
1.050599659975646105e+01 1.670000000000000000e+02
1.551733300081166611e+01 7.500000000000000000e+01
3.495921754172143903e+00 6.900000000000000000e+01
1.501147588159820412e+00 8.000000000000000000e+00
1.496768076957984972e+00 8.000000000000000000e+00
3.680014307441913157e+00 2.200000000000000000e+01
1.222371236929927285e+01 1.160000000000000000e+02
1.353920683697334759e+01 5.750000000000000000e+02
1.074194531295990274e+01 1.650000000000000000e+02
1.240191605415811793e+01 4.370000000000000000e+02
1.391867586183278505e+01 3.500000000000000000e+01
1.234660760866859386e+00 5.000000000000000000e+00
3.102606824826298126e+00 5.500000000000000000e+01
8.328661489993676170e-01 3.000000000000000000e+00
2.920594177889489718e+00 1.700000000000000000e+01
1.173365305329101460e+01 1.130000000000000000e+02
1.248915233845444206e+01 4.370000000000000000e+02
1.358416915932921576e+01 5.760000000000000000e+02
1.083379202066006108e+01 1.640000000000000000e+02
1.909175546995736550e+00 1.600000000000000000e+01
2.926568079794610533e+00 4.600000000000000000e+01
8.844640973823856278e-01 4.000000000000000000e+00
7.186179065748387051e-01 2.000000000000000000e+00
2.829267966145647684e+00 1.600000000000000000e+01
1.204086146912893973e+01 1.100000000000000000e+02
1.361735899848141784e+01 5.760000000000000000e+02
1.092702654339947266e+01 1.640000000000000000e+02
1.250765914971306536e+01 4.410000000000000000e+02
2.178245260243480530e+00 1.100000000000000000e+01
2.538240486628110304e+00 2.500000000000000000e+01
1.261488958308391695e+00 7.000000000000000000e+00
2.377743294491561077e+00 1.300000000000000000e+01
1.050562134291217831e+01 1.540000000000000000e+02
1.236607432916453497e+01 9.800000000000000000e+01
1.363676646897819289e+01 5.790000000000000000e+02
1.270656303596971703e+01 4.520000000000000000e+02
6.878826922401246602e-01 2.000000000000000000e+00
8.371848340897402041e-01 3.000000000000000000e+00
7.309208568879873580e-01 2.000000000000000000e+00
1.337384274725367561e+01 7.400000000000000000e+01
1.046688886896470727e+01 1.610000000000000000e+02
1.298755369235187196e+01 4.760000000000000000e+02
1.372407376588735239e+01 5.200000000000000000e+02
7.841388690711773357e+00 1.220000000000000000e+02
2.562103134849924135e+00 3.700000000000000000e+01
1.506418062205368358e+01 2.200000000000000000e+01
7.150974378365028139e-01 2.000000000000000000e+00
1.384291587175849969e+01 6.900000000000000000e+01
1.153060014870427707e+01 1.670000000000000000e+02
1.292625986836469565e+01 4.690000000000000000e+02
1.372800385023677805e+01 5.120000000000000000e+02
9.149917787411837367e+00 1.460000000000000000e+02
1.523513638595015962e+01 2.700000000000000000e+01
2.828953344993170749e+00 4.700000000000000000e+01
1.135864734158064104e+00 6.000000000000000000e+00
8.186682165772273256e-01 2.000000000000000000e+00
1.468017521810512527e+01 7.600000000000000000e+01
1.206958101448624809e+01 4.310000000000000000e+02
1.239448008842763826e+01 2.840000000000000000e+02
1.354056527042092561e+01 3.950000000000000000e+02
1.473470082190230279e+01 2.330000000000000000e+02
1.419918220155460453e+01 6.800000000000000000e+01
1.033084165749229832e+01 4.400000000000000000e+01
3.548444019720779163e+00 6.500000000000000000e+01
9.954971732049260780e+00 3.100000000000000000e+01
6.390394354354596906e+00 1.160000000000000000e+02
1.040020623121047194e+01 3.900000000000000000e+01
1.333718531205740243e+00 6.000000000000000000e+00
7.108662634035392003e+00 1.600000000000000000e+01
6.692594787027542624e-01 2.000000000000000000e+00
2.577184050660784376e+00 3.800000000000000000e+01
7.361383478894717447e-01 2.000000000000000000e+00
1.048034145284728069e+01 2.500000000000000000e+01
7.570004151254279279e-01 2.000000000000000000e+00
1.005635217001975157e+01 2.000000000000000000e+01
6.136385541856585135e+00 1.200000000000000000e+02
1.388281660813436602e+01 5.310000000000000000e+02
1.283266967400480851e+01 4.090000000000000000e+02
1.486297349002407664e+01 2.400000000000000000e+02
1.266067160780491108e+01 2.480000000000000000e+02
7.606020330852373057e+00 7.000000000000000000e+00
8.808033211328227807e-01 3.000000000000000000e+00
8.675652163523727367e+00 5.000000000000000000e+00
1.038987848932690916e+01 3.000000000000000000e+00
9.545264518470292225e-01 4.000000000000000000e+00
4.080532766811328926e+00 8.000000000000000000e+01
1.402826483075962294e+01 5.510000000000000000e+02
1.290663155793705208e+01 4.500000000000000000e+02
1.524191278019505624e+01 2.220000000000000000e+02
1.241214046340877353e+01 2.810000000000000000e+02
1.092854233023840749e+01 4.000000000000000000e+00
5.631441017063536947e+00 1.400000000000000000e+01
7.182067315660174422e-01 2.000000000000000000e+00
1.296697008111188154e+00 7.000000000000000000e+00
7.509877237126111327e-01 2.000000000000000000e+00
1.062232943944264374e+00 5.000000000000000000e+00
1.294974513616800049e+00 4.000000000000000000e+00
1.169229216573558938e+00 3.000000000000000000e+00
1.408465678563254286e+01 5.450000000000000000e+02
1.298780832150874076e+01 4.480000000000000000e+02
1.538511016919463970e+01 2.180000000000000000e+02
1.238619753161084169e+01 2.860000000000000000e+02
1.082690214888627800e+01 7.000000000000000000e+00
5.643499451788636989e+00 1.400000000000000000e+01
7.840488000968776072e-01 2.000000000000000000e+00
9.809179670362021541e-01 4.000000000000000000e+00
1.199504843675359700e+00 6.000000000000000000e+00
7.857107189250326362e-01 2.000000000000000000e+00
8.469070421247774094e-01 3.000000000000000000e+00
1.413240000766360716e+01 5.480000000000000000e+02
1.301865751324180032e+01 4.450000000000000000e+02
1.540284482623345852e+01 2.200000000000000000e+02
1.252963324034477743e+01 2.800000000000000000e+02
1.020599094836914311e+01 6.000000000000000000e+00
5.609235594040807626e+00 1.400000000000000000e+01
1.377498362718688085e+00 7.000000000000000000e+00
1.120449057586154318e+00 6.000000000000000000e+00
1.324954821512082326e+00 7.000000000000000000e+00
8.692350328716245134e-01 3.000000000000000000e+00
8.525553879264871071e-01 3.000000000000000000e+00
1.418378480121985419e+01 5.460000000000000000e+02
1.303525728890490321e+01 4.520000000000000000e+02
1.536902597967336526e+01 2.230000000000000000e+02
1.254979723189744689e+01 2.750000000000000000e+02
1.079676504794273129e+01 7.000000000000000000e+00
5.598358359158637221e+00 1.400000000000000000e+01
7.455971829793225369e-01 2.000000000000000000e+00
2.032545416089296175e+00 1.300000000000000000e+01
1.003833666083950416e+00 5.000000000000000000e+00
1.227110937120579282e+00 4.000000000000000000e+00
8.034766842708799262e-01 2.000000000000000000e+00
7.511658963461296246e-01 2.000000000000000000e+00
1.428273928062961140e+01 5.380000000000000000e+02
1.312985978345324867e+01 4.470000000000000000e+02
1.540477842195468661e+01 2.310000000000000000e+02
1.254537804511571153e+01 2.680000000000000000e+02
5.611938811859096710e+00 1.400000000000000000e+01
3.384048931793383730e+00 2.000000000000000000e+01
1.078467885845686958e+01 7.000000000000000000e+00
7.604279586743782904e-01 2.000000000000000000e+00
1.015237669403528553e+00 4.000000000000000000e+00
1.235991720928695248e+00 6.000000000000000000e+00
8.462252854755748510e-01 3.000000000000000000e+00
1.440087155017529241e+01 5.230000000000000000e+02
1.352358906754481538e+01 4.220000000000000000e+02
1.064798323001886260e+01 3.620000000000000000e+02
5.720446553519299648e+00 5.100000000000000000e+01
2.625119435302332604e+00 2.400000000000000000e+01
1.047173139086613602e+01 8.700000000000000000e+01
1.688665770638771990e+00 7.000000000000000000e+00
1.632779118050115219e+00 1.200000000000000000e+01
1.114546633589266200e+00 3.000000000000000000e+00
1.078578148652290070e+00 4.000000000000000000e+00
1.449002453645281108e+01 5.220000000000000000e+02
6.920905129046319715e+00 8.000000000000000000e+00
1.431247877734930540e+01 4.290000000000000000e+02
1.307410595036420453e+01 2.160000000000000000e+02
1.057416597670309777e+01 5.900000000000000000e+01
8.869158069920924703e+00 2.080000000000000000e+02
7.173912685325265493e-01 2.000000000000000000e+00
1.984929400779919417e+00 2.200000000000000000e+01
1.508815563133748316e+00 4.000000000000000000e+00
8.135385040400553436e-01 3.000000000000000000e+00
1.228247634282587875e+00 5.000000000000000000e+00
5.457107213256826128e+00 1.580000000000000000e+02
1.443316102436057946e+01 5.250000000000000000e+02
6.942584038628358378e+00 8.000000000000000000e+00
1.432525477118504220e+01 4.250000000000000000e+02
1.486469240664536784e+01 3.150000000000000000e+02
1.236233307592982555e+00 8.000000000000000000e+00
1.048269867369916497e+01 5.500000000000000000e+01
1.941513548316898374e+00 2.200000000000000000e+01
5.095806226160234154e+00 1.460000000000000000e+02
1.524445028102717536e+00 5.000000000000000000e+00
1.210953201518201183e+00 5.000000000000000000e+00
5.468539840746450054e+00 1.580000000000000000e+02
1.451595666892929337e+01 4.820000000000000000e+02
6.933293133687556953e+00 8.000000000000000000e+00
1.433281309888332089e+01 4.260000000000000000e+02
1.498836089289849127e+01 3.280000000000000000e+02
1.053147715905453019e+01 6.400000000000000000e+01
1.321431512444671386e+00 7.000000000000000000e+00
1.918885359744603170e+00 2.200000000000000000e+01
5.070825705898288405e+00 1.360000000000000000e+02
1.543831649462769073e+00 1.300000000000000000e+01
1.388087563673449099e+00 7.000000000000000000e+00
7.604111044911723294e-01 2.000000000000000000e+00
1.424776882756560603e+01 5.260000000000000000e+02
5.285916024409644365e+00 1.580000000000000000e+02
1.416917271379431931e+01 4.030000000000000000e+02
7.294909699615996779e+00 7.000000000000000000e+00
1.443084087698606588e+01 2.960000000000000000e+02
7.439813360114226892e-01 2.000000000000000000e+00
1.068329437197476750e+01 6.500000000000000000e+01
6.892022668750984238e+00 3.900000000000000000e+01
2.101900829557875383e+00 2.300000000000000000e+01
4.885113513913974970e+00 5.600000000000000000e+01
1.719488863057113237e+00 8.000000000000000000e+00
8.162377083869363226e-01 3.000000000000000000e+00
7.553683720231748389e+00 1.740000000000000000e+02
1.424530105544692304e+01 9.680000000000000000e+02
7.394921360976955071e+00 1.000000000000000000e+02
2.599367741956505995e+00 1.700000000000000000e+01
7.662501888388614901e+00 1.700000000000000000e+01
1.011248541733252715e+01 3.000000000000000000e+00
5.740317039297970325e+00 1.320000000000000000e+02
1.856439999639646743e+01 4.000000000000000000e+00
2.056053934750105228e+00 9.000000000000000000e+00
3.024136868908496201e+00 4.000000000000000000e+01
2.658886336872304135e+00 3.300000000000000000e+01
8.390289424227532766e-01 3.000000000000000000e+00
1.643926878958253512e+00 1.300000000000000000e+01
2.392517320025829175e+00 3.200000000000000000e+01
7.659300879762965808e-01 2.000000000000000000e+00
1.419457595515729231e+01 2.460000000000000000e+02
1.395281678664051306e+01 9.240000000000000000e+02
2.193565987868759670e+00 1.200000000000000000e+01
7.169431748293402684e+00 2.100000000000000000e+01
8.483059379876747741e+00 5.000000000000000000e+00
7.965877850557553375e-01 2.000000000000000000e+00
3.926039535054800300e+00 9.100000000000000000e+01
1.380765023609094655e+01 6.000000000000000000e+00
1.839487948082234325e+01 1.200000000000000000e+01
2.093350406908651262e+00 8.000000000000000000e+00
2.963447953559260828e+00 3.100000000000000000e+01
2.590396137661166165e+00 2.900000000000000000e+01
7.466816521566855824e-01 2.000000000000000000e+00
1.570351754084365004e+00 9.000000000000000000e+00
9.689631361954868183e+00 2.200000000000000000e+01
5.544276948624522028e+00 1.500000000000000000e+01
1.369734876015131553e+00 7.000000000000000000e+00
1.443947754601350653e+01 2.370000000000000000e+02
1.406025241514789137e+01 9.330000000000000000e+02
2.437250604910225604e+00 1.600000000000000000e+01
7.732532495632811198e+00 1.700000000000000000e+01
1.051952911109144218e+01 4.000000000000000000e+00
7.301283247256408204e-01 2.000000000000000000e+00
4.038626895527495542e+00 9.100000000000000000e+01
1.709314446508799890e+01 2.300000000000000000e+01
2.045098270421156883e+00 9.000000000000000000e+00
2.725880312689541007e+00 2.600000000000000000e+01
2.671777278012214207e+00 3.300000000000000000e+01
1.009827626111871934e+00 4.000000000000000000e+00
9.801379641349660332e+00 1.700000000000000000e+01
5.602887479683850813e+00 1.500000000000000000e+01
9.682696446928743539e-01 4.000000000000000000e+00
1.330790615842978220e+01 9.440000000000000000e+02
1.731627154203922814e+01 1.300000000000000000e+01
1.596805498294504488e+01 5.600000000000000000e+01
7.902575388380007837e+00 1.600000000000000000e+01
8.282443506906897568e+00 5.200000000000000000e+01
1.103627214453167360e+00 3.000000000000000000e+00
2.253572028795356896e+00 1.200000000000000000e+01
1.111386802059508128e+00 4.000000000000000000e+00
1.729862644213233880e+00 8.000000000000000000e+00
8.662012622175978560e-01 3.000000000000000000e+00
1.204258525470040864e+00 4.000000000000000000e+00
8.474698288347031649e+00 3.000000000000000000e+01
6.216302541640493118e+00 1.000000000000000000e+01
7.681471048351841135e-01 2.000000000000000000e+00
1.381115860723273947e+01 1.010000000000000000e+03
1.396123933255042715e+01 9.100000000000000000e+01
5.234400391759101545e+00 4.400000000000000000e+01
8.069660868993102198e+00 1.500000000000000000e+01
1.110855016647269444e+01 2.200000000000000000e+01
1.860737750169102700e+00 1.800000000000000000e+01
1.411796420330837520e+00 5.000000000000000000e+00
1.241580932178747965e+01 6.700000000000000000e+01
7.207285126871123548e-01 2.000000000000000000e+00
1.699972832420185709e+00 7.000000000000000000e+00
8.514697135610370671e-01 3.000000000000000000e+00
1.024640281452656287e+00 4.000000000000000000e+00
1.385743562130332585e+01 9.990000000000000000e+02
1.475264877708187861e+01 9.500000000000000000e+01
5.859708966723142787e+00 4.500000000000000000e+01
8.604285716923826044e+00 1.700000000000000000e+01
8.888459077459733848e+00 1.800000000000000000e+01
9.890868512400745605e-01 4.000000000000000000e+00
8.038599787552088927e+00 5.000000000000000000e+00
9.889461740961120739e-01 3.000000000000000000e+00
1.567892274281906584e+00 7.000000000000000000e+00
1.204028419954984486e+01 6.100000000000000000e+01
7.426863715594511639e-01 2.000000000000000000e+00
1.725568303385427438e+00 6.000000000000000000e+00
1.221316325817649817e+00 4.000000000000000000e+00
1.300251102324207375e+00 9.000000000000000000e+00
1.386648484841222206e+01 9.900000000000000000e+02
1.464100779224691706e+01 1.070000000000000000e+02
2.773178294668781962e+00 4.000000000000000000e+01
9.432243949440792363e+00 5.600000000000000000e+01
7.850352755530817461e+00 1.800000000000000000e+01
8.488410719215409017e+00 1.300000000000000000e+01
8.030030829760589128e+00 1.200000000000000000e+01
2.420273896317570728e+00 1.100000000000000000e+01
1.183618620238720354e+01 6.400000000000000000e+01
9.611085369467523565e-01 4.000000000000000000e+00
1.593888914015811675e+00 6.000000000000000000e+00
8.111398467819291858e-01 3.000000000000000000e+00
1.847039853469991888e+00 6.000000000000000000e+00
1.397697412362556335e+01 9.610000000000000000e+02
1.468367290559020155e+01 1.070000000000000000e+02
8.101694125463723140e+00 1.950000000000000000e+02
9.925262990319378531e+00 5.800000000000000000e+01
1.237763220590461843e+00 7.000000000000000000e+00
1.003880710720584801e+01 9.000000000000000000e+00
6.934511875398925440e-01 2.000000000000000000e+00
9.586209354772995184e+00 1.200000000000000000e+01
1.163698831160716152e+00 3.000000000000000000e+00
1.002228753329468480e+00 4.000000000000000000e+00
1.257040633519837591e+01 6.100000000000000000e+01
1.007257523006839905e+00 5.000000000000000000e+00
1.709086356117451855e+00 6.000000000000000000e+00
1.193623050265740559e+00 4.000000000000000000e+00
2.252202070214940566e+00 1.600000000000000000e+01
1.380107860400492648e+01 9.390000000000000000e+02
1.529715436445167143e+01 1.060000000000000000e+02
9.061574596992098662e+00 2.360000000000000000e+02
9.036051496603768385e+00 1.140000000000000000e+02
9.596699286048716360e+00 1.200000000000000000e+01
1.050805598324801160e+01 6.000000000000000000e+00
2.010787518412256336e+00 8.000000000000000000e+00
1.343298712268683737e+01 4.500000000000000000e+01
8.550451105925813700e-01 3.000000000000000000e+00
1.265836599094094961e+00 7.000000000000000000e+00
1.730506397903693427e+00 6.000000000000000000e+00
7.247871881917666848e-01 2.000000000000000000e+00
2.243453758722967706e+00 2.200000000000000000e+01
7.338364734967006697e-01 2.000000000000000000e+00
1.301424059843239789e+01 7.510000000000000000e+02
1.657602335226452439e+01 9.100000000000000000e+01
8.760853820413958104e+00 2.630000000000000000e+02
1.686706020769159053e+01 5.300000000000000000e+01
1.385082299983273479e+01 1.430000000000000000e+02
9.134820011074131330e+00 3.800000000000000000e+01
4.947366842818709642e+00 4.600000000000000000e+01
7.435831667229915176e-01 2.000000000000000000e+00
9.397715529896388809e-01 4.000000000000000000e+00
9.807122148123902150e+00 3.000000000000000000e+00
6.561885074076925228e+00 1.210000000000000000e+02
1.224131305457059327e+01 1.370000000000000000e+02
1.960248080268584303e+01 6.000000000000000000e+00
7.603063834020988843e+00 1.520000000000000000e+02
1.026158040098967161e+00 3.000000000000000000e+00
1.652649505192676394e+00 5.000000000000000000e+00
8.193991404728886430e-01 3.000000000000000000e+00
7.525231884581192743e-01 2.000000000000000000e+00
1.351533029230416183e+01 5.590000000000000000e+02
1.779854876096337080e+01 4.900000000000000000e+01
2.029084940244785784e+01 2.500000000000000000e+01
1.073318635614007910e+01 4.030000000000000000e+02
9.625613800830356226e+00 1.940000000000000000e+02
8.027503096646533276e-01 2.000000000000000000e+00
9.639109975356788595e+00 1.000000000000000000e+01
9.410139881370641390e+00 1.000000000000000000e+01
7.507231098858451190e-01 2.000000000000000000e+00
1.174855009353933255e+01 1.930000000000000000e+02
6.698833265626079836e+00 1.660000000000000000e+02
3.779663458331346870e+00 1.800000000000000000e+01
2.046683345068759596e+00 6.000000000000000000e+00
8.480390372309036806e-01 3.000000000000000000e+00
1.180284885049198174e+01 4.250000000000000000e+02
1.790479534496185110e+01 4.600000000000000000e+01
1.823334599932233147e+01 8.000000000000000000e+00
9.526485867233214222e+00 2.020000000000000000e+02
1.109754951420694624e+01 4.310000000000000000e+02
9.895579249998256444e+00 9.000000000000000000e+00
9.455917973964904633e+00 1.900000000000000000e+01
7.158275953282158266e-01 2.000000000000000000e+00
1.183307162026654424e+01 1.820000000000000000e+02
1.179108472815058040e+00 5.000000000000000000e+00
6.782705952022105578e+00 1.580000000000000000e+02
7.053778417748097773e-01 2.000000000000000000e+00
4.032384977369696699e+00 1.900000000000000000e+01
1.716038780826202981e+01 1.090000000000000000e+02
7.485150306887549121e-01 2.000000000000000000e+00
1.734511846163603543e+00 6.000000000000000000e+00
8.409783684631442213e-01 3.000000000000000000e+00
1.274449425240691802e+01 9.990000000000000000e+02
1.727719769074112577e+01 9.900000000000000000e+01
1.697283235557157610e+01 2.700000000000000000e+01
1.716907301350172332e+01 3.800000000000000000e+01
9.344783209003152180e+00 2.130000000000000000e+02
9.608265372921207970e+00 1.000000000000000000e+01
7.604562058177161132e-01 2.000000000000000000e+00
6.775034618115972629e-01 2.000000000000000000e+00
6.721590709808761943e+00 6.700000000000000000e+01
1.133583173105933461e+01 1.650000000000000000e+02
2.942868926435524113e+00 1.400000000000000000e+01
8.250341893703763141e-01 3.000000000000000000e+00
2.140901074651774927e+00 6.000000000000000000e+00
8.283230917323441966e-01 3.000000000000000000e+00
1.280004826880709601e+01 1.009000000000000000e+03
1.720521290618597732e+01 9.400000000000000000e+01
1.852029855409320902e+01 2.100000000000000000e+01
1.880619789461642810e+01 2.900000000000000000e+01
9.050133489186801938e+00 1.940000000000000000e+02
1.010046824631570495e+01 1.100000000000000000e+01
7.054871053156651639e-01 2.000000000000000000e+00
1.013389316816166952e+00 3.000000000000000000e+00
4.712487419536477873e+00 5.700000000000000000e+01
1.056106522966706507e+01 1.950000000000000000e+02
3.152226210339739154e+00 1.500000000000000000e+01
7.983642206620636950e-01 2.000000000000000000e+00
8.563175318473432718e-01 3.000000000000000000e+00
1.682750298331219696e+00 5.000000000000000000e+00
2.090120947973363119e+00 7.000000000000000000e+00
1.278634103433889635e+01 1.002000000000000000e+03
1.744995942233585140e+01 9.400000000000000000e+01
1.786533169126387577e+01 2.400000000000000000e+01
1.881335330661022454e+01 3.000000000000000000e+01
9.593822424802848303e+00 1.880000000000000000e+02
9.747093451405252296e+00 1.300000000000000000e+01
7.113682212001092298e-01 2.000000000000000000e+00
7.791859217681902372e+00 6.000000000000000000e+00
4.738923331703375652e+00 5.700000000000000000e+01
6.986800786007384412e-01 2.000000000000000000e+00
1.050094185402439173e+01 1.950000000000000000e+02
3.124077764159649107e+00 1.500000000000000000e+01
8.595240976350652096e-01 3.000000000000000000e+00
1.978487944569484114e+01 5.000000000000000000e+00
1.877827602755358649e+00 1.100000000000000000e+01
1.782756104384211326e+01 1.010000000000000000e+02
1.905308141008808320e+01 3.100000000000000000e+01
1.118433166947553303e+01 2.410000000000000000e+02
7.426873385734944044e+00 7.500000000000000000e+01
9.411304250164491236e+00 1.450000000000000000e+02
7.000311216296061234e-01 2.000000000000000000e+00
6.976799400274842355e-01 2.000000000000000000e+00
9.209648322542527410e+00 7.000000000000000000e+00
8.281167776987025775e+00 5.000000000000000000e+00
6.892367471518745070e+00 2.960000000000000000e+02
1.027775945831606386e+01 1.660000000000000000e+02
3.032996738957120186e+00 5.200000000000000000e+01
9.241025922949273053e+00 1.600000000000000000e+01
8.512039126548923695e-01 3.000000000000000000e+00
2.155379960712354048e+00 5.000000000000000000e+00
1.683865442589592831e+01 8.300000000000000000e+01
1.937079001718447202e+01 2.900000000000000000e+01
2.104640614249128561e+01 5.100000000000000000e+01
7.290640262865048626e+00 8.700000000000000000e+01
7.069899509949558514e+00 9.900000000000000000e+01
1.041537150905541509e+01 2.880000000000000000e+02
7.372221366951471344e-01 2.000000000000000000e+00
9.230309367725144654e+00 7.000000000000000000e+00
8.330484190479378270e+00 5.000000000000000000e+00
8.114664106035165858e+00 2.720000000000000000e+02
1.311311874212279704e+01 2.140000000000000000e+02
7.544367485085686775e-01 2.000000000000000000e+00
7.753549672032266082e-01 2.000000000000000000e+00
1.717845569247540283e+01 7.900000000000000000e+01
1.900931064536690940e+01 3.500000000000000000e+01
2.155394797584882127e+01 5.100000000000000000e+01
7.339600989891464700e+00 8.400000000000000000e+01
1.319877449984955575e+01 1.970000000000000000e+02
7.712790898426985287e+00 3.600000000000000000e+01
1.043555625043899937e+01 2.730000000000000000e+02
9.054607734350746950e-01 3.000000000000000000e+00
6.890748804738286992e-01 2.000000000000000000e+00
7.761629742157321488e+00 6.000000000000000000e+00
8.293210579677023020e+00 5.000000000000000000e+00
8.128647242062891465e+00 2.640000000000000000e+02
1.211599345401771721e+00 3.000000000000000000e+00
1.314173231910804152e+00 7.000000000000000000e+00
2.147616340392446421e+00 5.000000000000000000e+00
1.439970787665837904e+01 1.000000000000000000e+02
1.709947190010291251e+01 2.400000000000000000e+01
2.179497861898825306e+01 5.000000000000000000e+01
4.699855902918899098e+00 1.100000000000000000e+02
1.456793719017108479e+01 1.850000000000000000e+02
9.515035607448867339e+00 5.000000000000000000e+00
1.277461355914647712e+00 8.000000000000000000e+00
1.379934521809539794e+00 7.000000000000000000e+00
6.716697697988514015e+00 1.400000000000000000e+01
1.009908062222398373e+00 4.000000000000000000e+00
2.978308470940721264e+00 3.900000000000000000e+01
6.962117634765907503e+00 4.400000000000000000e+01
1.384385355142061069e+00 9.000000000000000000e+00
4.386113182263305710e+00 4.900000000000000000e+01
1.215801755299042552e+00 4.000000000000000000e+00
2.003126441671730262e+01 3.000000000000000000e+00
7.351746974930094547e-01 2.000000000000000000e+00
8.137930545021220263e-01 3.000000000000000000e+00
7.115771759504362359e-01 2.000000000000000000e+00
1.460517356551344292e+01 9.800000000000000000e+01
1.863334386158078004e+01 1.400000000000000000e+01
2.237241032328375567e+01 4.400000000000000000e+01
1.775493268986996398e+01 1.220000000000000000e+02
1.216144809587727593e+01 4.000000000000000000e+00
3.396404180077279289e+00 5.900000000000000000e+01
8.336178048412321573e-01 3.000000000000000000e+00
7.197417726598045462e+00 6.000000000000000000e+00
1.243391157499127875e+00 7.000000000000000000e+00
1.321977095773904320e+00 9.000000000000000000e+00
8.554635253224969205e+00 1.900000000000000000e+01
5.775364836231118737e+00 1.100000000000000000e+01
2.811096528183056442e+00 3.700000000000000000e+01
2.304792119603153466e+01 4.000000000000000000e+00
8.192730960720876254e+00 2.600000000000000000e+01
4.153291568438089776e+00 3.700000000000000000e+01
1.384291070973731719e+00 9.000000000000000000e+00
6.745246080266440458e-01 2.000000000000000000e+00
1.209414768534946560e+00 4.000000000000000000e+00
7.354315214217658214e-01 2.000000000000000000e+00
1.691145499298093657e+00 7.000000000000000000e+00
3.255346134495612720e+00 6.000000000000000000e+01
1.014569996435471966e+00 4.000000000000000000e+00
8.754737727237097644e+00 4.000000000000000000e+00
7.752128447585176829e+00 2.220000000000000000e+02
8.679473597541703001e+00 2.000000000000000000e+01
9.583149115910833959e-01 3.000000000000000000e+00
1.520510313697499560e+00 8.000000000000000000e+00
9.599058426780945341e-01 3.000000000000000000e+00
5.717793998926083532e+00 1.260000000000000000e+02
1.581898685380790814e+00 1.100000000000000000e+01
5.139270607093702203e+00 2.700000000000000000e+01
7.556877257395079317e-01 2.000000000000000000e+00
8.439868817086699782e-01 3.000000000000000000e+00
9.367334224997401648e+00 3.000000000000000000e+00
5.718166344149687497e+00 4.100000000000000000e+01
1.297222995179373939e+01 2.180000000000000000e+02
8.906900815854349673e+00 4.000000000000000000e+00
2.694733681660523850e+00 3.600000000000000000e+01
2.576198629033700005e+00 1.900000000000000000e+01
3.799330887811523727e+00 6.200000000000000000e+01
1.782097805279654068e+01 9.000000000000000000e+00
1.820530502748046686e+01 3.940000000000000000e+02
2.135503732335390126e+01 2.700000000000000000e+01
6.599293437163011866e+00 5.200000000000000000e+01
5.647189921357155917e+00 1.200000000000000000e+01
6.640749415524724419e+00 1.320000000000000000e+02
8.412699350194580816e+00 1.200000000000000000e+01
9.593703526522932012e-01 3.000000000000000000e+00
5.378329487497953920e+00 3.300000000000000000e+01
7.240439766765694785e+00 3.900000000000000000e+01
4.965251814232084726e+00 3.100000000000000000e+01
1.101785965144569834e+00 5.000000000000000000e+00
7.022658218818537135e-01 2.000000000000000000e+00
8.629023071438310932e-01 3.000000000000000000e+00
7.027042416157774696e+00 7.000000000000000000e+00
2.242781371466024076e+00 2.400000000000000000e+01
8.285083794522613010e-01 3.000000000000000000e+00
4.245601088357946473e+00 7.100000000000000000e+01
9.952862571661571511e-01 3.000000000000000000e+00
2.009088978104626477e+01 3.000000000000000000e+00
1.839784972790991846e+00 1.800000000000000000e+01
1.837900809633642041e+01 4.120000000000000000e+02
2.171112953380712796e+01 4.800000000000000000e+01
1.885779190724737120e+01 2.400000000000000000e+01
6.760052222199526284e+00 4.900000000000000000e+01
6.795568313029432872e+00 1.610000000000000000e+02
5.956214515803573306e+00 9.000000000000000000e+00
6.995594129045377141e-01 2.000000000000000000e+00
7.153159827424575568e-01 2.000000000000000000e+00
3.033221982392710458e+00 2.900000000000000000e+01
1.700035834628269571e+00 1.000000000000000000e+01
8.580207723599892589e+00 4.600000000000000000e+01
7.017076376597389809e-01 2.000000000000000000e+00
9.738735942790050615e+00 7.000000000000000000e+00
8.159827438901851027e-01 3.000000000000000000e+00
1.990653917236229642e+00 1.500000000000000000e+01
4.398749884978496283e+00 8.000000000000000000e+01
2.207263550956371390e+00 2.000000000000000000e+01
1.286173576800829998e+00 7.000000000000000000e+00
1.843971540528216480e+01 4.180000000000000000e+02
2.259239373463853795e+01 5.400000000000000000e+01
1.747164844301294551e+01 2.500000000000000000e+01
7.074419331782564768e+00 4.300000000000000000e+01
8.016901718905582896e+00 1.100000000000000000e+01
7.183547499901389299e-01 2.000000000000000000e+00
3.199162436525162079e+00 2.700000000000000000e+01
7.703179547534385385e+00 4.700000000000000000e+01
1.227346988804697947e+00 7.000000000000000000e+00
7.313772414539122524e-01 2.000000000000000000e+00
6.782469470382801457e-01 2.000000000000000000e+00
7.865109183834476880e+00 2.030000000000000000e+02
9.540665397631633127e+00 5.000000000000000000e+00
2.021790142294870307e+00 2.000000000000000000e+01
8.352423639303757641e-01 3.000000000000000000e+00
4.120158584646363309e+00 7.800000000000000000e+01
6.742331397472209886e-01 2.000000000000000000e+00
4.012015383029615023e+00 2.800000000000000000e+01
1.002665797854682905e+00 5.000000000000000000e+00
1.852289955832042523e+01 4.050000000000000000e+02
1.614522630482873211e+01 2.200000000000000000e+01
1.493420955176885334e+00 9.000000000000000000e+00
6.998199835815595016e+00 3.900000000000000000e+01
8.029780871485376892e+00 1.100000000000000000e+01
9.593584014445685204e-01 3.000000000000000000e+00
5.565248937847172783e+00 2.800000000000000000e+01
8.237896928221872805e-01 3.000000000000000000e+00
5.782409494799721550e+00 3.600000000000000000e+01
1.471723755249475074e+00 9.000000000000000000e+00
5.742137367867361952e+00 9.200000000000000000e+01
6.919107149048524530e-01 2.000000000000000000e+00
8.874989725553781739e+00 2.500000000000000000e+01
6.597356647949182751e+00 9.700000000000000000e+01
9.683549136804497692e+00 1.450000000000000000e+02
9.045868461450096376e+00 8.000000000000000000e+00
1.123923383569132683e+00 4.000000000000000000e+00
9.366179552696454191e-01 4.000000000000000000e+00
7.154543416599498107e-01 2.000000000000000000e+00
1.071845044252641932e+00 3.000000000000000000e+00
6.975311122094302041e-01 2.000000000000000000e+00
1.868780785163519553e+01 4.220000000000000000e+02
1.756419499616322266e+00 1.300000000000000000e+01
5.681441518579187111e+00 9.900000000000000000e+01
1.886299341823405840e+01 2.700000000000000000e+01
7.154901302213271919e+00 3.700000000000000000e+01
6.154295880037961908e+00 8.000000000000000000e+00
9.983485328114116708e-01 4.000000000000000000e+00
4.445954000573390630e+00 2.700000000000000000e+01
1.038190703374402979e+01 6.100000000000000000e+01
1.491735725082305342e+00 1.000000000000000000e+01
6.813833777202208397e-01 2.000000000000000000e+00
8.924637339662742974e+00 2.200000000000000000e+01
6.063323237980517533e+00 8.800000000000000000e+01
8.447325678237564972e+00 1.450000000000000000e+02
1.083253418545080038e+01 5.000000000000000000e+00
7.260028322718774518e-01 2.000000000000000000e+00
7.171746360318701496e-01 2.000000000000000000e+00
1.368452202513188443e+00 6.000000000000000000e+00
1.890571793686050128e+01 3.920000000000000000e+02
1.860180821486114633e+00 1.500000000000000000e+01
7.212039724192886858e-01 2.000000000000000000e+00
6.909959003737952132e-01 2.000000000000000000e+00
9.207175113485714490e+00 6.400000000000000000e+01
8.960024649218746973e+00 1.300000000000000000e+01
1.031700097894679535e+00 4.000000000000000000e+00
9.329216438343319595e+00 3.700000000000000000e+01
7.839060748373205545e-01 2.000000000000000000e+00
8.337115186389220112e-01 3.000000000000000000e+00
7.120157559118714952e-01 2.000000000000000000e+00
1.219519674434870860e+00 6.000000000000000000e+00
7.982835554688031188e+00 1.540000000000000000e+02
9.373835668935385224e-01 3.000000000000000000e+00
1.136900439939067375e+01 2.700000000000000000e+01
1.262054527094352174e+00 7.000000000000000000e+00
1.716945303417215518e+00 1.200000000000000000e+01
2.117722424798678915e+01 2.330000000000000000e+02
1.557564377716124859e+01 4.800000000000000000e+01
2.142341121661313252e+01 5.700000000000000000e+01
8.235250621835904505e-01 3.000000000000000000e+00
8.799631934053716575e-01 3.000000000000000000e+00
7.119575237798345668e-01 2.000000000000000000e+00
1.204551242696771851e+01 8.000000000000000000e+00
1.029835615763939449e+00 4.000000000000000000e+00
6.985701120023230182e+00 4.100000000000000000e+01
9.239363248090697311e+00 3.900000000000000000e+01
1.513578441866532343e+00 7.000000000000000000e+00
7.347904831766072231e-01 2.000000000000000000e+00
7.494498745748576773e-01 2.000000000000000000e+00
1.116642186706661377e+01 2.900000000000000000e+01
8.583074230187795806e+00 3.100000000000000000e+01
1.104545886326198989e+00 5.000000000000000000e+00
1.898557559462414446e+01 6.200000000000000000e+01
1.711155318574144246e+01 9.100000000000000000e+01
1.816046623029471396e+00 6.000000000000000000e+00
8.620258412041780227e-01 3.000000000000000000e+00
2.211655369203006316e+00 2.300000000000000000e+01
8.865653327894984059e+00 5.100000000000000000e+01
9.817671459612882234e-01 3.000000000000000000e+00
9.584628172911719091e+00 3.800000000000000000e+01
9.221666215314269222e-01 3.000000000000000000e+00
1.151078090558165234e+00 3.000000000000000000e+00
9.003153947528764078e+00 3.900000000000000000e+01
2.196822042803030950e+00 1.500000000000000000e+01
9.016720555536672066e+00 3.000000000000000000e+00
1.722109614295668933e+01 1.100000000000000000e+01
2.204877304650872816e+01 1.500000000000000000e+01
1.150931956382500010e+00 3.000000000000000000e+00
9.213469293693943740e+00 1.000000000000000000e+01
1.658693707248598059e+01 6.400000000000000000e+01
1.692492180221028164e+01 1.020000000000000000e+02
1.459767397690505231e+00 5.000000000000000000e+00
8.775076988287557889e-01 3.000000000000000000e+00
1.830618283616910924e+00 1.500000000000000000e+01
8.988116007009660180e+00 6.200000000000000000e+01
9.492739093332375200e-01 3.000000000000000000e+00
9.408197645339996029e+00 4.200000000000000000e+01
9.947413676782705938e-01 3.000000000000000000e+00
8.523061080212820384e-01 3.000000000000000000e+00
9.172295027190845218e+00 4.100000000000000000e+01
2.114135192980984179e+00 2.000000000000000000e+01
1.730456594939370873e+01 1.100000000000000000e+01
2.144840070757724604e+01 1.400000000000000000e+01
1.200264339018791038e+00 5.000000000000000000e+00
9.193234854222483321e+00 1.000000000000000000e+01
1.021070836726997122e+01 1.900000000000000000e+01
1.578066918048945499e+00 1.200000000000000000e+01
7.285314034641297010e-01 2.000000000000000000e+00
1.537911612331539279e+00 9.000000000000000000e+00
1.008028960066837731e+00 5.000000000000000000e+00
7.020130602774250494e-01 2.000000000000000000e+00
2.008291532139980617e+01 1.200000000000000000e+01
2.189137182564215678e+01 1.800000000000000000e+01
1.555443550651411710e+00 6.000000000000000000e+00
7.326835224024158544e-01 2.000000000000000000e+00
1.916549296292485494e+01 1.400000000000000000e+01
8.633098804965680939e-01 3.000000000000000000e+00
2.266919067470425730e+01 1.500000000000000000e+01
9.124733675812201739e+00 1.000000000000000000e+01
8.474655780445606856e-01 3.000000000000000000e+00
1.872300270752052498e+01 1.400000000000000000e+01
2.274361626143878112e+01 1.500000000000000000e+01
9.089241911517474293e+00 1.000000000000000000e+01
1.990636877790259263e+01 1.400000000000000000e+01
2.281780868495614101e+01 1.500000000000000000e+01
9.099376435111391714e+00 1.000000000000000000e+01
8.385826540724045097e-01 3.000000000000000000e+00
1.990546616321545415e+01 1.400000000000000000e+01
2.272151502099726272e+01 1.500000000000000000e+01
9.077122029328961617e+00 1.000000000000000000e+01
8.336712579108704890e-01 3.000000000000000000e+00
1.902612681401529215e+01 1.400000000000000000e+01
2.330076281194613586e+01 1.400000000000000000e+01
9.152803396819875204e+00 9.000000000000000000e+00
8.812685213015739594e-01 3.000000000000000000e+00
1.953814447064731752e+01 1.500000000000000000e+01
8.566191947677029850e-01 3.000000000000000000e+00
2.295263692746915751e+01 1.500000000000000000e+01
8.868621910367517458e+00 9.000000000000000000e+00
8.657473755214464273e-01 3.000000000000000000e+00
7.496235100035225640e-01 2.000000000000000000e+00
7.507163300253302252e-01 2.000000000000000000e+00
2.019442663447161124e+01 1.400000000000000000e+01
2.334433163136637290e+01 1.500000000000000000e+01
9.514102357432413726e+00 4.000000000000000000e+00
1.464637168455148597e+01 1.921000000000000000e+03
1.884973832491283119e+01 5.200000000000000000e+01
8.799854714622204810e+00 9.000000000000000000e+00
1.517256694285186924e+01 2.070000000000000000e+03
2.277765069056441405e+01 9.700000000000000000e+01
9.623935243565675535e+00 1.570000000000000000e+02
8.318061264403196375e+00 7.000000000000000000e+00
1.518878176387071477e+01 2.064000000000000000e+03
2.239937343581188145e+01 1.130000000000000000e+02
9.570075221996813042e+00 1.550000000000000000e+02
1.268284296053654225e+00 5.000000000000000000e+00
1.577359742943629684e+01 1.439000000000000000e+03
2.284059148896722391e+01 1.370000000000000000e+02
2.196573820812029343e+00 1.000000000000000000e+01
8.800912690777867198e+00 1.900000000000000000e+01
9.712492065635850436e-01 4.000000000000000000e+00
7.176100166760195354e-01 2.000000000000000000e+00
1.580539157810557072e+01 1.428000000000000000e+03
2.264051670314908193e+01 1.400000000000000000e+02
2.063954865222148882e+00 9.000000000000000000e+00
9.635426547648696882e+00 2.300000000000000000e+01
1.578109665979679654e+01 1.401000000000000000e+03
2.265141442319707821e+01 1.360000000000000000e+02
1.660413047517815599e+00 7.000000000000000000e+00
9.965983318345021047e+00 2.400000000000000000e+01
1.594797704453733189e+01 1.421000000000000000e+03
2.451908007676061629e+01 1.070000000000000000e+02
3.891943388324601294e+00 1.800000000000000000e+01
1.050399466380211067e+01 2.600000000000000000e+01
1.596537049603713854e+01 1.420000000000000000e+03
2.495131371659719122e+01 9.600000000000000000e+01
3.890011103564586570e+00 1.800000000000000000e+01
1.005693399436454527e+01 2.300000000000000000e+01
1.313239409628292886e+00 6.000000000000000000e+00
9.646164785622195481e+00 5.040000000000000000e+02
7.952599102342535531e+00 8.000000000000000000e+01
2.459627732805580003e+00 1.100000000000000000e+01
8.178366102821795991e+00 1.600000000000000000e+01
5.786393693841615615e+00 1.130000000000000000e+02
7.309950896177431545e+00 1.100000000000000000e+01
9.348687371950575198e+00 2.000000000000000000e+00
7.216194559255328933e+00 6.000000000000000000e+00
7.880705211188755221e+00 9.000000000000000000e+00
5.417512245828386419e+00 1.000000000000000000e+01
7.961005729824369936e+00 5.000000000000000000e+00
8.231068432402462776e+00 8.000000000000000000e+00
7.989429642671304066e+00 5.000000000000000000e+00
8.121920476376740083e+00 8.000000000000000000e+00
1.881190969013285974e+00 7.000000000000000000e+00
7.755205090865555206e+00 5.000000000000000000e+00
6.425086099098903603e+00 8.000000000000000000e+00
1.508463170486392224e+00 7.000000000000000000e+00
8.520451683413995170e+00 4.000000000000000000e+00
8.455019486094107251e+00 7.000000000000000000e+00
1.609484165462396588e+00 1.000000000000000000e+01
6.936118729721939324e+00 1.300000000000000000e+01
7.154727861915191944e+00 6.000000000000000000e+00
6.415871291502144302e+00 8.000000000000000000e+00
8.483282969847268262e+00 4.000000000000000000e+00
6.419594309259406550e+00 8.000000000000000000e+00
1.861125266795869093e+00 8.000000000000000000e+00
7.402744600439203460e+00 6.000000000000000000e+00
6.141576798797827585e+00 9.000000000000000000e+00
1.806688329286289196e+00 9.000000000000000000e+00
6.632877820480797659e+00 6.000000000000000000e+00
5.584991960177986492e+00 1.100000000000000000e+01
7.823917371021383182e+00 9.000000000000000000e+00
1.674820525509274294e+00 1.000000000000000000e+01
6.334002152005393960e+00 8.000000000000000000e+00
6.050522485297616271e+00 9.000000000000000000e+00
