# size duration
2.875000000000000000e+00 9.265252479692705379e+00
3.875000000000000000e+00 5.406392006178691645e+00
1.875000000000000000e+00 7.008174315287893918e-01
3.750000000000000000e+00 2.380222605414380688e+00
4.500000000000000000e+00 4.027295052513121476e+00
5.500000000000000000e+00 7.279991856431586861e+00
6.250000000000000000e-01 1.392870115443769485e-01
1.375000000000000000e+00 4.004661866501202372e-01
1.750000000000000000e+00 7.951259266213934751e-01
8.750000000000000000e-01 2.052279564222128094e-01
6.250000000000000000e-01 1.421114963458942615e-01
1.500000000000000000e+00 9.155214917742011682e-01
1.250000000000000000e-01 2.068661760823609086e-02
1.250000000000000000e-01 1.907524369922519725e-02
1.000000000000000000e+00 3.373947467778841691e-01
5.000000000000000000e-01 7.888994414925454279e-02
5.000000000000000000e-01 1.102082860826136823e-01
3.750000000000000000e-01 5.924498929332955299e-02
6.250000000000000000e-01 1.307719885091280787e-01
2.875000000000000000e+00 9.123637712230880936e-01
2.875000000000000000e+00 1.866763258210142329e+00
1.250000000000000000e+00 3.415690160288904487e-01
1.250000000000000000e-01 1.895790116195472663e-02
8.750000000000000000e-01 2.006004097504505701e-01
1.250000000000000000e-01 1.873007750340871524e-02
2.375000000000000000e+00 1.329075262965047521e+00
1.375000000000000000e+00 3.493101621669967294e-01
6.250000000000000000e-01 1.269890355072269550e-01
3.250000000000000000e+00 9.951392191211927418e-01
7.500000000000000000e-01 1.539361734183550823e-01
1.375000000000000000e+00 5.071189958778021811e-01
1.375000000000000000e+00 5.148540947125450629e-01
1.000000000000000000e+00 2.600679097594631450e-01
6.250000000000000000e-01 1.446902628096369270e-01
5.000000000000000000e-01 9.776042183289579413e-02
5.000000000000000000e-01 9.087861264134788897e-02
1.250000000000000000e-01 1.870727862344678805e-02
1.500000000000000000e+00 5.002747737718291621e-01
2.375000000000000000e+00 1.027896679169761907e+00
8.750000000000000000e-01 2.812799694013177199e-01
3.000000000000000000e+00 1.022144183690436803e+00
5.000000000000000000e-01 1.109010618655794644e-01
1.875000000000000000e+00 4.562603222869725528e-01
1.375000000000000000e+00 4.357214312881758644e-01
4.375000000000000000e+00 1.993360502096999554e+00
3.750000000000000000e-01 6.915159054124586646e-02
3.750000000000000000e-01 6.102469569388757620e-02
3.500000000000000000e+00 1.565075685202898637e+00
3.000000000000000000e+00 1.306849638041927886e+00
4.750000000000000000e+00 2.023784565762161147e+00
1.000000000000000000e+00 2.042180503054504825e-01
1.875000000000000000e+00 6.269712049130253817e-01
3.000000000000000000e+00 9.113702035024471293e-01
1.125000000000000000e+00 3.207276650406991614e-01
1.375000000000000000e+00 4.020643024611838534e-01
1.000000000000000000e+00 2.585983406690823827e-01
1.750000000000000000e+00 5.750130521534995154e-01
1.125000000000000000e+00 2.795758205102121252e-01
2.875000000000000000e+00 7.117519042847599842e-01
2.250000000000000000e+00 5.899162217238513861e-01
1.625000000000000000e+00 6.209758229874449142e-01
2.125000000000000000e+00 8.392991557012479120e-01
2.000000000000000000e+00 7.177267466234455995e-01
7.500000000000000000e-01 1.537839409961003767e-01
6.250000000000000000e-01 1.247272848039857607e-01
6.250000000000000000e-01 1.206581131535138240e-01
7.500000000000000000e-01 1.314117847806033357e-01
8.750000000000000000e-01 1.810768351823623945e-01
8.750000000000000000e-01 1.612095228041914297e-01
6.250000000000000000e-01 1.132166309844193641e-01
4.875000000000000000e+00 3.667592818721367554e+00
2.500000000000000000e-01 4.289039569779085070e-02
5.000000000000000000e-01 8.421177156455961210e-02
5.000000000000000000e-01 8.547171236136685835e-02
5.500000000000000000e+00 3.220863487747601006e+00
1.125000000000000000e+00 3.764868646148786802e-01
6.250000000000000000e-01 1.237845041044343120e-01
4.750000000000000000e+00 1.863634311875149940e+00
2.500000000000000000e-01 4.029684925428256292e-02
6.250000000000000000e-01 1.050488906639124309e-01
5.750000000000000000e+00 3.945264699393095320e+00
4.000000000000000000e+00 1.573374597131927732e+00
3.000000000000000000e+00 9.624659643953823451e-01
3.750000000000000000e-01 6.781801556751299032e-02
1.500000000000000000e+00 4.015639001238300310e-01
7.500000000000000000e-01 1.235269920327715099e-01
7.500000000000000000e-01 1.446616318527702560e-01
2.125000000000000000e+00 6.292729920180670788e-01
1.375000000000000000e+00 3.836494441920517140e-01
7.500000000000000000e-01 1.813686928121418518e-01
1.250000000000000000e+00 2.218191132761293538e-01
6.250000000000000000e-01 1.092161187112079546e-01
1.875000000000000000e+00 4.893683310928058638e-01
1.000000000000000000e+00 2.259262783634778948e-01
