# size duration
3.125000000000000000e+00 9.568414751470170287e+00
4.250000000000000000e+00 2.850488992789223186e+00
1.250000000000000000e+00 6.761162159577369657e-01
5.000000000000000000e-01 1.275160168473621347e-01
2.500000000000000000e-01 3.672823397031654835e-02
5.000000000000000000e-01 1.202155658222281431e-01
1.375000000000000000e+00 4.194862069381080083e-01
3.750000000000000000e-01 7.644215966234835236e-02
2.500000000000000000e-01 3.687524683454679320e-02
1.250000000000000000e-01 1.591824851300627230e-02
2.500000000000000000e-01 3.366788976874213191e-02
1.125000000000000000e+00 1.949033801927191334e-01
4.375000000000000000e+00 4.110919614407891665e+00
2.500000000000000000e+00 7.746034050492176526e-01
7.500000000000000000e-01 1.406374565310737346e-01
2.000000000000000000e+00 1.560892626199234190e+00
2.500000000000000000e-01 4.002238282001546743e-02
2.500000000000000000e-01 3.165907446167492978e-02
2.000000000000000000e+00 1.409884156348735207e+00
2.750000000000000000e+00 9.107170361373309042e-01
7.500000000000000000e-01 2.346936420275749224e-01
1.250000000000000000e+00 3.420513929670556674e-01
1.250000000000000000e-01 1.436334638146874454e-02
2.500000000000000000e-01 3.208602806680360686e-02
2.500000000000000000e-01 4.288411646946954647e-02
1.250000000000000000e-01 1.643493644741766957e-02
1.500000000000000000e+00 3.805756222005598488e-01
2.750000000000000000e+00 1.094629164923114129e+00
3.750000000000000000e-01 6.835050582342727665e-02
8.750000000000000000e-01 1.940607727425636142e-01
3.750000000000000000e-01 5.495522073504055527e-02
3.750000000000000000e-01 7.555402396551746946e-02
5.000000000000000000e-01 1.197036280300247668e-01
5.000000000000000000e-01 9.410803370773024312e-02
1.250000000000000000e-01 1.734438826913864418e-02
3.750000000000000000e-01 7.810224134999588230e-02
2.500000000000000000e-01 4.807288504685569563e-02
2.500000000000000000e-01 3.450080463797000618e-02
7.500000000000000000e-01 9.762182726366219754e-02
5.375000000000000000e+00 4.732431871855505179e+00
3.750000000000000000e-01 7.649449677632635947e-02
6.250000000000000000e-01 1.110012203550787557e-01
1.250000000000000000e-01 1.658605384882472222e-02
1.250000000000000000e+00 2.503178463841244650e-01
2.500000000000000000e-01 3.631714653396311832e-02
3.750000000000000000e-01 7.838187584291178567e-02
1.250000000000000000e-01 1.694857572435237714e-02
6.250000000000000000e-01 9.158208127900735462e-02
7.500000000000000000e-01 1.569358407874865691e-01
1.250000000000000000e+00 4.055320637717949595e-01
1.000000000000000000e+00 1.806090387627157234e-01
2.500000000000000000e-01 3.286882144454850163e-02
1.125000000000000000e+00 2.843578256966292628e-01
3.750000000000000000e-01 6.402000200372581773e-02
3.750000000000000000e-01 6.863491117666020713e-02
2.500000000000000000e-01 3.375899622984279702e-02
1.125000000000000000e+00 3.766955407858745275e-01
3.125000000000000000e+00 4.225649194236132722e+00
1.000000000000000000e+00 3.699256218200619450e-01
2.875000000000000000e+00 1.658526052649894167e+00
5.000000000000000000e-01 1.109092911895297462e-01
2.500000000000000000e-01 4.065773110879389307e-02
3.750000000000000000e-01 5.541061449490469748e-02
5.000000000000000000e-01 7.823166163234063220e-02
5.250000000000000000e+00 2.973012596948323871e+00
5.000000000000000000e-01 1.018960220817273776e-01
1.875000000000000000e+00 6.423818540838102109e-01
3.750000000000000000e-01 4.896099086664573719e-02
1.250000000000000000e+00 1.910321294830961136e-01
3.750000000000000000e+00 2.132964029903934744e+00
1.500000000000000000e+00 7.721758802275604516e-01
7.500000000000000000e-01 2.601601862543954091e-01
1.375000000000000000e+00 4.116632172793197597e-01
6.250000000000000000e-01 1.418535190379555111e-01
1.375000000000000000e+00 5.700458819350244788e-01
2.125000000000000000e+00 1.032426595277494030e+00
3.750000000000000000e-01 5.351999728377254684e-02
2.500000000000000000e-01 3.137932741441984419e-02
2.500000000000000000e-01 4.083055445540884065e-02
6.250000000000000000e-01 2.121609454446855558e-01
1.250000000000000000e+00 2.235000098289079418e-01
5.000000000000000000e-01 9.100450220817357661e-02
6.250000000000000000e-01 1.513598196924483830e-01
1.250000000000000000e-01 1.400301128660563776e-02
7.500000000000000000e-01 1.645319949930335035e-01
1.875000000000000000e+00 3.532564380008076377e-01
2.750000000000000000e+00 8.755341104063671942e-01
5.000000000000000000e-01 8.512831010334220849e-02
2.500000000000000000e-01 3.772544191686622028e-02
1.250000000000000000e-01 1.396118658683720426e-02
1.750000000000000000e+00 5.170439220721823048e-01
1.750000000000000000e+00 3.691547533985102270e+00
3.750000000000000000e-01 7.673416213831796284e-02
8.750000000000000000e-01 4.055645833294612146e-01
1.250000000000000000e-01 1.540610381993312572e-02
1.250000000000000000e-01 1.713974573509702282e-02
2.625000000000000000e+00 1.013453210848038299e+00
3.000000000000000000e+00 7.798651878403877191e-01
2.000000000000000000e+00 1.109613470707593308e+00
1.625000000000000000e+00 6.489634048445691583e-01
1.250000000000000000e-01 1.479235973567449847e-02
2.500000000000000000e-01 3.113090254857908690e-02
3.375000000000000000e+00 9.145552839010608892e-01
2.500000000000000000e-01 4.059636079147210808e-02
3.750000000000000000e-01 5.261670027133780181e-02
1.250000000000000000e+00 2.731919376084603890e-01
5.000000000000000000e-01 9.447264815886713407e-02
3.750000000000000000e-01 7.758535199032801088e-02
3.750000000000000000e-01 6.113857322138427364e-02
5.000000000000000000e-01 8.897939041044145014e-02
3.750000000000000000e-01 5.761782496933731679e-02
5.000000000000000000e-01 1.078186245198895499e-01
2.500000000000000000e-01 3.542960584093535203e-02
2.500000000000000000e-01 3.101540158833682170e-02
2.500000000000000000e-01 3.314457501256473648e-02
6.250000000000000000e+00 4.065147006495257287e+00
2.125000000000000000e+00 8.452497708243602581e-01
6.250000000000000000e-01 1.172496925467729767e-01
1.250000000000000000e-01 1.557721350103591362e-02
7.500000000000000000e-01 1.404522386549005297e-01
8.750000000000000000e-01 2.234070643995762495e-01
5.000000000000000000e-01 8.504920973418617081e-02
7.500000000000000000e-01 1.743547469561783636e-01
8.750000000000000000e-01 2.014399744848001106e-01
2.500000000000000000e-01 3.837862066633457303e-02
8.750000000000000000e-01 3.883399160105125425e-01
7.500000000000000000e-01 1.860894155070114131e-01
1.000000000000000000e+00 5.161825291892938594e-01
1.875000000000000000e+00 1.642197839161852357e+00
6.250000000000000000e-01 9.568313351994328642e-02
5.000000000000000000e-01 1.184616811042915607e-01
5.000000000000000000e-01 9.438556362565853064e-02
1.250000000000000000e-01 1.394286772546626807e-02
7.500000000000000000e-01 2.823823834199976623e-01
1.250000000000000000e-01 1.615820970222614505e-02
2.500000000000000000e-01 4.247273764319325906e-02
2.500000000000000000e-01 3.930075222577356087e-02
1.250000000000000000e-01 1.472870483581800727e-02
1.250000000000000000e-01 1.431273847895786488e-02
2.500000000000000000e-01 2.919036942567121429e-02
2.500000000000000000e-01 3.490965475695340103e-02
3.750000000000000000e-01 4.932201702922078823e-02
1.875000000000000000e+00 4.534839275788518087e-01
3.750000000000000000e-01 4.713979540220503139e-02
2.500000000000000000e-01 2.814690255020080301e-02
2.500000000000000000e-01 3.391432222838997035e-02
1.250000000000000000e-01 1.455724003678238176e-02
1.750000000000000000e+00 6.152188039510839701e-01
3.750000000000000000e-01 5.579084543622991887e-02
1.250000000000000000e-01 1.552799591089115694e-02
3.750000000000000000e-01 5.448389282620214047e-02
5.000000000000000000e-01 7.814430895908985875e-02
3.750000000000000000e-01 5.474713187609392406e-02
5.000000000000000000e-01 1.122526419880562898e-01
2.500000000000000000e-01 3.638902041842495549e-02
3.750000000000000000e-01 7.283544910011396922e-02
2.500000000000000000e-01 3.218592728582247986e-02
8.750000000000000000e-01 1.670653555402736856e-01
3.750000000000000000e-01 5.222930488420995943e-02
1.625000000000000000e+00 9.183943641034759686e-01
1.000000000000000000e+00 2.430613814595865563e-01
7.500000000000000000e-01 1.343623075376996212e-01
8.750000000000000000e-01 1.713154339454581176e-01
6.750000000000000000e+00 3.169693021931129007e+00
5.000000000000000000e-01 1.224214524029099138e-01
5.000000000000000000e-01 1.105383025359136795e-01
3.750000000000000000e-01 6.003615268679851624e-02
3.750000000000000000e-01 5.692809394898068476e-02
1.250000000000000000e-01 1.399106612040545983e-02
1.250000000000000000e+00 3.251888867813135242e-01
2.250000000000000000e+00 8.131784750488693092e-01
8.750000000000000000e-01 2.075952502255349330e-01
5.000000000000000000e-01 7.189002919227149846e-02
1.625000000000000000e+00 8.485185044282155253e-01
5.000000000000000000e-01 8.452236633992105119e-02
6.250000000000000000e-01 1.361944649459625456e-01
6.250000000000000000e-01 1.132032756467320489e-01
8.750000000000000000e-01 1.742365888754222603e-01
1.250000000000000000e-01 1.495778683795911945e-02
2.500000000000000000e-01 3.124670493052583709e-02
1.250000000000000000e-01 1.398963095363781051e-02
1.250000000000000000e-01 1.527980712097143368e-02
5.000000000000000000e-01 1.024723774779916496e-01
2.500000000000000000e-01 2.997002867254039415e-02
3.750000000000000000e-01 6.636012563745019577e-02
1.625000000000000000e+00 4.468477099983059198e-01
6.250000000000000000e-01 1.175425119337734081e-01
7.500000000000000000e-01 1.575188834011984618e-01
3.750000000000000000e-01 5.432430282912159569e-02
3.750000000000000000e-01 6.031604564074255492e-02
2.500000000000000000e-01 2.874158380578473171e-02
5.000000000000000000e-01 1.044291441320202019e-01
3.750000000000000000e-01 7.247776363277491640e-02
2.500000000000000000e-01 3.166116898264803581e-02
2.500000000000000000e-01 3.076434408843065071e-02
8.750000000000000000e-01 1.497196153817146325e-01
6.250000000000000000e-01 1.292850936481380053e-01
1.500000000000000000e+00 4.894646442471177750e-01
7.500000000000000000e-01 1.291211073451075109e-01
5.000000000000000000e-01 7.558187414847994390e-02
3.750000000000000000e-01 5.209186931464282466e-02
6.250000000000000000e-01 9.259497583801845622e-02
3.750000000000000000e-01 6.810879454920648612e-02
2.875000000000000000e+00 1.444385540319579775e+00
5.000000000000000000e-01 9.938753688653134688e-02
1.000000000000000000e+00 1.461553493885783261e-01
3.750000000000000000e-01 6.241488895650393331e-02
1.250000000000000000e-01 1.468186751611177954e-02
1.250000000000000000e-01 1.489793169861464150e-02
5.000000000000000000e-01 1.075530974621745628e-01
6.250000000000000000e-01 1.107200763315061565e-01
2.500000000000000000e-01 3.794525545437021918e-02
2.500000000000000000e-01 3.021669805920002005e-02
5.000000000000000000e-01 8.347956113148136126e-02
3.750000000000000000e-01 5.761328269350496356e-02
2.125000000000000000e+00 6.194596284382463125e-01
2.500000000000000000e-01 3.206386546982020747e-02
3.750000000000000000e-01 6.140401978119225390e-02
