1.514199999999998707e-02 3.858499000000000911e-03
2.151000148768054954e-02 7.615764999999997432e-03
2.499944999395153217e-02 4.266717134732042963e-03
3.541765943706479819e-02 3.606142999999998721e-03
4.205718636570981994e-02 4.686452999999998412e-03
5.012417264535284911e-02 9.216945538182702222e-03
6.254403648630417478e-02 4.831510999999998404e-03
6.661311219066351486e-02 4.520485277370559982e-03
8.463925153260624945e-02 3.910999999999998679e-03
9.626659337485236889e-02 6.674908999999997969e-03
1.126031837915786593e-01 3.875625999999998770e-03
1.348513351806383265e-01 4.850871999999999996e-03
1.569132303052673816e-01 4.602238765684585863e-03
1.879843545402740124e-01 4.496007764041895505e-03
2.142761265960365646e-01 4.259445384383275801e-03
2.502135328621274968e-01 4.164606923064769102e-03
2.945142938938490329e-01 4.120341778119867605e-03
3.526544373731299586e-01 4.062338741862991584e-03
4.133606873564167339e-01 3.483231419269181266e-03
4.869504289564773325e-01 3.210604274119594360e-03
5.731271846632260969e-01 3.329245000000001075e-03
6.725118536501777378e-01 3.683022999999998812e-03
7.928321469895124318e-01 3.371778999999998794e-03
9.302119549559674239e-01 3.118729168249143990e-03
1.088617168246011069e+00 3.214283995713508677e-03
1.277494847347730333e+00 3.390567999999999620e-03
1.503822339439995659e+00 3.226409122579310378e-03
1.763524954423000279e+00 3.460696454448150636e-03
2.056820582616769588e+00 3.212808999999998329e-03
2.359205381691044767e+00 3.537818000000000299e-03
