1.471586186704674885e-02 1.417404999999999915e-01
1.746432743786318492e-02 1.349702000000000193e-02
2.092823188900574602e-02 1.085698000000000218e-02
2.608355209652419085e-02 2.699969000000000414e-03
3.067066477613426129e-02 1.135624000000000078e-01
3.615205664965745469e-02 3.282549000000000924e-03
3.910910379949834176e-02 5.571773000000002952e-03
4.220404173346426618e-02 6.690656000000000554e-03
4.812141017207337973e-02 5.358806955595989303e-03
5.319235377382731250e-02 3.157270999999998821e-03
6.106482457192465713e-02 6.130835000000002880e-03
6.843741328819784309e-02 5.093767999999998519e-03
7.669933568480231945e-02 1.167585999999999798e-02
8.600413123588893094e-02 4.804203999999999419e-03
9.227329028489224261e-02 4.895430999999996965e-03
1.024980219321335734e-01 6.767488999999998062e-03
1.172480707730396698e-01 3.916469000000000547e-03
1.328974729236947760e-01 3.291732254373220309e-03
1.488374697446846751e-01 3.167026999999998909e-03
1.689538496158048964e-01 3.384091999999999569e-03
1.878264612103707765e-01 3.566402597372317611e-03
2.071234087840983784e-01 5.797727035989188975e-03
2.339311811615489012e-01 5.031805641129335691e-03
2.635964785058859672e-01 4.932614821891631238e-03
2.914853630973602838e-01 6.270129000000000154e-03
3.205564360811331559e-01 5.000221737049867325e-03
3.651026936356394637e-01 5.677488999999999106e-03
4.022231904055260099e-01 3.051837999999998559e-03
4.579871699766542292e-01 3.182205579665620208e-03
5.178421554875571875e-01 2.557689999999999183e-03
