# drho_hcp drho_bcc avalancheSize
-2.260092456641547756e-06 -2.487252760605101750e-07 2.869607754910980635e+00
9.283982569357426828e-02 1.950524092123705547e-02 1.669279641859953500e+01
1.679274294118598965e-03 -8.837883477584504432e-04 1.601346730502848648e-01
1.872744832591033415e-03 -8.434176257109890495e-04 1.968817957624075798e-01
-2.010864345177193480e-03 -1.254834332196211322e-03 4.644122021379536863e-02
-3.144564379741351945e-03 -2.964032983333655946e-04 1.005384555475050401e-01
-1.374185950392292632e-03 -3.540155151023488544e-03 2.379363314070497004e-01
5.272861438510120791e-03 -1.335443173559811014e-04 1.504384276555059130e-01
1.309312626334574459e-04 3.240841193717612645e-04 4.031859601384418096e-02
3.034121424479466200e-03 -8.986756536095708014e-04 8.116421116622538068e-02
2.405615164629143488e-04 -3.592406218663132117e-03 7.568231253722507157e-02
3.348092677810582396e-03 -3.099507986653662894e-04 8.682258276959640975e-02
-3.597511553827259512e-04 -3.039437166400399404e-04 1.359984257762465905e-02
-8.175715445814663029e-04 5.061220117200259869e-03 8.859213997580583921e-02
-7.947762868338315023e-04 5.273665083066324949e-04 4.188743969314467214e-02
2.154207039547217928e-04 -9.670898976159129912e-04 5.990340850348691709e-02
-8.427307670834105480e-04 1.211526180064190217e-03 4.622757063462880345e-02
-1.848689344649809274e-03 -1.494778493702920985e-03 7.407953015236233563e-02
-5.225623626405190292e-04 -1.403220894617630138e-03 3.159033475093576959e-02
5.033025656048795149e-04 -2.938709054055334280e-04 5.103172077949541530e-02
-1.092894868635702066e-03 1.436980657492925584e-03 1.023215876326184215e-01
-8.539433951669506140e-04 -1.313428673695235180e-03 5.685815820550088606e-02
-1.994247213428446130e-03 -1.102309426098922740e-04 3.631694616041054174e-02
2.304313938596092015e-03 9.437675436171130000e-04 6.628693400476688702e-02
-1.945899904983727779e-04 -3.379251219886164614e-04 1.908996923489449798e-02
9.132904262185159716e-05 -1.039668941430836602e-03 1.003437237730189779e-01
1.818029814745214523e-04 3.713863059210016637e-04 1.226054653170262007e-02
6.926150190916247062e-04 7.186694703101934728e-04 3.714544552618024437e-02
1.251964862789639588e-03 6.313657805469882062e-04 2.530436669776965630e-02
-2.509253685212459173e-03 3.801095269118179992e-04 2.540802074916631223e-02
-1.289167194533868965e-03 1.313047713443270953e-03 4.817999923845993349e-02
2.766001469131640356e-05 -5.490893860272162696e-04 4.181399005095343818e-02
-4.997630782773709868e-04 -1.957707584059296957e-04 3.299470479163910119e-02
2.610969477650215698e-03 -5.165553554886161136e-04 3.304102591192525917e-02
6.305013488901167751e-04 7.094030428668393617e-04 8.801064058809780766e-02
-4.033770935834596338e-03 -2.361231210816437318e-03 1.998361782370433326e-01
-4.647775296062611750e-04 -1.700917906511823646e-04 3.205528579516074561e-02
-4.910723848235293287e-04 8.565502945969763471e-04 8.817539805077556636e-02
2.316131034831359070e-03 -1.322820040396015251e-03 1.089217966492923850e-01
-4.103527796114808668e-03 2.174166686382688479e-03 1.018441471474322568e-01
-2.892402623065615241e-04 -4.235512743527528046e-03 5.628588257117901616e-02
2.217161584707721955e-03 1.077842795376000168e-03 3.983800138502212318e-02
-1.405522609496945297e-04 1.571448569531522232e-04 4.732818320485180502e-02
-2.568989488036022006e-03 6.121044807246567299e-04 1.338461871426164795e-01
-8.921698174341463616e-04 2.755070397839152335e-03 7.645252049077437551e-02
-1.278173931222592596e-04 -2.132365791708609043e-04 1.195890679882332351e-02
7.393261256832817097e-05 4.874447344064905541e-04 1.300636152224916506e-02
1.574466192596643555e-03 -1.504759193182880761e-03 1.000966332949737025e-01
6.825552078629226749e-05 -1.595212360726641632e-04 1.235759676156439855e-02
-3.546637030074628605e-04 6.309032221418903186e-04 2.112465311326266332e-02
3.626704134947755787e-04 -1.185241839006326292e-04 1.997434459862493586e-02
0.000000000000000000e+00 0.000000000000000000e+00 5.973970918310964051e-03
-1.748258281179276841e-03 1.109995817461031931e-03 3.500884785143890121e-02
1.905366213194356617e-03 -3.722778615061136942e-04 1.201741954568436022e-01
-5.319138810703366582e-04 -4.226909888679051402e-03 7.793463206008333088e-02
1.218734950403171924e-03 -1.876685816511430849e-03 7.534960728975648170e-02
-1.144208835401200330e-04 -1.078189650470053051e-03 9.930283112985296978e-02
-1.886603795009433870e-03 -2.064173161767197603e-03 2.066401933954104264e-01
-1.767216336602345228e-03 4.379775757147024579e-04 3.767233310440968319e-01
-1.037175177766871959e-03 -1.094694986653810959e-03 3.715397086673120214e-02
8.693690182444563375e-04 1.970003810515819076e-03 5.759976397747853388e-02
-3.047401739202523774e-03 -1.237008670421715917e-04 8.729883403370339301e-02
3.417535335901861204e-04 7.437285318442309057e-04 4.538749318190943294e-02
5.813460009299650788e-03 -3.321965431731958851e-03 1.694242389038891072e-01
-5.757461950229442182e-04 -5.657927595158866729e-04 7.023369632688174213e-02
-1.829716292968977531e-03 3.891088814659080658e-04 1.019171148839690677e-01
1.203033501562852936e-03 2.248203535034128814e-04 5.812361141317543695e-02
-2.314662610245210583e-04 -1.267081134833097575e-03 1.050459294863733545e-01
1.260987623719608819e-03 8.065024282960641527e-04 6.777907080466383238e-02
1.024218845434077263e-03 -3.608088048396105446e-04 2.691793124719767949e-01
-2.012617689081189210e-03 1.771484990682527585e-03 5.307064081326333393e-02
6.773767831392135674e-04 -9.083584112454280712e-04 5.278851069673982932e-02
1.940528383686537794e-03 -1.489407183196303497e-03 1.974868808362318651e-01
4.265691983355301975e-04 4.533065247616391985e-04 1.855496740147464727e-02
-1.016697987366518841e-03 -2.864878926708806436e-03 1.117340804119730524e-01
1.810743619379856506e-03 5.885057235909697121e-04 1.099315153412772916e-01
-3.017643260434937913e-04 -1.341072361968082688e-04 5.235263855370270863e-02
-5.916835223268440691e-04 -1.138162906228241608e-03 1.957408283822813511e-01
-7.072007322295181808e-05 4.709915787959578076e-04 1.307859170725041500e-02
2.129519568429036336e-03 -3.637753053329154107e-03 8.067649108159014038e-02
-7.975470920641714034e-05 8.933112729638242183e-04 2.784001171132336611e-02
9.060965154143729716e-04 2.064004475546485362e-04 7.623403837731906885e-02
1.211283240928437421e-03 -1.569916875354664815e-03 5.634228868414117852e-02
0.000000000000000000e+00 0.000000000000000000e+00 5.919346132992220344e-03
1.502204495602302292e-03 2.695433362100881081e-04 1.821470199852808988e-02
-2.910860242515897478e-03 2.653533046256088823e-04 3.543110626106561051e-02
-2.215963500644957396e-04 -8.624050148755418865e-05 1.207791210837461625e-02
8.953223782557501176e-04 -7.779573908751578892e-04 6.805137762955076886e-02
-2.182842653204855599e-03 2.017018413271981503e-03 8.550412197475358578e-02
7.946734927475884724e-04 -5.111596977348115134e-05 4.595332384395006686e-02
5.622172894024918266e-04 -4.087494773817538368e-04 3.885444141010884617e-02
-3.933210732569261681e-03 -1.976069934098292208e-03 1.252244025371996305e-01
-4.102180594011961556e-04 -6.595188852890222081e-04 8.590497737151463198e-02
-1.562678678475981631e-03 -2.781969155535904056e-03 1.467271909675773867e-01
-1.119224174516292303e-04 3.232719816107162969e-04 2.925934299501557409e-02
-8.200464166568249835e-04 -1.939286837630768701e-04 1.904597905651066875e-02
-2.094826288765588851e-04 -3.091089656602485913e-04 6.339051753626839814e-02
1.388436496543327126e-03 5.097630466016980777e-05 4.871792416615898513e-02
3.402311239160321632e-03 -8.109480980201446559e-04 5.624191681749733662e-02
-1.834151593433586136e-03 4.856461807723156873e-04 3.340127152562086255e-02
2.162952566086423500e-04 1.111778824243628977e-03 4.771914256279335964e-02
4.514022655001947992e-04 5.269585689043378152e-04 2.568699882604228574e-02
-9.634761330808566671e-04 9.706544024439510421e-05 1.771285075694557093e-02
1.541121507744630525e-03 2.567740434972614998e-03 8.610323371296552120e-02
-4.177543360210089762e-04 3.179559481805618176e-04 1.163586066933232181e-02
-2.279560398549498879e-03 -3.516189254440960782e-04 8.618745655858317534e-02
2.625574170925237816e-06 -4.633517467292694314e-05 3.810328187544066020e-02
3.357273784112130288e-04 -7.337339395892001487e-04 1.898237185799702548e-02
1.293415395979449767e-03 -1.812107693680195183e-03 1.440574605386633067e-01
7.091225930999922600e-04 4.795560593029869062e-04 7.346038939879855068e-02
-1.569780690847247251e-03 3.195540571123598253e-03 1.056990872055735137e-01
8.863574878351099251e-05 2.656087081309970593e-04 3.694075967857449877e-02
4.933000211529009471e-04 1.156044222558712947e-03 3.579073273154403934e-02
-1.526430373324297318e-03 -6.497448308823497443e-06 4.369418688694910041e-02
-9.508232358831636422e-04 7.236987926507940094e-04 6.146495047183032218e-02
1.090274825190640229e-04 -6.885967077248020263e-05 1.278375709472953474e-02
-2.636689887696358481e-03 1.880171784870814100e-03 1.580812814526852683e-01
1.675180959553712601e-03 3.342127061471951953e-03 1.184112249244115567e-01
-2.300867279211860073e-05 2.213404269160740984e-04 1.161146780858805447e-02
-5.192550148716834624e-04 -1.818362648439396378e-04 5.647130612974606001e-02
1.037499829422985909e-03 1.038349416008256532e-03 8.085146970520325216e-02
-6.557881513802044093e-04 -2.161734162071715648e-03 1.725061054587257725e-01
-2.195170366868087752e-04 -1.732722702321913208e-03 7.089612091891014933e-02
-6.409871020566920707e-04 5.156074873315374951e-04 3.555242451689225036e-02
2.278807848674804792e-03 -2.029697784813362313e-03 9.938301815105488046e-02
-3.434022670296757451e-03 3.128633351978764299e-04 6.368700553535835973e-02
-1.773957607185336349e-03 -6.985555722074671819e-04 8.971779841279471646e-02
7.762231545220543705e-05 -3.531988672775439320e-04 8.452683279953446260e-02
-8.794130143619516282e-04 -2.012886700982190885e-03 1.138295899720000032e-01
4.521797693114448791e-04 8.895499057673846022e-04 5.939792048703712579e-02
2.864751384923869271e-03 1.436196168389299727e-04 6.658821724709591827e-02
1.479198916018137355e-03 2.802407135166426477e-04 3.425093521479337377e-02
1.018356607856998886e-03 -1.300663652387255842e-03 4.768175505546352194e-02
-8.584700343380879950e-04 5.982732807309487644e-06 2.031562913473804188e-02
9.617974056990857834e-04 5.036879613257230770e-04 7.805713212083899288e-02
-1.784357091322713584e-04 -1.442629002815064981e-04 1.960433893580319081e-02
7.889077851597064983e-04 -1.447074988702445886e-04 3.049528155229370291e-02
-2.270218693424946865e-04 -4.006373773205850614e-04 1.977033782305107068e-02
4.306272610490741171e-04 4.962537235557312743e-04 5.491263718306674257e-02
-3.201657470677798933e-04 -2.357864774592387941e-04 3.150577098493118067e-02
-3.027627127930310191e-04 -1.888598902250390732e-04 1.233478616888727258e-02
-1.052885045055296231e-03 -8.401538881348466492e-04 6.366094017472702371e-02
-1.214139833286748127e-03 5.022940553001623704e-04 5.318101074762459496e-02
-2.218489662398029361e-03 -1.841824112218361925e-03 7.405806388863955814e-02
6.563316961255283299e-04 4.418742513547686823e-04 5.432323630672852843e-02
-2.065559051064813634e-03 -1.181214331931241049e-03 2.600351310396817328e-01
-1.070079679324043020e-03 1.381443424632068651e-03 8.343638065147372662e-02
8.243329826697343155e-05 -9.898943723903267516e-04 4.134373652245595943e-02
9.424886273547150584e-04 -3.878449466145870994e-04 2.414504143523625926e-02
-7.796131557050584027e-04 1.192990646603740712e-04 2.740551382433545000e-02
0.000000000000000000e+00 0.000000000000000000e+00 5.850182626556926779e-03
1.803513080234284138e-03 -7.462414695000012949e-04 6.436306075012036831e-02
-2.677888217872376186e-03 -1.796250184859862764e-04 6.929298059125993392e-02
-6.100575424300008764e-04 2.661452558015871273e-05 1.894613217881222639e-02
-2.853350398328430293e-04 -3.993292223900789251e-04 2.081210622028208113e-02
-2.033207706266110248e-04 -2.794668145440874774e-04 1.939507256023731072e-02
6.117837313299595570e-04 1.239597381966526385e-03 1.529539985286458570e-01
2.523171974045529398e-04 -2.100331547789605763e-04 9.090358252414448836e-02
-1.027271997770737300e-03 2.684054702853946872e-03 1.025453465012444859e-01
-2.265100024794519662e-03 -3.108642624237451663e-04 1.053249718738569207e-01
1.061148001497841387e-04 -6.621244644794931078e-04 3.243770909891022930e-02
-1.287997424019651782e-03 -1.244565589930022795e-03 1.886622533929714907e-01
-6.067113718782463083e-04 -1.584235293619548623e-04 1.974468061995418230e-02
-1.056662674115319001e-03 1.007004007175325150e-04 3.742321336173495272e-01
-3.541360266395565670e-04 1.431952794622914568e-04 1.244471406470655517e-02
1.675963826648210753e-03 8.691541145776325583e-04 8.251169331185174982e-02
-8.782270580412199212e-04 -1.568275619301510299e-03 2.722996157033296533e-02
1.622779293866477568e-03 -1.591032973046493243e-03 9.682800381729006478e-02
6.690156795983448479e-04 2.787546200751379183e-04 3.056085011407670693e-02
-1.868176626762946269e-04 -2.233837813958063079e-04 1.351963416567697474e-02
2.097469931972947843e-03 -1.411204246701980997e-04 3.807466199407897461e-02
3.402367567985564722e-03 -1.576079501738813018e-03 1.323289567009327816e-01
-1.191841673160373705e-03 3.076627155629320376e-04 2.832200457762876905e-02
5.308136899355997418e-04 -2.477555793146039506e-03 7.136019234343515816e-02
-8.143640066170104719e-04 -9.775011582805175764e-04 1.219093186518306476e-01
-2.630972150118038311e-04 1.092805095551686867e-04 9.507713414912388750e-02
-9.940570853535640738e-04 -9.092727206607021523e-04 1.610631784195755700e-01
1.213379352448390458e-03 7.819784213227969766e-04 4.133531670721732332e-02
-6.545901402463111252e-04 -4.335805575630784225e-05 1.322653047125262049e-02
-2.729478116602068738e-04 1.381807002815305802e-03 1.068458703646231189e-01
7.578625633953284257e-04 -1.834025436508745360e-03 5.072499921094700270e-02
0.000000000000000000e+00 0.000000000000000000e+00 5.929835816689162965e-03
-7.278976655413077479e-04 6.283788185468611176e-05 7.656551027837264767e-02
3.111874909336731498e-05 -4.309390056983775086e-04 2.002768269622717465e-02
-1.579530902667852788e-03 -8.480648120130027806e-04 1.420521568060153228e-01
6.956474785872746036e-04 1.169380317539389993e-03 1.997453867732038313e-01
1.386827092708931009e-04 -3.801318352498084252e-03 1.137688835046080371e-01
3.586987369186001029e-04 3.482395319955316690e-03 9.963811710997867721e-02
2.311744864865739046e-04 2.018291000288972153e-04 5.909047650081635655e-02
-9.277916547026504590e-04 1.363972623717919080e-03 7.562433791508416103e-02
-1.189413027218172436e-04 -2.972094690143530643e-04 1.243977638967763005e-02
4.180529437078542299e-03 8.366518324601848744e-04 1.502866359128703366e-01
-1.007563108965117693e-03 -5.198307397592319412e-04 9.854902532202858279e-02
1.133126961152405854e-03 1.319641869858969446e-03 5.317678392535410414e-02
-1.171863386569382826e-03 -6.103596405843021711e-04 5.284072440662714726e-02
1.490746167427919877e-03 9.953362766545997137e-04 5.770623656897291842e-02
-9.117761563885717901e-05 4.540511569985951346e-05 1.259021513581399382e-02
9.630124688903007879e-05 1.020135883568832821e-03 4.332468149983401129e-02
6.551672384076667743e-05 -3.659845829594547684e-04 4.223930536034992828e-02
-4.578097151024806966e-04 1.742441645701380340e-03 8.615002689495679378e-02
2.906408738646837353e-05 3.032337283497416047e-04 1.809815844957270159e-02
2.932201407672280213e-04 -4.233774105325913834e-04 3.444570738484612621e-02
-1.234183820369716411e-04 -2.741613492390146400e-04 2.047508243798324204e-02
6.283439005042301684e-04 8.584780278858214486e-05 2.231095795606139257e-02
-7.143217653669819978e-05 1.869858196688308286e-03 5.749126086715573847e-02
-5.808285809942581590e-04 -8.990615616758096396e-04 6.643671211490148609e-02
-2.039190030210941140e-04 -8.563611359780325810e-04 5.268569871271307214e-02
8.849147423124897882e-04 1.235089034562869906e-03 3.463373344998484094e-02
0.000000000000000000e+00 0.000000000000000000e+00 5.827260260602488279e-03
5.860765061071054882e-04 2.926163098658333961e-04 3.230271555236622488e-02
7.113559979863431915e-04 1.466133994695063836e-04 4.070677162479042349e-02
-1.171214297229536405e-03 2.222799447439017390e-04 4.920355464751618307e-02
5.317807849786471142e-04 -4.322570356727860330e-04 4.497998297931686540e-02
2.165881076470060895e-04 4.689385686206023335e-04 4.110317018878503065e-02
-1.109354398641071437e-03 5.525114818510229453e-04 2.789131156346198043e-02
1.359059214002936167e-03 8.972747367986966954e-04 7.156252302669771637e-02
1.902493256237342001e-03 1.001405555095067484e-03 1.169752800930518311e-01
-4.216905123448355663e-04 5.355365768133606152e-05 2.344127895995093760e-02
-2.144693454255164333e-04 -1.501585494347382199e-05 6.207203735736886718e-02
