# itime ezz other fcc hcp bcc cubicDiamond hexDiamond
0.000000000000000000e+00 0.000000000000000000e+00 4.893035958124715423e-03 9.951069640418752638e-01 0.000000000000000000e+00 0.000000000000000000e+00 0.000000000000000000e+00 0.000000000000000000e+00
3.000000000000000000e+01 1.199994065250931108e-02 2.275830678197541916e-03 9.977241693218024121e-01 0.000000000000000000e+00 0.000000000000000000e+00 0.000000000000000000e+00 0.000000000000000000e+00
6.000000000000000000e+01 2.399988130501840011e-02 4.779244424214838804e-03 9.952207555757851543e-01 0.000000000000000000e+00 0.000000000000000000e+00 0.000000000000000000e+00 0.000000000000000000e+00
9.000000000000000000e+01 3.599982195752771119e-02 7.396449704142011444e-03 9.926035502958580059e-01 0.000000000000000000e+00 0.000000000000000000e+00 0.000000000000000000e+00 0.000000000000000000e+00
1.200000000000000000e+02 4.799976261003702227e-02 1.684114701866181243e-02 9.831588529813382049e-01 0.000000000000000000e+00 0.000000000000000000e+00 0.000000000000000000e+00 0.000000000000000000e+00
1.500000000000000000e+02 5.999970326254633335e-02 1.900318616294947513e-02 9.809968138370505075e-01 0.000000000000000000e+00 0.000000000000000000e+00 0.000000000000000000e+00 0.000000000000000000e+00
1.800000000000000000e+02 7.199964391505542238e-02 4.733727810650887463e-02 9.526627218934911046e-01 0.000000000000000000e+00 0.000000000000000000e+00 0.000000000000000000e+00 0.000000000000000000e+00
2.100000000000000000e+02 8.399958456756473346e-02 1.029813381884387841e-01 8.970186618115612021e-01 0.000000000000000000e+00 0.000000000000000000e+00 0.000000000000000000e+00 0.000000000000000000e+00
2.400000000000000000e+02 9.599952522007404454e-02 1.904870277651342647e-01 8.095129722348657353e-01 0.000000000000000000e+00 0.000000000000000000e+00 0.000000000000000000e+00 0.000000000000000000e+00
2.700000000000000000e+02 1.079994658725833556e-01 3.078060992262175444e-01 6.921939007737824001e-01 0.000000000000000000e+00 0.000000000000000000e+00 0.000000000000000000e+00 0.000000000000000000e+00
3.000000000000000000e+02 1.199994065250924447e-01 4.728038233955393910e-01 5.269685935366408280e-01 2.275830678197542133e-04 0.000000000000000000e+00 0.000000000000000000e+00 0.000000000000000000e+00
3.300000000000000000e+02 1.319993471776017557e-01 6.672735548475193790e-01 3.320436959490213891e-01 6.827492034592626399e-04 0.000000000000000000e+00 0.000000000000000000e+00 0.000000000000000000e+00
3.600000000000000000e+02 1.439992878301110668e-01 8.073509330905780379e-01 1.888939462903959920e-01 3.755120619025944465e-03 0.000000000000000000e+00 0.000000000000000000e+00 0.000000000000000000e+00
3.900000000000000000e+02 1.559992284826203779e-01 8.898497951752389890e-01 1.019572143832498806e-01 8.192990441511151245e-03 0.000000000000000000e+00 0.000000000000000000e+00 0.000000000000000000e+00
4.200000000000000000e+02 1.679991691351294669e-01 9.305871643149750128e-01 5.587164314974965573e-02 1.354119253527537488e-02 0.000000000000000000e+00 0.000000000000000000e+00 0.000000000000000000e+00
4.500000000000000000e+02 1.799991097876387780e-01 9.440145653163404260e-01 3.629949931725079404e-02 1.968593536640873831e-02 0.000000000000000000e+00 0.000000000000000000e+00 0.000000000000000000e+00
4.800000000000000000e+02 1.919990504401480891e-01 9.487938097405552718e-01 2.662721893491124328e-02 2.457897132453345374e-02 0.000000000000000000e+00 0.000000000000000000e+00 0.000000000000000000e+00
5.100000000000000000e+02 2.039989910926571781e-01 9.508420573509330787e-01 2.071005917159763482e-02 2.844788347746927612e-02 0.000000000000000000e+00 0.000000000000000000e+00 0.000000000000000000e+00
5.400000000000000000e+02 2.159989317451664892e-01 9.585798816568047442e-01 1.661356395084205573e-02 2.480655439235321044e-02 0.000000000000000000e+00 0.000000000000000000e+00 0.000000000000000000e+00
5.700000000000000000e+02 2.279988723976758003e-01 9.601729631315429891e-01 1.593081474738279601e-02 2.389622212107419055e-02 0.000000000000000000e+00 0.000000000000000000e+00 0.000000000000000000e+00
6.000000000000000000e+02 2.399988130501851114e-01 9.644970414201183839e-01 1.376877560309512985e-02 2.173418297678652786e-02 0.000000000000000000e+00 0.000000000000000000e+00 0.000000000000000000e+00
6.300000000000000000e+02 2.519987537026942004e-01 9.638142922166590409e-01 1.490669094219390124e-02 2.127901684114701791e-02 0.000000000000000000e+00 0.000000000000000000e+00 0.000000000000000000e+00
6.600000000000000000e+02 2.639986943552035115e-01 9.667728720983158608e-01 1.319981793354574502e-02 2.002730996813837164e-02 0.000000000000000000e+00 0.000000000000000000e+00 0.000000000000000000e+00
6.900000000000000000e+02 2.759986350077128225e-01 9.697314519799726806e-01 1.115157032316795548e-02 1.911697769685935522e-02 0.000000000000000000e+00 0.000000000000000000e+00 0.000000000000000000e+00
7.200000000000000000e+02 2.879985756602221336e-01 9.698452435138825711e-01 1.069640418752844727e-02 1.945835229858898507e-02 0.000000000000000000e+00 0.000000000000000000e+00 0.000000000000000000e+00
7.500000000000000000e+02 2.999985163127312227e-01 9.704142011834319126e-01 1.058261265361857065e-02 1.900318616294947513e-02 0.000000000000000000e+00 0.000000000000000000e+00 0.000000000000000000e+00
7.800000000000000000e+02 3.119984569652405337e-01 9.771279016841146747e-01 8.192990441511151245e-03 1.467910787437414627e-02 0.000000000000000000e+00 0.000000000000000000e+00 0.000000000000000000e+00
8.100000000000000000e+02 3.239983976177498448e-01 9.786071916249431402e-01 7.282658170232134826e-03 1.411015020482476144e-02 0.000000000000000000e+00 0.000000000000000000e+00 0.000000000000000000e+00
8.400000000000000000e+02 3.359983382702591559e-01 9.814519799726900695e-01 6.372325898953117539e-03 1.217569412835685025e-02 0.000000000000000000e+00 0.000000000000000000e+00 0.000000000000000000e+00
8.700000000000000000e+02 3.479982789227682449e-01 9.847519344560764498e-01 5.006827492034592909e-03 1.024123805188893906e-02 0.000000000000000000e+00 0.000000000000000000e+00 0.000000000000000000e+00
9.000000000000000000e+02 3.599982195752775560e-01 9.874829312699134887e-01 3.755120619025944465e-03 8.761948111060537808e-03 0.000000000000000000e+00 0.000000000000000000e+00 0.000000000000000000e+00
9.300000000000000000e+02 3.719981602277868671e-01 9.874829312699134887e-01 4.096495220755575623e-03 8.420573509330906217e-03 0.000000000000000000e+00 0.000000000000000000e+00 0.000000000000000000e+00
9.600000000000000000e+02 3.839981008802961782e-01 9.895311788802912956e-01 3.868912152935821518e-03 6.599908966772872511e-03 0.000000000000000000e+00 0.000000000000000000e+00 0.000000000000000000e+00
9.900000000000000000e+02 3.959980415328052672e-01 9.903277196176604180e-01 3.641329085116067413e-03 6.030951297223486815e-03 0.000000000000000000e+00 0.000000000000000000e+00 0.000000000000000000e+00
1.020000000000000000e+03 4.079979821853145783e-01 9.905553026854801990e-01 3.299954483386436255e-03 6.144742831133363434e-03 0.000000000000000000e+00 0.000000000000000000e+00 0.000000000000000000e+00
1.050000000000000000e+03 4.199979228378238894e-01 9.918070095584888834e-01 2.730996813837050560e-03 5.461993627674101119e-03 0.000000000000000000e+00 0.000000000000000000e+00 0.000000000000000000e+00
1.080000000000000000e+03 4.319978634903329784e-01 9.935138825671370189e-01 1.706873008648156654e-03 4.779244424214838804e-03 0.000000000000000000e+00 0.000000000000000000e+00 0.000000000000000000e+00
1.110000000000000000e+03 4.439978041428422895e-01 9.944242148384160318e-01 2.162039144287664864e-03 3.413746017296313308e-03 0.000000000000000000e+00 0.000000000000000000e+00 0.000000000000000000e+00
1.140000000000000000e+03 4.559977447953516005e-01 9.944242148384160318e-01 1.820664542558033706e-03 3.755120619025944465e-03 0.000000000000000000e+00 0.000000000000000000e+00 0.000000000000000000e+00
1.170000000000000000e+03 4.679976854478609116e-01 9.929449248975875664e-01 2.844788347746927612e-03 4.210286754665453109e-03 0.000000000000000000e+00 0.000000000000000000e+00 0.000000000000000000e+00
1.200000000000000000e+03 4.799976261003700007e-01 9.949931725079653733e-01 1.024123805188893906e-03 3.982703686845699004e-03 0.000000000000000000e+00 0.000000000000000000e+00 0.000000000000000000e+00
1.230000000000000000e+03 4.919975667528790897e-01 9.952207555757851543e-01 1.137915339098770958e-03 3.641329085116067413e-03 0.000000000000000000e+00 0.000000000000000000e+00 0.000000000000000000e+00
1.260000000000000000e+03 5.039975074053886228e-01 9.949931725079653733e-01 1.024123805188893906e-03 3.982703686845699004e-03 0.000000000000000000e+00 0.000000000000000000e+00 0.000000000000000000e+00
1.290000000000000000e+03 5.159974480578979339e-01 9.963586709148839482e-01 9.103322712790168532e-04 2.730996813837050560e-03 0.000000000000000000e+00 0.000000000000000000e+00 0.000000000000000000e+00
1.320000000000000000e+03 5.279973887104070229e-01 9.959035047792443862e-01 1.137915339098770958e-03 2.958579881656804664e-03 0.000000000000000000e+00 0.000000000000000000e+00 0.000000000000000000e+00
1.350000000000000000e+03 5.399973293629161120e-01 9.963586709148839482e-01 1.365498406918525280e-03 2.275830678197541916e-03 0.000000000000000000e+00 0.000000000000000000e+00 0.000000000000000000e+00
1.380000000000000000e+03 5.519972700154256451e-01 9.972690031861629611e-01 9.103322712790168532e-04 1.820664542558033706e-03 0.000000000000000000e+00 0.000000000000000000e+00 0.000000000000000000e+00
1.410000000000000000e+03 5.639972106679349562e-01 9.972690031861629611e-01 7.965407373691396923e-04 1.934456076467910759e-03 0.000000000000000000e+00 0.000000000000000000e+00 0.000000000000000000e+00
1.440000000000000000e+03 5.759971513204440452e-01 9.978379608557123026e-01 9.103322712790168532e-04 1.251706873008648227e-03 0.000000000000000000e+00 0.000000000000000000e+00 0.000000000000000000e+00
1.470000000000000000e+03 5.879970919729531342e-01 9.977241693218024121e-01 6.827492034592626399e-04 1.593081474738279385e-03 0.000000000000000000e+00 0.000000000000000000e+00 0.000000000000000000e+00
1.500000000000000000e+03 5.999970326254626674e-01 9.972690031861629611e-01 1.024123805188893906e-03 1.706873008648156654e-03 0.000000000000000000e+00 0.000000000000000000e+00 0.000000000000000000e+00
1.530000000000000000e+03 6.119969732779719784e-01 9.973827947200728516e-01 7.965407373691396923e-04 1.820664542558033706e-03 0.000000000000000000e+00 0.000000000000000000e+00 0.000000000000000000e+00
1.560000000000000000e+03 6.239969139304810675e-01 9.972690031861629611e-01 9.103322712790168532e-04 1.820664542558033706e-03 0.000000000000000000e+00 0.000000000000000000e+00 0.000000000000000000e+00
1.590000000000000000e+03 6.359968545829901565e-01 9.977241693218024121e-01 7.965407373691396923e-04 1.479289940828402332e-03 0.000000000000000000e+00 0.000000000000000000e+00 0.000000000000000000e+00
1.620000000000000000e+03 6.479967952354996896e-01 9.976103777878926326e-01 6.827492034592626399e-04 1.706873008648156654e-03 0.000000000000000000e+00 0.000000000000000000e+00 0.000000000000000000e+00
1.650000000000000000e+03 6.599967358880090007e-01 9.981793354574419741e-01 3.413746017296313199e-04 1.479289940828402332e-03 0.000000000000000000e+00 0.000000000000000000e+00 0.000000000000000000e+00
1.680000000000000000e+03 6.719966765405180897e-01 9.980655439235320836e-01 1.137915339098771066e-04 1.820664542558033706e-03 0.000000000000000000e+00 0.000000000000000000e+00 0.000000000000000000e+00
1.710000000000000000e+03 6.839966171930271788e-01 9.986345015930814251e-01 3.413746017296313199e-04 1.024123805188893906e-03 0.000000000000000000e+00 0.000000000000000000e+00 0.000000000000000000e+00
1.740000000000000000e+03 6.959965578455367119e-01 9.996586253982703285e-01 1.137915339098771066e-04 2.275830678197542133e-04 0.000000000000000000e+00 0.000000000000000000e+00 0.000000000000000000e+00
1.770000000000000000e+03 7.079964984980460230e-01 9.990896677287209870e-01 2.275830678197542133e-04 6.827492034592626399e-04 0.000000000000000000e+00 0.000000000000000000e+00 0.000000000000000000e+00
1.800000000000000000e+03 7.199964391505551120e-01 9.992034592626308775e-01 1.137915339098771066e-04 6.827492034592626399e-04 0.000000000000000000e+00 0.000000000000000000e+00 0.000000000000000000e+00
1.830000000000000000e+03 7.319963798030642010e-01 9.992034592626308775e-01 1.137915339098771066e-04 6.827492034592626399e-04 0.000000000000000000e+00 0.000000000000000000e+00 0.000000000000000000e+00
1.860000000000000000e+03 7.439963204555737342e-01 9.993172507965407680e-01 1.137915339098771066e-04 5.689576695493854790e-04 0.000000000000000000e+00 0.000000000000000000e+00 0.000000000000000000e+00
1.890000000000000000e+03 7.559962611080830452e-01 9.990896677287209870e-01 3.413746017296313199e-04 5.689576695493854790e-04 0.000000000000000000e+00 0.000000000000000000e+00 0.000000000000000000e+00
1.920000000000000000e+03 7.679962017605921343e-01 9.990896677287209870e-01 2.275830678197542133e-04 6.827492034592626399e-04 0.000000000000000000e+00 0.000000000000000000e+00 0.000000000000000000e+00
1.950000000000000000e+03 7.799961424131012233e-01 9.993172507965407680e-01 1.137915339098771066e-04 5.689576695493854790e-04 0.000000000000000000e+00 0.000000000000000000e+00 0.000000000000000000e+00
1.980000000000000000e+03 7.919960830656105344e-01 9.995448338643604380e-01 1.137915339098771066e-04 3.413746017296313199e-04 0.000000000000000000e+00 0.000000000000000000e+00 0.000000000000000000e+00
2.010000000000000000e+03 8.039960237181200675e-01 9.996586253982703285e-01 0.000000000000000000e+00 3.413746017296313199e-04 0.000000000000000000e+00 0.000000000000000000e+00 0.000000000000000000e+00
2.040000000000000000e+03 8.159959643706291565e-01 9.994310423304506585e-01 0.000000000000000000e+00 5.689576695493854790e-04 0.000000000000000000e+00 0.000000000000000000e+00 0.000000000000000000e+00
2.070000000000000000e+03 8.279959050231382456e-01 9.993172507965407680e-01 1.137915339098771066e-04 5.689576695493854790e-04 0.000000000000000000e+00 0.000000000000000000e+00 0.000000000000000000e+00
2.100000000000000000e+03 8.399958456756475567e-01 9.998862084660901095e-01 0.000000000000000000e+00 1.137915339098771066e-04 0.000000000000000000e+00 0.000000000000000000e+00 0.000000000000000000e+00
2.130000000000000000e+03 8.519957863281570898e-01 9.992034592626308775e-01 2.275830678197542133e-04 5.689576695493854790e-04 0.000000000000000000e+00 0.000000000000000000e+00 0.000000000000000000e+00
2.160000000000000000e+03 8.639957269806661788e-01 9.997724169321802190e-01 1.137915339098771066e-04 1.137915339098771066e-04 0.000000000000000000e+00 0.000000000000000000e+00 0.000000000000000000e+00
2.190000000000000000e+03 8.759956676331752679e-01 9.992034592626308775e-01 1.137915339098771066e-04 6.827492034592626399e-04 0.000000000000000000e+00 0.000000000000000000e+00 0.000000000000000000e+00
2.220000000000000000e+03 8.879956082856845789e-01 9.990896677287209870e-01 0.000000000000000000e+00 9.103322712790168532e-04 0.000000000000000000e+00 0.000000000000000000e+00 0.000000000000000000e+00
2.250000000000000000e+03 8.999955489381941121e-01 9.990896677287209870e-01 2.275830678197542133e-04 6.827492034592626399e-04 0.000000000000000000e+00 0.000000000000000000e+00 0.000000000000000000e+00
2.280000000000000000e+03 9.119954895907032011e-01 9.995448338643604380e-01 1.137915339098771066e-04 3.413746017296313199e-04 0.000000000000000000e+00 0.000000000000000000e+00 0.000000000000000000e+00
2.310000000000000000e+03 9.239954302432122901e-01 9.992034592626308775e-01 1.137915339098771066e-04 6.827492034592626399e-04 0.000000000000000000e+00 0.000000000000000000e+00 0.000000000000000000e+00
2.340000000000000000e+03 9.359953708957216012e-01 9.990896677287209870e-01 0.000000000000000000e+00 9.103322712790168532e-04 0.000000000000000000e+00 0.000000000000000000e+00 0.000000000000000000e+00
2.370000000000000000e+03 9.479953115482311343e-01 9.993172507965407680e-01 1.137915339098771066e-04 5.689576695493854790e-04 0.000000000000000000e+00 0.000000000000000000e+00 0.000000000000000000e+00
2.400000000000000000e+03 9.599952522007402234e-01 9.994310423304506585e-01 0.000000000000000000e+00 5.689576695493854790e-04 0.000000000000000000e+00 0.000000000000000000e+00 0.000000000000000000e+00
2.430000000000000000e+03 9.719951928532493124e-01 9.997724169321802190e-01 0.000000000000000000e+00 2.275830678197542133e-04 0.000000000000000000e+00 0.000000000000000000e+00 0.000000000000000000e+00
2.460000000000000000e+03 9.839951335057586235e-01 9.997724169321802190e-01 1.137915339098771066e-04 1.137915339098771066e-04 0.000000000000000000e+00 0.000000000000000000e+00 0.000000000000000000e+00
2.490000000000000000e+03 9.959950741582681566e-01 9.993172507965407680e-01 3.413746017296313199e-04 3.413746017296313199e-04 0.000000000000000000e+00 0.000000000000000000e+00 0.000000000000000000e+00
