# xlin
6.333289857683865876e-01
1.781296276814562596e+00
2.929263567860738604e+00
4.077230858906914612e+00
5.225198149953090621e+00
6.373165440999266629e+00
7.521132732045442637e+00
8.669100023091619533e+00
9.817067314137794654e+00
1.096503460518396977e+01
1.211300189623014667e+01
1.326096918727632357e+01
1.440893647832249869e+01
1.555690376936867381e+01
1.670487106041485248e+01
1.785283835146102760e+01
1.900080564250720272e+01
2.014877293355337784e+01
2.129674022459955296e+01
2.244470751564573163e+01
2.359267480669190675e+01
2.474064209773808187e+01
2.588860938878426055e+01
2.703657667983043567e+01
2.818454397087661079e+01
2.933251126192278591e+01
3.048047855296896103e+01
3.162844584401513970e+01
3.277641313506131837e+01
3.392438042610748994e+01
3.507234771715366861e+01
3.622031500819984018e+01
3.736828229924601885e+01
3.851624959029219752e+01
3.966421688133836909e+01
4.081218417238454776e+01
4.196015146343071933e+01
4.310811875447689800e+01
4.425608604552307668e+01
4.540405333656924824e+01
4.655202062761542692e+01
4.769998791866160559e+01
4.884795520970777716e+01
4.999592250075395583e+01
5.114388979180013450e+01
5.229185708284630607e+01
5.343982437389248474e+01
5.458779166493865631e+01
5.573575895598483498e+01
5.688372624703101366e+01
5.803169353807718522e+01
5.917966082912336390e+01
6.032762812016953546e+01
6.147559541121571414e+01
6.262356270226189281e+01
6.377152999330806438e+01
6.491949728435425016e+01
6.606746457540042172e+01
6.721543186644659329e+01
6.836339915749276486e+01
6.951136644853895064e+01
7.065933373958512220e+01
7.180730103063129377e+01
7.295526832167747955e+01
7.410323561272365112e+01
7.525120290376982268e+01
7.639917019481600846e+01
7.754713748586218003e+01
7.869510477690835160e+01
7.984307206795453737e+01
8.099103935900070894e+01
8.213900665004688051e+01
8.328697394109305208e+01
8.443494123213923785e+01
8.558290852318540942e+01
