# xlin
1.377208565145195962e+00
2.536246752401498661e+00
3.695284939657801360e+00
4.854323126914104058e+00
6.013361314170406757e+00
7.172399501426709456e+00
8.331437688683012155e+00
9.490475875939313966e+00
1.064951406319561755e+01
1.180855225045192114e+01
1.296759043770822295e+01
1.412662862496452476e+01
1.528566681222082835e+01
1.644470499947713193e+01
1.760374318673343197e+01
1.876278137398973556e+01
1.992181956124603914e+01
2.108085774850234273e+01
2.223989593575864632e+01
2.339893412301494635e+01
2.455797231027124994e+01
2.571701049752755353e+01
2.687604868478385356e+01
2.803508687204015715e+01
2.919412505929646073e+01
3.035316324655276432e+01
3.151220143380906791e+01
3.267123962106536794e+01
3.383027780832166798e+01
3.498931599557797512e+01
3.614835418283427515e+01
3.730739237009058229e+01
3.846643055734688232e+01
3.962546874460318236e+01
4.078450693185948950e+01
4.194354511911578953e+01
4.310258330637209667e+01
4.426162149362839671e+01
4.542065968088469674e+01
4.657969786814100388e+01
4.773873605539730391e+01
4.889777424265360395e+01
5.005681242990991109e+01
5.121585061716621112e+01
5.237488880442251116e+01
5.353392699167881830e+01
5.469296517893511833e+01
5.585200336619142547e+01
5.701104155344772551e+01
5.817007974070402554e+01
5.932911792796033268e+01
6.048815611521663271e+01
6.164719430247293985e+01
6.280623248972923989e+01
6.396527067698553992e+01
6.512430886424183996e+01
6.628334705149813999e+01
6.744238523875445424e+01
6.860142342601075427e+01
6.976046161326705430e+01
7.091949980052335434e+01
7.207853798777965437e+01
7.323757617503596862e+01
7.439661436229226865e+01
7.555565254954856869e+01
7.671469073680486872e+01
7.787372892406116875e+01
7.903276711131748300e+01
8.019180529857378303e+01
8.135084348583008307e+01
8.250988167308638310e+01
8.366891986034268314e+01
8.482795804759899738e+01
