# size duration
9.375000000000000000e+00 1.361615477970185673e+00
1.250000000000000000e+01 3.357017129746035167e+00
1.025000000000000000e+01 2.023014807195513853e+00
8.750000000000000000e+00 6.212360242914871655e-01
2.362500000000000000e+01 3.863632868147255373e+00
2.037500000000000000e+01 1.746188447357404971e+00
8.250000000000000000e+00 5.567060452116412428e-01
8.000000000000000000e+00 4.236364351380879079e-01
7.000000000000000000e+00 3.818765171660594149e-01
4.375000000000000000e+00 1.507993004257994762e-01
1.237500000000000000e+01 1.083111241003644309e+00
9.250000000000000000e+00 3.380307218222349253e-01
6.500000000000000000e+00 3.245095238204713795e-01
1.025000000000000000e+01 5.856424492392386938e-01
7.500000000000000000e+00 3.375458470550936063e-01
6.625000000000000000e+00 2.920508536919295128e-01
