# size duration
4.299999999999998268e-03 7.979913402451146442e-01
9.399999999999991696e-03 2.926941677789204999e+00
2.000000000000057288e-04 1.006489039955917562e-02
1.000000000000167422e-04 5.338463617698001144e-03
7.000000000000061728e-04 6.360547942818171874e-02
1.000000000000167422e-04 5.092509452497995075e-03
2.000000000000334843e-04 1.006074648408921204e-02
5.299999999999971401e-03 7.414229027204458644e-01
3.599999999999992095e-03 1.414250753371413039e+00
3.000000000000224709e-04 1.509222284693719635e-02
5.800000000000027356e-03 2.804605060320731980e+00
2.999999999999669598e-04 1.671486937609258788e-02
9.999999999998898659e-05 5.007413750424342079e-03
1.300000000000023359e-03 1.416196836031951567e-01
5.999999999999894307e-04 3.425115374953998509e-02
2.099999999999990763e-03 2.699084954789383595e-01
1.300000000000023359e-03 9.280742690837920361e-02
2.099999999999990763e-03 2.904978049594803546e-01
9.400000000000019451e-03 1.673645817637617661e+00
5.000000000000004441e-04 2.908071348240570328e-02
4.000000000000114575e-04 2.373087912929142812e-02
5.000000000000004441e-04 3.177456808257310417e-02
6.000000000000449418e-04 4.387051151889555245e-02
1.299999999999967848e-03 1.274400998573780308e-01
1.199999999999978861e-03 1.018697609069072474e-01
1.999999999999779732e-04 1.010656514400031999e-02
3.400000000000014122e-03 2.752017877641490529e-01
4.699999999999981970e-03 7.467993540915338624e-01
3.000000000000224709e-04 1.689601916973787130e-02
9.000000000000119016e-04 8.088072978271586277e-02
8.000000000000229150e-04 5.455284375836107202e-02
5.999999999999339195e-04 3.703264021779279630e-02
1.999999999999779732e-04 1.093882763520257449e-02
8.999999999999008793e-04 7.813191433813894415e-02
3.999999999999559464e-04 2.221693567639605391e-02
7.000000000000339284e-04 4.807310886498439295e-02
5.999999999999339195e-04 3.813484505386276202e-02
2.700000000000035705e-03 4.250564395869307899e-01
2.800000000000024691e-03 2.640506222496051825e-01
3.599999999999936584e-03 5.253528542274207291e-01
8.000000000000229150e-04 6.872517119729504298e-02
9.000000000000119016e-04 6.319371927528302790e-02
3.900000000000014566e-03 3.301066626706010698e-01
2.499999999999946709e-03 3.756023785522398795e-01
7.000000000000339284e-04 5.009661128160348281e-02
6.000000000000449418e-04 3.497363247134965131e-02
1.400000000000067857e-03 1.396546196145053709e-01
7.000000000000339284e-04 5.064148016919739481e-02
3.999999999999559464e-04 3.022050231347597413e-02
8.000000000000229150e-04 5.874578695311326315e-02
5.999999999999339195e-04 4.508525541278662896e-02
6.999999999999229061e-04 4.915422416349977952e-02
6.000000000000449418e-04 4.229355148446255208e-02
1.000000000000000888e-03 6.617559361959740594e-02
5.000000000000559552e-04 2.933007298569947907e-02
1.199999999999978861e-03 1.342092860755706440e-01
1.600000000000045830e-03 1.623596879628714795e-01
9.000000000000119016e-04 6.332952077591756657e-02
1.999999999999779732e-04 1.024671567393303090e-02
3.999999999999559464e-04 2.213431741024116453e-02
3.000000000000779821e-04 1.629457029622294675e-02
5.999999999999339195e-04 4.153616001067545610e-02
2.499999999999946709e-03 3.442757223529875898e-01
1.399999999999956835e-03 1.490785524297879028e-01
5.000000000000559552e-04 2.854482498137651120e-02
5.000000000000559552e-04 3.506915817824591414e-02
5.000000000000559552e-04 3.086674350087043744e-02
4.000000000000669687e-04 2.103019345032406187e-02
8.000000000000229150e-04 4.896002989677621098e-02
9.000000000000119016e-04 9.780125437830117230e-02
1.100000000000100897e-03 7.341945795396324914e-02
5.999999999999339195e-04 3.713313008960422712e-02
3.999999999999559464e-04 2.356505587331480384e-02
3.500000000000058620e-03 3.815366020531359426e-01
9.000000000000119016e-04 7.215493735163629185e-02
3.999999999999559464e-04 2.462329322018869809e-02
1.500000000000056843e-03 1.258419062413179135e-01
1.999999999999779732e-04 1.084168782815239651e-02
5.999999999999339195e-04 4.290844651213411576e-02
1.599999999999934808e-03 2.156879715960964283e-01
4.000000000000669687e-04 2.135214624199545733e-02
5.999999999999339195e-04 4.300369675910950540e-02
