# size duration
8.399999999999796518e-04 6.768278634023115747e-02
2.784000000000000363e-02 1.379635811381651855e+01
4.080000000000000293e-03 5.855043026546201679e-01
3.120000000000011653e-03 4.074102378707878946e-01
9.599999999999886402e-04 1.076694350978877890e-01
5.279999999999979154e-03 9.784560223009634017e-01
3.480000000000038618e-03 6.061066071973901792e-01
9.600000000000163958e-04 1.010544270445316861e-01
1.679999999999959304e-03 2.177486162358048816e-01
1.680000000000014815e-03 2.310911782037977646e-01
4.799999999999804423e-04 3.387774349523658968e-02
1.199999999999978861e-03 1.359894518264672392e-01
7.199999999999984190e-04 6.921378324101061519e-02
1.319999999999987850e-03 1.248893881472938477e-01
2.039999999999986269e-03 1.559996556564197667e-01
8.400000000000074074e-04 5.884072477858812850e-02
4.799999999999804423e-04 3.069448934423230774e-02
1.199999999999978861e-03 9.884796089493851079e-02
4.799999999999804423e-04 2.733300952050080404e-02
9.600000000000163958e-04 1.375774902341668215e-01
2.400000000000179767e-04 1.351188901422340979e-02
5.999999999999894307e-04 4.425901133941324839e-02
2.399999999999624656e-04 1.331482320565512655e-02
5.999999999999894307e-04 5.407486108037747041e-02
5.999999999999894307e-04 4.337059142433681569e-02
1.319999999999987850e-03 1.596731432933055084e-01
4.800000000000359535e-04 3.236257307079047629e-02
8.400000000000074074e-04 1.167730565617705468e-01
5.999999999999894307e-04 4.931397057084929009e-02
4.799999999999804423e-04 2.986772224099770029e-02
1.319999999999987850e-03 1.103520631916607014e-01
5.999999999999894307e-04 4.146669467320730079e-02
1.079999999999969873e-03 1.103228473201233045e-01
2.159999999999995257e-03 2.031171329978771756e-01
1.320000000000043361e-03 1.694177676765964424e-01
1.439999999999996838e-03 1.638515067937293956e-01
5.999999999999894307e-04 4.062843605085460219e-02
1.080000000000025384e-03 9.007615821126184474e-02
9.599999999999608846e-04 8.027643748356139142e-02
8.400000000000074074e-04 8.607350874694875975e-02
1.560000000000005826e-03 1.328945241615553108e-01
1.799999999999968292e-03 2.924862890896877676e-01
5.999999999999894307e-04 3.891917090552526881e-02
1.200000000000089884e-04 6.353772826003153615e-03
2.400000000000179767e-04 1.300080911661071793e-02
9.599999999999608846e-04 9.698420541278623963e-02
9.600000000000163958e-04 7.913475149113613494e-02
5.999999999999894307e-04 4.346867497954838566e-02
1.200000000000034373e-03 9.205959585555599511e-02
2.159999999999995257e-03 2.086127850156319352e-01
3.600000000000269651e-04 2.235577589488959432e-02
5.999999999999894307e-04 4.395655080657600439e-02
9.600000000000163958e-04 9.053051651547269763e-02
2.400000000000179767e-04 1.346899893577020377e-02
7.199999999999984190e-04 4.801283240818909198e-02
7.199999999999984190e-04 5.344673327845075178e-02
3.600000000000269651e-04 2.140192126529509922e-02
5.999999999999894307e-04 4.625401646197978972e-02
3.600000000000269651e-04 2.093864197963699741e-02
8.400000000000074074e-04 7.281996921924378807e-02
5.999999999999894307e-04 3.913146324075820331e-02
1.079999999999969873e-03 9.841589218711867260e-02
5.999999999999894307e-04 3.685710272138476018e-02
8.400000000000074074e-04 6.320929833790980834e-02
1.200000000000089884e-04 6.193377930220767512e-03
1.079999999999969873e-03 1.309516640899564544e-01
2.400000000000179767e-04 1.363759300525620687e-02
1.800000000000023803e-03 1.826077208634546423e-01
3.600000000000269651e-04 2.055576761458193999e-02
3.600000000000269651e-04 1.942133984666492147e-02
8.400000000000074074e-04 7.988212707519906641e-02
8.399999999999518963e-04 6.624637959763440831e-02
1.199999999999978861e-03 1.327969012251508651e-01
1.200000000000034373e-03 1.206188800057095140e-01
7.199999999999984190e-04 4.912303986735268302e-02
2.039999999999986269e-03 1.890475032908757180e-01
8.399999999999518963e-04 8.521978551365239074e-02
7.199999999999984190e-04 6.300826046011867576e-02
1.199999999999978861e-03 1.446638046585124737e-01
7.200000000000539302e-04 6.208432969260815198e-02
9.600000000000719069e-04 9.017945745103125854e-02
4.800000000000359535e-04 3.311715811185422798e-02
1.680000000000014815e-03 1.225429045037190745e-01
8.400000000000629186e-04 8.534778737288885309e-02
1.199999999999978861e-03 1.268937972264142511e-01
4.800000000000359535e-04 3.019901109163715403e-02
3.600000000000269651e-04 2.384455075450041608e-02
8.400000000000629186e-04 7.575534385815291261e-02
3.600000000000269651e-04 2.082177422144126239e-02
7.199999999999429079e-04 5.550723657254845456e-02
3.599999999999159428e-04 2.085407784469855627e-02
5.999999999999339195e-04 4.247231230258959045e-02
1.200000000000089884e-04 6.413896936142744580e-03
4.799999999999249312e-04 3.120499414317151957e-02
9.600000000000719069e-04 1.230975567220776307e-01
6.000000000000449418e-04 4.562046794137603750e-02
1.199999999999978861e-03 1.119831374036404648e-01
3.599999999999159428e-04 2.042495932109136131e-02
4.799999999999249312e-04 3.137986600047931729e-02
6.000000000000449418e-04 5.258902482202204576e-02
8.399999999999518963e-04 9.077115485775798243e-02
1.079999999999969873e-03 8.156562729479258089e-02
6.000000000000449418e-04 3.998482993914244388e-02
8.399999999999518963e-04 6.967393059061971483e-02
1.079999999999969873e-03 1.050006875670257273e-01
2.400000000000179767e-04 1.353509472847668274e-02
9.600000000000719069e-04 1.014471733361084205e-01
1.200000000000089884e-04 6.365491379206545536e-03
1.200000000000089884e-04 6.461846673582960499e-03
3.599999999999159428e-04 1.916081727540880700e-02
7.199999999999429079e-04 5.532707195815436685e-02
6.000000000000449418e-04 4.153808425795161435e-02
4.800000000000359535e-04 2.706418060845767332e-02
8.400000000000629186e-04 8.078521699237455056e-02
6.000000000000449418e-04 4.854083611418754524e-02
8.400000000000629186e-04 8.426392500418548870e-02
9.600000000000719069e-04 1.096949472097587530e-01
5.999999999999339195e-04 5.408800919287935077e-02
3.000000000000002665e-03 3.008236079958729325e-01
8.400000000000629186e-04 6.529497648224520667e-02
1.079999999999969873e-03 1.132108232904834727e-01
4.800000000000359535e-04 3.141752323114242740e-02
6.000000000000449418e-04 4.793281775774501513e-02
4.800000000000359535e-04 2.898924370422987368e-02
1.199999999999978861e-03 1.308628248578102560e-01
7.200000000000539302e-04 7.499001294832219333e-02
6.000000000000449418e-04 5.417588421852515684e-02
9.599999999999608846e-04 8.956723219668179248e-02
6.000000000000449418e-04 4.475587094180679543e-02
9.600000000000719069e-04 8.889189849559883672e-02
5.999999999999339195e-04 3.672896390157560226e-02
8.399999999999518963e-04 7.539909992135276906e-02
4.800000000000359535e-04 2.793094246490849392e-02
8.400000000000629186e-04 6.665774364915622030e-02
1.559999999999894804e-03 2.382049968688445263e-01
1.199999999999978861e-03 1.095731730500824203e-01
2.399999999999069544e-04 1.282402164349378398e-02
6.000000000000449418e-04 4.531873805111802378e-02
1.200000000000089884e-04 6.202110897035482615e-03
4.800000000000359535e-04 3.495934639124999993e-02
5.999999999999339195e-04 4.528892626609421629e-02
1.199999999999978861e-03 1.093573261177116923e-01
7.200000000000539302e-04 5.995916747118722884e-02
9.599999999999608846e-04 9.552049696709255522e-02
4.799999999999249312e-04 3.071065298943961505e-02
4.799999999999249312e-04 3.198859732094999631e-02
5.999999999999339195e-04 4.094080594641114762e-02
4.799999999999249312e-04 3.150539783876912803e-02
1.200000000000089884e-04 6.218103932728001604e-03
1.319999999999987850e-03 1.313889133868469672e-01
3.600000000000269651e-04 2.389095901241675840e-02
8.399999999999518963e-04 7.237252486529932582e-02
9.600000000000719069e-04 9.698561088478904746e-02
2.040000000000041780e-03 1.573691445708067238e-01
7.199999999999429079e-04 7.905649058856620282e-02
2.879999999999993676e-03 2.457752857862317841e-01
1.439999999999996838e-03 1.502824388003642375e-01
1.560000000000005826e-03 1.249509498341904723e-01
