# size duration
2.400000000000000000e+01 6.297760353134219891e+00
2.000000000000000000e+00 9.370043438683417492e-03
4.000000000000000000e+00 2.107156164419343725e-02
2.600000000000000000e+01 6.839756364102662189e+00
2.000000000000000000e+01 3.232251702844200825e+00
4.600000000000000000e+01 5.857968549901599431e+00
1.600000000000000000e+01 4.349621039037283587e-01
8.000000000000000000e+00 4.290176049086991128e-02
1.800000000000000000e+01 2.563661898397087135e-01
1.200000000000000000e+01 9.823162336472224254e-02
3.600000000000000000e+01 4.124243885508589891e+00
6.000000000000000000e+00 4.914723805399312528e-02
6.000000000000000000e+00 3.428813165478405978e-02
8.000000000000000000e+00 5.167157544221678833e-02
6.000000000000000000e+00 2.976892736536207451e-02
1.000000000000000000e+01 8.635346693448164856e-02
6.000000000000000000e+00 3.187005833525136111e-02
4.000000000000000000e+00 2.496312599097505469e-02
2.600000000000000000e+01 2.431216529525536352e+00
1.800000000000000000e+01 1.506841017165105434e+00
8.000000000000000000e+00 5.927102801140637922e-02
1.200000000000000000e+01 1.168252704356640415e-01
6.000000000000000000e+00 3.763485399271404575e-02
2.000000000000000000e+00 9.197518963940609638e-03
4.000000000000000000e+00 1.858090312297733249e-02
4.000000000000000000e+00 1.881077009816856105e-02
6.000000000000000000e+00 3.366780807895874972e-02
4.400000000000000000e+01 5.439546334686069073e+00
1.600000000000000000e+01 3.251572461765219746e-01
2.000000000000000000e+00 8.285750199648056480e-03
2.000000000000000000e+00 8.588778709055056027e-03
3.200000000000000000e+01 3.434882641069060938e+00
1.000000000000000000e+01 1.764825325867105388e-01
2.200000000000000000e+01 3.173448066916790822e+00
2.000000000000000000e+00 8.662982449060052659e-03
3.800000000000000000e+01 5.243226182599424412e+00
4.000000000000000000e+00 2.268561780702427200e-02
1.600000000000000000e+01 2.027169186313040328e-01
4.000000000000000000e+00 2.281911062092190079e-02
6.000000000000000000e+00 4.263188239671933388e-02
8.000000000000000000e+00 5.369081084973936768e-02
1.000000000000000000e+01 6.817821333738782741e-02
1.200000000000000000e+01 1.257404863668343253e-01
8.000000000000000000e+00 4.876934506993935159e-02
1.200000000000000000e+01 1.280995793056098897e-01
6.000000000000000000e+00 3.072029865893499689e-02
1.000000000000000000e+01 7.371775839310767964e-02
8.000000000000000000e+00 4.641658894307454375e-02
6.000000000000000000e+00 2.990175672628492265e-02
3.800000000000000000e+01 3.304365874531291603e+00
2.000000000000000000e+00 8.261631115119572044e-03
1.400000000000000000e+01 1.043886603463843876e-01
1.200000000000000000e+01 1.218820926038350905e-01
2.400000000000000000e+01 2.643750289194736869e+00
2.200000000000000000e+01 2.210238028170870450e+00
1.200000000000000000e+01 8.595449630096885230e-02
1.000000000000000000e+01 6.682057571969823861e-02
4.000000000000000000e+00 1.697601182238406281e-02
2.000000000000000000e+00 8.334845328894502359e-03
3.600000000000000000e+01 2.415867127629839572e+00
6.000000000000000000e+00 3.361356681869731577e-02
1.200000000000000000e+01 1.265754148269890855e-01
1.400000000000000000e+01 9.937028292065885893e-02
6.000000000000000000e+00 4.900604556593290972e-02
8.000000000000000000e+00 5.282991949174387081e-02
3.200000000000000000e+01 2.834308702359288112e+00
2.000000000000000000e+00 8.202400262256437369e-03
1.200000000000000000e+01 1.095210063406000522e-01
2.000000000000000000e+00 9.701257603270008190e-03
1.400000000000000000e+01 2.752224341867228752e-01
2.800000000000000000e+01 7.725158690307479148e+00
1.400000000000000000e+01 1.863147508238602867e-01
2.000000000000000000e+00 8.302585461894107510e-03
4.000000000000000000e+00 2.165789259557415747e-02
1.000000000000000000e+01 7.948601397962384851e-02
1.600000000000000000e+01 3.358342369443114706e-01
2.200000000000000000e+01 9.830039946378690274e-01
6.000000000000000000e+00 3.331543735441933052e-02
3.400000000000000000e+01 1.031793578440538184e+01
8.000000000000000000e+00 5.160461532378568528e-02
2.200000000000000000e+01 1.712371449328000672e-01
2.600000000000000000e+01 2.517528206175143168e+00
4.000000000000000000e+00 2.164338507779917098e-02
8.000000000000000000e+00 4.279723801516355230e-02
4.000000000000000000e+00 1.930017607583101036e-02
2.400000000000000000e+01 2.011415621875651816e+00
6.000000000000000000e+00 3.515123134102710045e-02
1.400000000000000000e+01 1.922738888128808221e-01
4.000000000000000000e+00 1.795051967577032670e-02
4.000000000000000000e+00 1.839545441324186292e-02
6.000000000000000000e+00 4.239473884779115798e-02
1.000000000000000000e+01 5.914967059230358259e-02
4.000000000000000000e+00 1.727804432389523637e-02
8.000000000000000000e+00 6.530216504902408570e-02
1.200000000000000000e+01 1.367950543695025667e-01
1.000000000000000000e+01 1.029443738390786178e-01
1.800000000000000000e+01 4.511570218196854776e-01
4.000000000000000000e+00 1.738873608676183569e-02
4.000000000000000000e+00 2.054752949776050830e-02
4.000000000000000000e+00 1.662131338503336497e-02
1.800000000000000000e+01 3.239762169889619514e-01
4.000000000000000000e+00 1.860611619390062366e-02
2.000000000000000000e+00 8.336636357455740054e-03
6.000000000000000000e+00 2.921964428676071535e-02
3.000000000000000000e+01 7.730876331116409705e-01
1.600000000000000000e+01 2.852332374023107686e-01
1.600000000000000000e+01 2.311997547488217064e-01
4.000000000000000000e+00 2.073612017646531136e-02
6.000000000000000000e+00 2.745362862331779397e-02
2.400000000000000000e+01 3.382897504601391603e+00
1.800000000000000000e+01 5.097614914778776374e-01
2.800000000000000000e+01 3.234656788959897611e-01
