# freq power
0.000000000000000000e+00 3.528388707183759649e-26
1.000000000000000000e+00 5.069985289623342105e+05
2.000000000000000000e+00 2.102102936190359178e+05
3.000000000000000000e+00 9.929170567686187860e+04
4.000000000000000000e+00 7.316280179283917823e+04
5.000000000000000000e+00 4.662419853824320307e+04
6.000000000000000000e+00 2.993465147752878329e+04
7.000000000000000000e+00 2.703248560292237380e+04
8.000000000000000000e+00 1.332086719687203913e+04
9.000000000000000000e+00 9.301305742340095094e+03
1.000000000000000000e+01 8.495174842138620079e+03
1.100000000000000000e+01 9.852204558470581105e+03
1.200000000000000000e+01 7.567294918582652826e+03
1.300000000000000000e+01 6.201826605850724263e+03
1.400000000000000000e+01 5.611697011083526377e+03
1.500000000000000000e+01 5.063845161166255821e+03
1.600000000000000000e+01 4.451894723469133169e+03
1.700000000000000000e+01 3.450989533787720120e+03
1.800000000000000000e+01 3.693190161689950401e+03
1.900000000000000000e+01 3.190564264367395481e+03
2.000000000000000000e+01 2.001229387918426710e+03
2.100000000000000000e+01 2.245686908052631679e+03
2.200000000000000000e+01 1.333419703177761676e+03
2.300000000000000000e+01 1.827152040565016023e+03
2.400000000000000000e+01 1.416205110178348377e+03
2.500000000000000000e+01 1.515444409901180734e+03
2.600000000000000000e+01 1.981988460285490419e+03
2.700000000000000000e+01 1.447807097285481632e+03
2.800000000000000000e+01 8.982247967658888683e+02
2.900000000000000000e+01 1.366233881363456021e+03
3.000000000000000000e+01 7.655062434893701493e+02
3.100000000000000000e+01 9.510004713353727084e+02
3.200000000000000000e+01 1.471697703736192807e+03
3.300000000000000000e+01 8.118109775089312734e+02
3.400000000000000000e+01 9.340585210734554948e+02
3.500000000000000000e+01 8.335135998525779542e+02
3.600000000000000000e+01 1.049240511423487305e+03
3.700000000000000000e+01 4.767238268636261296e+02
3.800000000000000000e+01 8.995239325372463099e+02
3.900000000000000000e+01 5.884659103925648651e+02
4.000000000000000000e+01 5.305697472442393519e+02
4.100000000000000000e+01 9.534185197294341378e+02
4.200000000000000000e+01 3.536430331776874709e+02
4.300000000000000000e+01 3.613737717791901218e+02
4.400000000000000000e+01 3.819530195921939253e+02
4.500000000000000000e+01 5.136970034635671709e+02
4.600000000000000000e+01 6.059750582293520438e+02
4.700000000000000000e+01 3.300574983895120909e+02
4.800000000000000000e+01 3.873038015574625774e+02
4.900000000000000000e+01 2.764167140463102896e+02
5.000000000000000000e+01 3.107379433146353449e+02
5.100000000000000000e+01 3.611614743855670895e+02
5.200000000000000000e+01 5.142719433086899699e+02
5.300000000000000000e+01 2.972255809983362838e+02
5.400000000000000000e+01 2.675492876710334258e+02
5.500000000000000000e+01 4.480195971111800191e+02
5.600000000000000000e+01 4.670755618204787538e+02
5.700000000000000000e+01 3.565074639209800580e+02
5.800000000000000000e+01 1.929906662951195528e+02
5.900000000000000000e+01 3.393699179060795359e+02
6.000000000000000000e+01 3.102760801639137753e+02
6.100000000000000000e+01 2.858479287550702566e+02
6.200000000000000000e+01 2.738957449383166249e+02
6.300000000000000000e+01 2.026224467874343418e+02
6.400000000000000000e+01 1.879319028589558513e+02
6.500000000000000000e+01 1.454202225219887055e+02
6.600000000000000000e+01 2.217120682209787788e+02
6.700000000000000000e+01 2.032498300284606216e+02
6.800000000000000000e+01 2.548400945476195716e+02
6.900000000000000000e+01 3.031236090619371453e+02
7.000000000000000000e+01 1.818603148026513736e+02
7.100000000000000000e+01 2.424617435161052299e+02
7.200000000000000000e+01 1.606691952964949905e+02
7.300000000000000000e+01 2.083503930546051492e+02
7.400000000000000000e+01 1.838763268639674777e+02
7.500000000000000000e+01 2.191576480250787995e+02
7.600000000000000000e+01 1.943299314711823058e+02
7.700000000000000000e+01 2.187864846127548617e+02
7.800000000000000000e+01 1.776037838640853010e+02
7.900000000000000000e+01 1.117870122940479973e+02
8.000000000000000000e+01 1.639470522259652796e+02
8.100000000000000000e+01 2.108191540125078518e+02
8.200000000000000000e+01 2.233522370104766139e+02
8.300000000000000000e+01 1.501879164599974104e+02
8.400000000000000000e+01 1.748552129289654715e+02
8.500000000000000000e+01 1.253056064781610814e+02
8.600000000000000000e+01 1.277039503291882312e+02
8.700000000000000000e+01 1.335447254652731033e+02
8.800000000000000000e+01 1.463275834160962745e+02
8.900000000000000000e+01 1.323021273742764663e+02
9.000000000000000000e+01 1.030242767792635732e+02
9.100000000000000000e+01 1.249570449148190079e+02
9.200000000000000000e+01 9.011159915179523239e+01
9.300000000000000000e+01 8.349452172247424642e+01
9.400000000000000000e+01 1.222941798933063922e+02
9.500000000000000000e+01 1.237252323419025828e+02
9.600000000000000000e+01 1.119127852199571436e+02
9.700000000000000000e+01 1.028967721353904352e+02
9.800000000000000000e+01 1.115478967055900057e+02
9.900000000000000000e+01 1.251196325255337314e+02
1.000000000000000000e+02 1.061923373501702912e+02
1.010000000000000000e+02 7.682804379928330718e+01
1.020000000000000000e+02 1.030760435089642044e+02
1.030000000000000000e+02 8.350597234862155460e+01
1.040000000000000000e+02 9.923140386305578886e+01
1.050000000000000000e+02 7.035377426885581542e+01
1.060000000000000000e+02 8.448020735149621885e+01
1.070000000000000000e+02 9.369982039574358623e+01
1.080000000000000000e+02 8.763560510832293460e+01
1.090000000000000000e+02 7.456872361993693232e+01
1.100000000000000000e+02 7.108050401132729235e+01
1.110000000000000000e+02 6.620066264534453637e+01
1.120000000000000000e+02 1.010185081730765972e+02
1.130000000000000000e+02 6.732226043894711154e+01
1.140000000000000000e+02 9.784329484796590748e+01
1.150000000000000000e+02 7.326666335696603483e+01
1.160000000000000000e+02 8.674098365594262816e+01
1.170000000000000000e+02 9.911301580583332793e+01
1.180000000000000000e+02 6.248820630826464395e+01
1.190000000000000000e+02 6.814156959958665993e+01
1.200000000000000000e+02 8.963355482100116944e+01
1.210000000000000000e+02 8.324604556675160438e+01
1.220000000000000000e+02 8.370815103223733900e+01
1.230000000000000000e+02 5.696370117259300514e+01
1.240000000000000000e+02 6.179680542894479345e+01
1.250000000000000000e+02 8.076236431518222503e+01
1.260000000000000000e+02 8.024771959875494076e+01
1.270000000000000000e+02 6.156625370804192698e+01
1.280000000000000000e+02 7.688281563803572283e+01
1.290000000000000000e+02 7.307544095774238713e+01
1.300000000000000000e+02 8.175732682392457207e+01
1.310000000000000000e+02 6.085734237509360156e+01
1.320000000000000000e+02 6.509440452840247815e+01
1.330000000000000000e+02 5.557498591657078180e+01
1.340000000000000000e+02 6.012918808663877002e+01
1.350000000000000000e+02 5.806333505280993990e+01
1.360000000000000000e+02 8.132135375736898197e+01
1.370000000000000000e+02 5.460393334553293698e+01
1.380000000000000000e+02 6.587843823935523346e+01
1.390000000000000000e+02 5.210093174158750173e+01
1.400000000000000000e+02 4.620002126322006575e+01
1.410000000000000000e+02 6.028507379978591274e+01
1.420000000000000000e+02 5.321480348170879182e+01
1.430000000000000000e+02 3.875299091055848777e+01
1.440000000000000000e+02 5.031780455214757808e+01
1.450000000000000000e+02 4.518938592890863504e+01
1.460000000000000000e+02 5.335178973465191632e+01
1.470000000000000000e+02 3.417934664385290233e+01
1.480000000000000000e+02 5.805862737586911493e+01
1.490000000000000000e+02 4.739883902650414882e+01
1.500000000000000000e+02 4.787465453171208907e+01
1.510000000000000000e+02 4.968637031482230526e+01
1.520000000000000000e+02 3.889819503457327698e+01
1.530000000000000000e+02 4.856106077259615006e+01
1.540000000000000000e+02 4.679309200222405707e+01
1.550000000000000000e+02 3.907372656940211897e+01
1.560000000000000000e+02 4.170023466802517476e+01
1.570000000000000000e+02 4.901867500837208524e+01
1.580000000000000000e+02 4.940084491939121136e+01
1.590000000000000000e+02 4.002508760826232503e+01
1.600000000000000000e+02 3.912678683810942459e+01
1.610000000000000000e+02 3.786075831169754480e+01
1.620000000000000000e+02 4.279339193382183026e+01
1.630000000000000000e+02 3.605659663378139612e+01
1.640000000000000000e+02 4.058417882124994946e+01
1.650000000000000000e+02 3.843180742031686492e+01
1.660000000000000000e+02 4.248913643582726962e+01
1.670000000000000000e+02 3.371875788011621466e+01
1.680000000000000000e+02 3.713511510190928533e+01
1.690000000000000000e+02 3.420724755901134984e+01
1.700000000000000000e+02 2.985616626113028715e+01
1.710000000000000000e+02 2.895997879583325130e+01
1.720000000000000000e+02 3.372723944068839330e+01
1.730000000000000000e+02 3.278373969556156453e+01
1.740000000000000000e+02 3.389077630897328675e+01
1.750000000000000000e+02 3.112609066209710917e+01
1.760000000000000000e+02 3.463107355361569262e+01
1.770000000000000000e+02 3.885532048945886174e+01
1.780000000000000000e+02 2.943476195080188162e+01
1.790000000000000000e+02 3.623313787224169857e+01
1.800000000000000000e+02 3.144260675813235650e+01
1.810000000000000000e+02 3.174130571924375133e+01
1.820000000000000000e+02 3.129620949760543525e+01
1.830000000000000000e+02 3.111319451739237962e+01
1.840000000000000000e+02 2.621935705375024384e+01
1.850000000000000000e+02 3.229614856391941657e+01
1.860000000000000000e+02 3.177628082144866184e+01
1.870000000000000000e+02 3.284914283846028837e+01
1.880000000000000000e+02 2.610141374190186170e+01
1.890000000000000000e+02 3.574587767548388939e+01
1.900000000000000000e+02 2.583568827486090314e+01
1.910000000000000000e+02 3.019045335059730206e+01
1.920000000000000000e+02 2.557816290775499368e+01
1.930000000000000000e+02 2.764266046102928343e+01
1.940000000000000000e+02 3.085051126031643420e+01
1.950000000000000000e+02 2.919931175783539246e+01
1.960000000000000000e+02 2.583751652018505851e+01
1.970000000000000000e+02 2.769959997358592574e+01
1.980000000000000000e+02 2.385026741331737554e+01
1.990000000000000000e+02 2.854333850179938636e+01
2.000000000000000000e+02 2.498420765160664558e+01
2.010000000000000000e+02 2.320438069470059972e+01
2.020000000000000000e+02 2.524035563896840628e+01
2.030000000000000000e+02 2.441034430099896468e+01
2.040000000000000000e+02 2.457331618902360759e+01
2.050000000000000000e+02 2.897162147223710704e+01
2.060000000000000000e+02 2.559084954466274553e+01
2.070000000000000000e+02 2.616297426059149700e+01
2.080000000000000000e+02 2.252777583942600970e+01
2.090000000000000000e+02 2.782087692950155855e+01
2.100000000000000000e+02 2.196841705855362292e+01
2.110000000000000000e+02 2.517340550844601310e+01
2.120000000000000000e+02 2.414016100083599170e+01
2.130000000000000000e+02 2.543184569579426224e+01
2.140000000000000000e+02 1.992149798704806685e+01
2.150000000000000000e+02 2.198281201592982725e+01
2.160000000000000000e+02 2.236643630709024677e+01
2.170000000000000000e+02 2.329604741558584635e+01
2.180000000000000000e+02 2.282421418486567077e+01
2.190000000000000000e+02 2.275155203254000824e+01
2.200000000000000000e+02 2.288747458789850597e+01
2.210000000000000000e+02 2.233761290357953655e+01
2.220000000000000000e+02 1.878066943476597572e+01
2.230000000000000000e+02 2.157388539034387875e+01
2.240000000000000000e+02 1.837503378701494583e+01
2.250000000000000000e+02 2.166527867733145740e+01
2.260000000000000000e+02 2.049659913491841223e+01
2.270000000000000000e+02 2.172974440367870486e+01
2.280000000000000000e+02 2.293157916258038398e+01
2.290000000000000000e+02 1.856762783888196822e+01
2.300000000000000000e+02 2.148902865951321317e+01
2.310000000000000000e+02 2.281863484700891576e+01
2.320000000000000000e+02 1.965680042698716790e+01
2.330000000000000000e+02 1.901054443628032686e+01
2.340000000000000000e+02 1.896108576822820524e+01
2.350000000000000000e+02 1.887788782370417451e+01
2.360000000000000000e+02 1.891199388627983780e+01
2.370000000000000000e+02 2.116880026494978040e+01
2.380000000000000000e+02 2.187550189649425647e+01
2.390000000000000000e+02 1.791913401227317593e+01
2.400000000000000000e+02 1.866022174384755772e+01
2.410000000000000000e+02 2.009144946730052439e+01
2.420000000000000000e+02 1.702086644978555441e+01
2.430000000000000000e+02 1.916323041526765181e+01
2.440000000000000000e+02 1.887066716219286633e+01
2.450000000000000000e+02 1.830043194584222732e+01
2.460000000000000000e+02 1.842015128893673648e+01
2.470000000000000000e+02 1.802776936530046825e+01
2.480000000000000000e+02 1.743711241602003881e+01
2.490000000000000000e+02 1.775075678399429435e+01
2.500000000000000000e+02 1.917847028673776322e+01
2.510000000000000000e+02 1.700323904221869142e+01
2.520000000000000000e+02 1.858419615763769173e+01
2.530000000000000000e+02 1.764807864530305892e+01
2.540000000000000000e+02 1.724129307069729222e+01
2.550000000000000000e+02 1.693620914099943775e+01
2.560000000000000000e+02 1.715797497841822761e+01
2.570000000000000000e+02 1.694627881537571668e+01
2.580000000000000000e+02 1.736578004575833134e+01
2.590000000000000000e+02 1.566677534351140189e+01
2.600000000000000000e+02 1.592756974206899834e+01
2.610000000000000000e+02 1.623872680233618482e+01
2.620000000000000000e+02 1.511228673717921467e+01
2.630000000000000000e+02 1.775692961701734163e+01
2.640000000000000000e+02 1.542848417117888893e+01
2.650000000000000000e+02 1.553740363311047901e+01
2.660000000000000000e+02 1.717278475093589662e+01
2.670000000000000000e+02 1.583214831565395286e+01
2.680000000000000000e+02 1.386380107976208187e+01
2.690000000000000000e+02 1.374221294935124860e+01
2.700000000000000000e+02 1.573908027227807693e+01
2.710000000000000000e+02 1.394162403606320666e+01
2.720000000000000000e+02 1.540668323003912477e+01
2.730000000000000000e+02 1.581113516677758213e+01
2.740000000000000000e+02 1.523388849506334530e+01
2.750000000000000000e+02 1.517017935618779489e+01
2.760000000000000000e+02 1.465988090642937891e+01
2.770000000000000000e+02 1.480167319484906940e+01
2.780000000000000000e+02 1.278830219074370866e+01
2.790000000000000000e+02 1.445733431820634962e+01
2.800000000000000000e+02 1.476076104584727311e+01
2.810000000000000000e+02 1.543721310251565093e+01
2.820000000000000000e+02 1.401863466498548938e+01
2.830000000000000000e+02 1.472929795086866633e+01
2.840000000000000000e+02 1.419652587527370713e+01
2.850000000000000000e+02 1.396324474347381539e+01
2.860000000000000000e+02 1.358852328546544186e+01
2.870000000000000000e+02 1.412100132366050964e+01
2.880000000000000000e+02 1.388318098813602397e+01
2.890000000000000000e+02 1.340637772887108525e+01
2.900000000000000000e+02 1.329390538991761161e+01
2.910000000000000000e+02 1.304301061343021573e+01
2.920000000000000000e+02 1.358155589972099087e+01
2.930000000000000000e+02 1.335889521395503543e+01
2.940000000000000000e+02 1.355283234539933801e+01
2.950000000000000000e+02 1.334291278440402095e+01
2.960000000000000000e+02 1.338653185880346541e+01
2.970000000000000000e+02 1.331910891079654036e+01
2.980000000000000000e+02 1.341432830231223683e+01
2.990000000000000000e+02 1.346025971117198772e+01
3.000000000000000000e+02 1.157963408862529420e+01
3.010000000000000000e+02 1.227272079215159017e+01
3.020000000000000000e+02 1.261594928756754541e+01
3.030000000000000000e+02 1.225940068769096669e+01
3.040000000000000000e+02 1.227740528839945178e+01
3.050000000000000000e+02 1.250250012987401149e+01
3.060000000000000000e+02 1.168473047803526477e+01
3.070000000000000000e+02 1.239111963919153681e+01
3.080000000000000000e+02 1.257573763636639086e+01
3.090000000000000000e+02 1.197515886148222641e+01
3.100000000000000000e+02 1.228618502427840475e+01
3.110000000000000000e+02 1.252311237004215450e+01
3.120000000000000000e+02 1.151084587314272056e+01
3.130000000000000000e+02 1.198641709266185451e+01
3.140000000000000000e+02 1.166511672955798495e+01
3.150000000000000000e+02 1.183086098951632970e+01
3.160000000000000000e+02 1.181336695213675902e+01
3.170000000000000000e+02 1.132738388253962825e+01
3.180000000000000000e+02 1.107676321832686916e+01
3.190000000000000000e+02 1.110588824243630590e+01
3.200000000000000000e+02 1.129144175080864620e+01
3.210000000000000000e+02 1.093885096139715785e+01
3.220000000000000000e+02 1.125417662494712090e+01
3.230000000000000000e+02 1.153365800322509038e+01
3.240000000000000000e+02 1.076074358896355321e+01
3.250000000000000000e+02 1.109975493818338776e+01
3.260000000000000000e+02 1.068382031367104368e+01
3.270000000000000000e+02 1.053852532922519281e+01
3.280000000000000000e+02 1.093526068325513556e+01
3.290000000000000000e+02 1.095705456222767005e+01
3.300000000000000000e+02 1.094792197435973158e+01
3.310000000000000000e+02 1.096586087177399982e+01
3.320000000000000000e+02 1.113921425111717234e+01
3.330000000000000000e+02 1.028442611028717124e+01
3.340000000000000000e+02 1.049092817646544695e+01
3.350000000000000000e+02 9.933756008155810946e+00
3.360000000000000000e+02 1.029678167850533121e+01
3.370000000000000000e+02 1.029632469433671282e+01
3.380000000000000000e+02 1.013084033199776890e+01
3.390000000000000000e+02 1.053235744123515616e+01
3.400000000000000000e+02 1.079626509996270123e+01
3.410000000000000000e+02 9.577886556199038282e+00
3.420000000000000000e+02 1.017823327628232022e+01
3.430000000000000000e+02 1.006692698367425010e+01
3.440000000000000000e+02 9.753937020519295231e+00
3.450000000000000000e+02 9.965814989422606018e+00
3.460000000000000000e+02 1.007004097765225303e+01
3.470000000000000000e+02 1.009675288459678910e+01
3.480000000000000000e+02 9.788167851961059540e+00
3.490000000000000000e+02 9.843244590100347580e+00
3.500000000000000000e+02 9.848962455717764186e+00
3.510000000000000000e+02 1.047603792195322647e+01
3.520000000000000000e+02 9.245524769258516073e+00
3.530000000000000000e+02 9.608842036440560008e+00
3.540000000000000000e+02 9.259532991061794505e+00
3.550000000000000000e+02 9.187539529922558401e+00
3.560000000000000000e+02 9.519257054072927104e+00
3.570000000000000000e+02 9.394893992694621332e+00
3.580000000000000000e+02 9.672746185100187688e+00
3.590000000000000000e+02 9.014526450689741566e+00
3.600000000000000000e+02 9.408185390619046018e+00
3.610000000000000000e+02 9.438543874405132428e+00
3.620000000000000000e+02 9.107298491824579401e+00
3.630000000000000000e+02 9.289556381089203896e+00
3.640000000000000000e+02 9.053952942441842566e+00
3.650000000000000000e+02 8.938506830301014006e+00
3.660000000000000000e+02 9.449697046651419186e+00
3.670000000000000000e+02 9.453436937519944294e+00
3.680000000000000000e+02 9.249227276368731765e+00
3.690000000000000000e+02 9.062838938128203736e+00
3.700000000000000000e+02 8.869640332386545367e+00
3.710000000000000000e+02 8.815112416060360445e+00
3.720000000000000000e+02 8.822003530401332227e+00
3.730000000000000000e+02 8.776998789130606937e+00
3.740000000000000000e+02 9.056153556547249295e+00
3.750000000000000000e+02 8.695789688276255092e+00
3.760000000000000000e+02 9.126587771253136694e+00
3.770000000000000000e+02 8.786333853114758341e+00
3.780000000000000000e+02 8.478800058401075646e+00
3.790000000000000000e+02 8.266409973811533973e+00
3.800000000000000000e+02 8.629592290025323464e+00
3.810000000000000000e+02 8.756695988908809625e+00
3.820000000000000000e+02 9.067787027923552401e+00
3.830000000000000000e+02 8.643463429081739591e+00
3.840000000000000000e+02 8.450917915414670745e+00
3.850000000000000000e+02 8.100601709864731603e+00
3.860000000000000000e+02 8.370010779855972416e+00
3.870000000000000000e+02 8.475245364890277244e+00
3.880000000000000000e+02 8.491484672528212485e+00
3.890000000000000000e+02 8.434189319269675522e+00
3.900000000000000000e+02 8.225777801334283268e+00
3.910000000000000000e+02 8.257685565995771526e+00
3.920000000000000000e+02 8.306489978038005262e+00
3.930000000000000000e+02 7.960595022905198270e+00
3.940000000000000000e+02 8.136823154433072247e+00
3.950000000000000000e+02 8.052393987580257928e+00
3.960000000000000000e+02 7.958663998351235058e+00
3.970000000000000000e+02 8.077343215879395188e+00
3.980000000000000000e+02 7.862305240296727504e+00
3.990000000000000000e+02 8.048663714386540491e+00
4.000000000000000000e+02 7.970942665468897737e+00
4.010000000000000000e+02 8.243194109390831414e+00
4.020000000000000000e+02 7.876891635742337527e+00
4.030000000000000000e+02 7.359747841111927258e+00
4.040000000000000000e+02 7.980999074634390844e+00
4.050000000000000000e+02 7.562186978418409922e+00
4.060000000000000000e+02 7.650168591449582500e+00
4.070000000000000000e+02 7.527470095675449002e+00
4.080000000000000000e+02 7.407271811768795899e+00
4.090000000000000000e+02 7.678932697390442819e+00
4.100000000000000000e+02 7.614958856692859435e+00
4.110000000000000000e+02 7.933111929829170350e+00
4.120000000000000000e+02 7.131737217991927835e+00
4.130000000000000000e+02 7.783833632489008281e+00
4.140000000000000000e+02 7.382153238793224936e+00
4.150000000000000000e+02 7.533238409670050650e+00
4.160000000000000000e+02 7.405784580760864877e+00
4.170000000000000000e+02 7.305769875510349287e+00
4.180000000000000000e+02 7.589337944560605287e+00
4.190000000000000000e+02 7.469562601695936443e+00
4.200000000000000000e+02 7.361192685790731716e+00
4.210000000000000000e+02 7.307684076774395798e+00
4.220000000000000000e+02 7.431003933424923602e+00
4.230000000000000000e+02 7.419142725395725613e+00
4.240000000000000000e+02 7.350808353844368703e+00
4.250000000000000000e+02 6.972082406312965830e+00
4.260000000000000000e+02 7.261415974981138000e+00
4.270000000000000000e+02 7.223072158290912981e+00
4.280000000000000000e+02 7.288020700245563255e+00
4.290000000000000000e+02 7.232823748557395405e+00
4.300000000000000000e+02 7.137805535995239481e+00
4.310000000000000000e+02 7.378356978276436884e+00
4.320000000000000000e+02 7.241548814079738605e+00
4.330000000000000000e+02 7.257998713364127497e+00
4.340000000000000000e+02 7.158025554536272317e+00
4.350000000000000000e+02 6.954869365274682025e+00
4.360000000000000000e+02 6.924472524120773187e+00
4.370000000000000000e+02 7.014351567379272012e+00
4.380000000000000000e+02 6.873982006743966977e+00
4.390000000000000000e+02 7.036941632789777579e+00
4.400000000000000000e+02 6.751612931363474956e+00
4.410000000000000000e+02 7.071523111611628387e+00
4.420000000000000000e+02 7.004091746012265141e+00
4.430000000000000000e+02 6.911597329679740831e+00
4.440000000000000000e+02 6.718350771597691562e+00
4.450000000000000000e+02 6.832058555612898765e+00
4.460000000000000000e+02 6.782903171843794432e+00
4.470000000000000000e+02 6.819737285412161398e+00
4.480000000000000000e+02 6.872049154675027971e+00
4.490000000000000000e+02 6.871334201787156815e+00
4.500000000000000000e+02 6.381672666642892899e+00
4.510000000000000000e+02 6.586047522184180103e+00
4.520000000000000000e+02 6.600970179450718511e+00
4.530000000000000000e+02 6.636815314251189868e+00
4.540000000000000000e+02 6.563879692092914553e+00
4.550000000000000000e+02 6.438738663655907857e+00
4.560000000000000000e+02 6.379337717755235282e+00
4.570000000000000000e+02 6.486817993877590283e+00
4.580000000000000000e+02 6.411871692595357608e+00
4.590000000000000000e+02 6.510103922893320849e+00
4.600000000000000000e+02 6.519263612585991297e+00
4.610000000000000000e+02 6.330909119460292445e+00
4.620000000000000000e+02 6.625560339393188336e+00
4.630000000000000000e+02 6.653490222488916750e+00
4.640000000000000000e+02 6.543438135286002932e+00
4.650000000000000000e+02 6.323799420695860540e+00
4.660000000000000000e+02 6.228342983502464847e+00
4.670000000000000000e+02 6.561557000497963976e+00
4.680000000000000000e+02 6.376103941393941987e+00
4.690000000000000000e+02 6.563889225128196614e+00
4.700000000000000000e+02 6.197946385096109623e+00
4.710000000000000000e+02 6.337229181200812356e+00
4.720000000000000000e+02 6.192734394745788684e+00
4.730000000000000000e+02 6.247363564716756024e+00
4.740000000000000000e+02 6.227473198924817765e+00
4.750000000000000000e+02 6.339431871881240355e+00
4.760000000000000000e+02 6.063246211885714665e+00
4.770000000000000000e+02 6.249812482283069848e+00
4.780000000000000000e+02 6.227408671860158229e+00
4.790000000000000000e+02 6.337441652065708197e+00
4.800000000000000000e+02 6.078603725856449813e+00
4.810000000000000000e+02 6.124389174841456729e+00
4.820000000000000000e+02 6.099902226582234910e+00
4.830000000000000000e+02 6.194454909223662931e+00
4.840000000000000000e+02 6.012825551906474608e+00
4.850000000000000000e+02 6.165540790991417275e+00
4.860000000000000000e+02 6.146593823354023378e+00
4.870000000000000000e+02 5.939755721594777604e+00
4.880000000000000000e+02 6.018403677742306890e+00
4.890000000000000000e+02 5.880516713533086026e+00
4.900000000000000000e+02 5.984453616274132415e+00
4.910000000000000000e+02 6.016797118802461597e+00
4.920000000000000000e+02 5.948519209906171668e+00
4.930000000000000000e+02 5.988759302998686529e+00
4.940000000000000000e+02 5.817560965812420548e+00
4.950000000000000000e+02 5.911798947667049831e+00
4.960000000000000000e+02 5.939619550273406823e+00
4.970000000000000000e+02 5.886440793571961372e+00
4.980000000000000000e+02 5.850067809539518215e+00
4.990000000000000000e+02 5.743490750807534795e+00
5.000000000000000000e+02 5.978819747194727086e+00
5.010000000000000000e+02 5.885292417888551064e+00
5.020000000000000000e+02 5.956247579635002509e+00
5.030000000000000000e+02 5.798363779438677312e+00
5.040000000000000000e+02 5.703262888142743847e+00
5.050000000000000000e+02 5.832816171644533476e+00
5.060000000000000000e+02 5.812325122383204423e+00
5.070000000000000000e+02 5.712292512355861440e+00
5.080000000000000000e+02 5.670880964718857165e+00
5.090000000000000000e+02 5.711869273467882202e+00
5.100000000000000000e+02 5.512364765230154617e+00
5.110000000000000000e+02 5.805796409445295403e+00
5.120000000000000000e+02 5.505677538036090723e+00
5.130000000000000000e+02 5.647087702557409550e+00
5.140000000000000000e+02 5.478687072351550391e+00
5.150000000000000000e+02 5.655629494160537618e+00
5.160000000000000000e+02 5.533526027554318993e+00
5.170000000000000000e+02 5.659986380954515894e+00
5.180000000000000000e+02 5.775575891439102882e+00
5.190000000000000000e+02 5.608228919115697764e+00
5.200000000000000000e+02 5.531473458609765359e+00
5.210000000000000000e+02 5.635719404044809977e+00
5.220000000000000000e+02 5.621294305373673694e+00
5.230000000000000000e+02 5.562797619664832993e+00
5.240000000000000000e+02 5.613460457443690821e+00
5.250000000000000000e+02 5.440646732076272585e+00
5.260000000000000000e+02 5.409121012034158404e+00
5.270000000000000000e+02 5.464504357006173763e+00
5.280000000000000000e+02 5.426513355622523349e+00
5.290000000000000000e+02 5.469680172334537183e+00
5.300000000000000000e+02 5.512907099152762669e+00
5.310000000000000000e+02 5.485541080556489035e+00
5.320000000000000000e+02 5.299342041055328245e+00
5.330000000000000000e+02 5.432403418304048159e+00
5.340000000000000000e+02 5.383488142762622886e+00
5.350000000000000000e+02 5.463556193865814592e+00
5.360000000000000000e+02 5.405798451827043216e+00
5.370000000000000000e+02 5.500279274402541496e+00
5.380000000000000000e+02 5.301905992092868836e+00
5.390000000000000000e+02 5.386949629202783640e+00
5.400000000000000000e+02 5.364402092065804872e+00
5.410000000000000000e+02 5.425548729263756975e+00
5.420000000000000000e+02 5.284691947989025529e+00
5.430000000000000000e+02 5.225655147343770679e+00
5.440000000000000000e+02 5.381353149004510783e+00
5.450000000000000000e+02 5.155762967797309138e+00
5.460000000000000000e+02 5.242377057158235765e+00
5.470000000000000000e+02 5.288354150971728451e+00
5.480000000000000000e+02 5.283025738148326766e+00
5.490000000000000000e+02 5.421499505497561877e+00
5.500000000000000000e+02 5.290919533042678147e+00
5.510000000000000000e+02 5.224367562568201784e+00
5.520000000000000000e+02 5.227540761792848656e+00
5.530000000000000000e+02 5.263413817731768418e+00
5.540000000000000000e+02 5.236252433753451285e+00
5.550000000000000000e+02 5.111379941074531530e+00
5.560000000000000000e+02 5.220285852844532393e+00
5.570000000000000000e+02 5.159009136050712208e+00
5.580000000000000000e+02 5.173301750285094869e+00
5.590000000000000000e+02 5.052846350758784411e+00
5.600000000000000000e+02 5.177019163355370601e+00
5.610000000000000000e+02 5.211421962410645925e+00
5.620000000000000000e+02 5.054440401417536144e+00
5.630000000000000000e+02 5.130482273463313092e+00
5.640000000000000000e+02 5.257624595518730182e+00
5.650000000000000000e+02 5.054288738873787601e+00
5.660000000000000000e+02 5.176553063003137112e+00
5.670000000000000000e+02 5.126142722850337563e+00
5.680000000000000000e+02 5.018640098241063718e+00
5.690000000000000000e+02 5.202554578006486352e+00
5.700000000000000000e+02 5.135595048225638060e+00
5.710000000000000000e+02 5.060293535935450393e+00
5.720000000000000000e+02 5.130551145109616407e+00
5.730000000000000000e+02 5.019616849115346113e+00
5.740000000000000000e+02 5.013320034999679820e+00
5.750000000000000000e+02 5.043684760487353813e+00
5.760000000000000000e+02 5.069592365586622407e+00
5.770000000000000000e+02 5.102388275879220281e+00
5.780000000000000000e+02 4.957411870442242297e+00
5.790000000000000000e+02 5.034059523398139113e+00
5.800000000000000000e+02 4.947807979323982863e+00
5.810000000000000000e+02 5.003407707013574957e+00
5.820000000000000000e+02 4.941955770588764452e+00
5.830000000000000000e+02 5.003810600682464305e+00
5.840000000000000000e+02 4.971215482394386598e+00
5.850000000000000000e+02 4.937118042671089668e+00
5.860000000000000000e+02 4.967275190294007992e+00
5.870000000000000000e+02 4.950678489420479167e+00
5.880000000000000000e+02 4.925920670621014352e+00
5.890000000000000000e+02 4.952010668210371946e+00
5.900000000000000000e+02 4.896971650301898293e+00
5.910000000000000000e+02 5.000220140521848933e+00
5.920000000000000000e+02 4.886789531411881882e+00
5.930000000000000000e+02 4.941372761041879613e+00
5.940000000000000000e+02 4.776667947426472161e+00
5.950000000000000000e+02 4.825707740033082338e+00
5.960000000000000000e+02 4.868356951275744748e+00
5.970000000000000000e+02 4.770222450558982530e+00
5.980000000000000000e+02 4.887890051577932660e+00
5.990000000000000000e+02 4.906776678962105009e+00
6.000000000000000000e+02 4.876726748626963648e+00
6.010000000000000000e+02 4.826010328636854751e+00
6.020000000000000000e+02 4.944286149531294861e+00
6.030000000000000000e+02 4.796372216620834905e+00
6.040000000000000000e+02 4.815533812354799714e+00
6.050000000000000000e+02 4.754728684983544618e+00
6.060000000000000000e+02 4.841803909498131553e+00
6.070000000000000000e+02 4.824295835238319619e+00
6.080000000000000000e+02 4.843014070401101101e+00
6.090000000000000000e+02 4.711286216451403774e+00
6.100000000000000000e+02 4.778929295621404449e+00
6.110000000000000000e+02 4.682703534170840953e+00
6.120000000000000000e+02 4.832193893369021609e+00
6.130000000000000000e+02 4.800765106291669859e+00
6.140000000000000000e+02 4.815099253721778716e+00
6.150000000000000000e+02 4.781701527995094736e+00
6.160000000000000000e+02 4.768179693491276794e+00
6.170000000000000000e+02 4.808385839465697309e+00
6.180000000000000000e+02 4.730420889732878997e+00
6.190000000000000000e+02 4.727517395084278817e+00
6.200000000000000000e+02 4.717678923094832832e+00
6.210000000000000000e+02 4.727127116834658693e+00
6.220000000000000000e+02 4.681626909474108089e+00
6.230000000000000000e+02 4.692382318883935532e+00
6.240000000000000000e+02 4.685768252794890287e+00
6.250000000000000000e+02 4.730744708244968955e+00
6.260000000000000000e+02 4.603981188424137727e+00
6.270000000000000000e+02 4.743473071407803943e+00
6.280000000000000000e+02 4.710306602576967983e+00
6.290000000000000000e+02 4.690111850924866488e+00
6.300000000000000000e+02 4.685772284127886600e+00
6.310000000000000000e+02 4.653460923672332328e+00
6.320000000000000000e+02 4.715108373711875522e+00
6.330000000000000000e+02 4.710779514662207568e+00
6.340000000000000000e+02 4.633844735186009700e+00
6.350000000000000000e+02 4.720066708850500170e+00
6.360000000000000000e+02 4.650524619067575749e+00
6.370000000000000000e+02 4.607302304374758073e+00
6.380000000000000000e+02 4.608939000287707088e+00
6.390000000000000000e+02 4.587674079436201424e+00
6.400000000000000000e+02 4.632770521114335516e+00
6.410000000000000000e+02 4.686180095850990490e+00
6.420000000000000000e+02 4.613787761472513793e+00
6.430000000000000000e+02 4.505901438897627287e+00
6.440000000000000000e+02 4.550029176984954127e+00
6.450000000000000000e+02 4.583704014969409712e+00
6.460000000000000000e+02 4.578797099797473180e+00
6.470000000000000000e+02 4.606533738428809421e+00
6.480000000000000000e+02 4.641290017494831943e+00
6.490000000000000000e+02 4.582791963159379200e+00
6.500000000000000000e+02 4.575447411374040207e+00
6.510000000000000000e+02 4.527263337637597473e+00
6.520000000000000000e+02 4.524343356793971260e+00
6.530000000000000000e+02 4.662822118502670143e+00
6.540000000000000000e+02 4.444404192626729255e+00
6.550000000000000000e+02 4.554741988333582903e+00
6.560000000000000000e+02 4.543436041539696824e+00
6.570000000000000000e+02 4.577030542704672911e+00
6.580000000000000000e+02 4.645764358852147780e+00
6.590000000000000000e+02 4.527926235268120436e+00
6.600000000000000000e+02 4.524636830990281133e+00
6.610000000000000000e+02 4.541265233650860544e+00
6.620000000000000000e+02 4.590826808009219384e+00
6.630000000000000000e+02 4.556336856457313012e+00
6.640000000000000000e+02 4.544055539743417249e+00
6.650000000000000000e+02 4.520826484607544771e+00
6.660000000000000000e+02 4.498723920194787951e+00
6.670000000000000000e+02 4.547513282459895834e+00
6.680000000000000000e+02 4.514360316617647584e+00
6.690000000000000000e+02 4.474738939034957674e+00
6.700000000000000000e+02 4.458402243257689079e+00
6.710000000000000000e+02 4.522467475489113653e+00
6.720000000000000000e+02 4.532166948855600452e+00
6.730000000000000000e+02 4.492079706861909827e+00
6.740000000000000000e+02 4.492778215077529502e+00
6.750000000000000000e+02 4.514589945876641863e+00
6.760000000000000000e+02 4.464128105702861227e+00
6.770000000000000000e+02 4.507427083217841357e+00
6.780000000000000000e+02 4.429260524723128256e+00
6.790000000000000000e+02 4.500908816670678547e+00
6.800000000000000000e+02 4.437073546535810209e+00
6.810000000000000000e+02 4.474985102679708504e+00
6.820000000000000000e+02 4.402379237797402922e+00
6.830000000000000000e+02 4.446554756506401418e+00
6.840000000000000000e+02 4.497113688919514018e+00
6.850000000000000000e+02 4.491267232990573177e+00
6.860000000000000000e+02 4.484587793674426059e+00
6.870000000000000000e+02 4.469519985630739711e+00
6.880000000000000000e+02 4.462231552556151115e+00
6.890000000000000000e+02 4.456865619862027117e+00
6.900000000000000000e+02 4.465328003987789174e+00
6.910000000000000000e+02 4.537665184493920201e+00
6.920000000000000000e+02 4.450858290120265792e+00
6.930000000000000000e+02 4.406853982086107457e+00
6.940000000000000000e+02 4.481324174851231135e+00
6.950000000000000000e+02 4.446962672059756372e+00
6.960000000000000000e+02 4.495243451560693160e+00
6.970000000000000000e+02 4.480008352664852644e+00
6.980000000000000000e+02 4.510452799393709356e+00
6.990000000000000000e+02 4.458727222531514656e+00
7.000000000000000000e+02 4.426114339093166983e+00
7.010000000000000000e+02 4.423300447408244906e+00
7.020000000000000000e+02 4.460741066721972459e+00
7.030000000000000000e+02 4.350635917774093642e+00
7.040000000000000000e+02 4.444478057955134176e+00
7.050000000000000000e+02 4.396004667411581579e+00
7.060000000000000000e+02 4.399906070999906937e+00
7.070000000000000000e+02 4.430562097611251637e+00
7.080000000000000000e+02 4.422741460672021674e+00
7.090000000000000000e+02 4.453444772562576759e+00
7.100000000000000000e+02 4.319590005946688294e+00
7.110000000000000000e+02 4.434608332668535269e+00
7.120000000000000000e+02 4.363857616623473490e+00
7.130000000000000000e+02 4.404067372413839720e+00
7.140000000000000000e+02 4.414423463259489644e+00
7.150000000000000000e+02 4.384062078142808794e+00
7.160000000000000000e+02 4.466365464447251021e+00
7.170000000000000000e+02 4.433154090676623582e+00
7.180000000000000000e+02 4.477289777785681046e+00
7.190000000000000000e+02 4.413653059179338811e+00
7.200000000000000000e+02 4.396630596482726361e+00
7.210000000000000000e+02 4.356317490721074215e+00
7.220000000000000000e+02 4.402062695600956310e+00
7.230000000000000000e+02 4.358577177277850545e+00
7.240000000000000000e+02 4.358558611328216870e+00
7.250000000000000000e+02 4.402974147963226947e+00
7.260000000000000000e+02 4.366680486649756610e+00
7.270000000000000000e+02 4.340270079307963158e+00
7.280000000000000000e+02 4.413048099338468866e+00
7.290000000000000000e+02 4.460696984292317424e+00
7.300000000000000000e+02 4.401307831779653235e+00
7.310000000000000000e+02 4.333106778363536193e+00
7.320000000000000000e+02 4.439302182248304085e+00
7.330000000000000000e+02 4.426478022334090490e+00
7.340000000000000000e+02 4.362779459274123361e+00
7.350000000000000000e+02 4.383659674130635509e+00
7.360000000000000000e+02 4.452384418571365465e+00
7.370000000000000000e+02 4.432984377496893558e+00
7.380000000000000000e+02 4.272385436074943144e+00
7.390000000000000000e+02 4.371297803629609291e+00
7.400000000000000000e+02 4.350554669430089838e+00
7.410000000000000000e+02 4.409405202251393874e+00
7.420000000000000000e+02 4.348338231227578454e+00
7.430000000000000000e+02 4.403293646328178212e+00
7.440000000000000000e+02 4.377873761279830411e+00
7.450000000000000000e+02 4.365257592473136050e+00
7.460000000000000000e+02 4.408759618666348246e+00
7.470000000000000000e+02 4.406273009095677651e+00
7.480000000000000000e+02 4.387208041398872105e+00
7.490000000000000000e+02 4.440835564568176075e+00
7.500000000000000000e+02 4.440835564568170746e+00
7.510000000000000000e+02 4.387208041398831249e+00
7.520000000000000000e+02 4.406273009095683868e+00
7.530000000000000000e+02 4.408759618666229230e+00
7.540000000000000000e+02 4.365257592473137827e+00
7.550000000000000000e+02 4.377873761279877485e+00
7.560000000000000000e+02 4.403293646328169331e+00
7.570000000000000000e+02 4.348338231227612205e+00
7.580000000000000000e+02 4.409405202251393874e+00
7.590000000000000000e+02 4.350554669430202637e+00
7.600000000000000000e+02 4.371297803629612844e+00
7.610000000000000000e+02 4.272385436074944920e+00
7.620000000000000000e+02 4.432984377496915762e+00
7.630000000000000000e+02 4.452384418571336155e+00
7.640000000000000000e+02 4.383659674130655937e+00
7.650000000000000000e+02 4.362779459274092275e+00
7.660000000000000000e+02 4.426478022334188189e+00
7.670000000000000000e+02 4.439302182248345829e+00
7.680000000000000000e+02 4.333106778363355005e+00
7.690000000000000000e+02 4.401307831779619484e+00
7.700000000000000000e+02 4.460696984292336076e+00
7.710000000000000000e+02 4.413048099338366725e+00
7.720000000000000000e+02 4.340270079307977369e+00
7.730000000000000000e+02 4.366680486649761939e+00
7.740000000000000000e+02 4.402974147963172769e+00
7.750000000000000000e+02 4.358558611328283483e+00
7.760000000000000000e+02 4.358577177277806136e+00
7.770000000000000000e+02 4.402062695600937658e+00
7.780000000000000000e+02 4.356317490720907237e+00
7.790000000000000000e+02 4.396630596482923536e+00
7.800000000000000000e+02 4.413653059179211802e+00
7.810000000000000000e+02 4.477289777785810720e+00
7.820000000000000000e+02 4.433154090676559633e+00
7.830000000000000000e+02 4.466365464447290101e+00
7.840000000000000000e+02 4.384062078142837215e+00
7.850000000000000000e+02 4.414423463259569580e+00
7.860000000000000000e+02 4.404067372413758896e+00
7.870000000000000000e+02 4.363857616623501023e+00
7.880000000000000000e+02 4.434608332668542374e+00
7.890000000000000000e+02 4.319590005946766453e+00
7.900000000000000000e+02 4.453444772562573206e+00
7.910000000000000000e+02 4.422741460671965719e+00
7.920000000000000000e+02 4.430562097611177030e+00
7.930000000000000000e+02 4.399906070999916707e+00
7.940000000000000000e+02 4.396004667411508748e+00
7.950000000000000000e+02 4.444478057955218553e+00
7.960000000000000000e+02 4.350635917774039463e+00
7.970000000000000000e+02 4.460741066722031078e+00
7.980000000000000000e+02 4.423300447408302638e+00
7.990000000000000000e+02 4.426114339093214944e+00
8.000000000000000000e+02 4.458727222531503109e+00
8.010000000000000000e+02 4.510452799393712908e+00
8.020000000000000000e+02 4.480008352664815341e+00
8.030000000000000000e+02 4.495243451560817505e+00
8.040000000000000000e+02 4.446962672059574295e+00
8.050000000000000000e+02 4.481324174851205377e+00
8.060000000000000000e+02 4.406853982086094135e+00
8.070000000000000000e+02 4.450858290120264016e+00
8.080000000000000000e+02 4.537665184493999249e+00
8.090000000000000000e+02 4.465328003987742100e+00
8.100000000000000000e+02 4.456865619862056427e+00
8.110000000000000000e+02 4.462231552556141345e+00
8.120000000000000000e+02 4.469519985630713066e+00
8.130000000000000000e+02 4.484587793674446488e+00
8.140000000000000000e+02 4.491267232990590053e+00
8.150000000000000000e+02 4.497113688919465169e+00
8.160000000000000000e+02 4.446554756506354344e+00
8.170000000000000000e+02 4.402379237797469536e+00
8.180000000000000000e+02 4.474985102679695181e+00
8.190000000000000000e+02 4.437073546535807544e+00
8.200000000000000000e+02 4.500908816670765589e+00
8.210000000000000000e+02 4.429260524723175330e+00
8.220000000000000000e+02 4.507427083217883101e+00
8.230000000000000000e+02 4.464128105702842575e+00
8.240000000000000000e+02 4.514589945876640087e+00
8.250000000000000000e+02 4.492778215077455783e+00
8.260000000000000000e+02 4.492079706861864530e+00
8.270000000000000000e+02 4.532166948855623545e+00
8.280000000000000000e+02 4.522467475489039934e+00
8.290000000000000000e+02 4.458402243257712172e+00
8.300000000000000000e+02 4.474738939034875074e+00
8.310000000000000000e+02 4.514360316617731073e+00
8.320000000000000000e+02 4.547513282459997974e+00
8.330000000000000000e+02 4.498723920194690251e+00
8.340000000000000000e+02 4.520826484607489704e+00
8.350000000000000000e+02 4.544055539743451888e+00
8.360000000000000000e+02 4.556336856457296136e+00
8.370000000000000000e+02 4.590826808009274451e+00
8.380000000000000000e+02 4.541265233650880973e+00
8.390000000000000000e+02 4.524636830990345082e+00
8.400000000000000000e+02 4.527926235268105337e+00
8.410000000000000000e+02 4.645764358852280118e+00
8.420000000000000000e+02 4.577030542704649818e+00
8.430000000000000000e+02 4.543436041539814063e+00
8.440000000000000000e+02 4.554741988333586455e+00
8.450000000000000000e+02 4.444404192626790540e+00
8.460000000000000000e+02 4.662822118502658597e+00
8.470000000000000000e+02 4.524343356794033433e+00
8.480000000000000000e+02 4.527263337637553953e+00
8.490000000000000000e+02 4.575447411374097051e+00
8.500000000000000000e+02 4.582791963159316140e+00
8.510000000000000000e+02 4.641290017494946518e+00
8.520000000000000000e+02 4.606533738428754354e+00
8.530000000000000000e+02 4.578797099797583314e+00
8.540000000000000000e+02 4.583704014969478102e+00
8.550000000000000000e+02 4.550029176985018964e+00
8.560000000000000000e+02 4.505901438897576661e+00
8.570000000000000000e+02 4.613787761472465832e+00
8.580000000000000000e+02 4.686180095850959404e+00
8.590000000000000000e+02 4.632770521114363937e+00
8.600000000000000000e+02 4.587674079436149910e+00
8.610000000000000000e+02 4.608939000287803900e+00
8.620000000000000000e+02 4.607302304374708335e+00
8.630000000000000000e+02 4.650524619067518906e+00
8.640000000000000000e+02 4.720066708850592541e+00
8.650000000000000000e+02 4.633844735185951969e+00
8.660000000000000000e+02 4.710779514662265299e+00
8.670000000000000000e+02 4.715108373711834666e+00
8.680000000000000000e+02 4.653460923672340321e+00
8.690000000000000000e+02 4.685772284127859955e+00
8.700000000000000000e+02 4.690111850924914449e+00
8.710000000000000000e+02 4.710306602576944890e+00
8.720000000000000000e+02 4.743473071407757757e+00
8.730000000000000000e+02 4.603981188424079996e+00
8.740000000000000000e+02 4.730744708245016916e+00
8.750000000000000000e+02 4.685768252794837885e+00
8.760000000000000000e+02 4.692382318883900894e+00
8.770000000000000000e+02 4.681626909474035259e+00
8.780000000000000000e+02 4.727127116834696885e+00
8.790000000000000000e+02 4.717678923094763555e+00
8.800000000000000000e+02 4.727517395084180230e+00
8.810000000000000000e+02 4.730420889732846135e+00
8.820000000000000000e+02 4.808385839465667999e+00
8.830000000000000000e+02 4.768179693491311433e+00
8.840000000000000000e+02 4.781701527995053880e+00
8.850000000000000000e+02 4.815099253721702333e+00
8.860000000000000000e+02 4.800765106291611239e+00
8.870000000000000000e+02 4.832193893369008286e+00
8.880000000000000000e+02 4.682703534170992832e+00
8.890000000000000000e+02 4.778929295621399120e+00
8.900000000000000000e+02 4.711286216451488151e+00
8.910000000000000000e+02 4.843014070401112647e+00
8.920000000000000000e+02 4.824295835238394226e+00
8.930000000000000000e+02 4.841803909498086256e+00
8.940000000000000000e+02 4.754728684983463793e+00
8.950000000000000000e+02 4.815533812354907184e+00
8.960000000000000000e+02 4.796372216620823359e+00
8.970000000000000000e+02 4.944286149531269103e+00
8.980000000000000000e+02 4.826010328636789914e+00
8.990000000000000000e+02 4.876726748626744268e+00
9.000000000000000000e+02 4.906776678961923821e+00
9.010000000000000000e+02 4.887890051577850059e+00
9.020000000000000000e+02 4.770222450559010063e+00
9.030000000000000000e+02 4.868356951275681688e+00
9.040000000000000000e+02 4.825707740033117865e+00
9.050000000000000000e+02 4.776667947426547656e+00
9.060000000000000000e+02 4.941372761041916917e+00
9.070000000000000000e+02 4.886789531412003562e+00
9.080000000000000000e+02 5.000220140521922652e+00
9.090000000000000000e+02 4.896971650301943590e+00
9.100000000000000000e+02 4.952010668210452771e+00
9.110000000000000000e+02 4.925920670620955732e+00
9.120000000000000000e+02 4.950678489420451633e+00
9.130000000000000000e+02 4.967275190293951148e+00
9.140000000000000000e+02 4.937118042671025719e+00
9.150000000000000000e+02 4.971215482394349294e+00
9.160000000000000000e+02 5.003810600682460752e+00
9.170000000000000000e+02 4.941955770588746688e+00
9.180000000000000000e+02 5.003407707013619365e+00
9.190000000000000000e+02 4.947807979323971317e+00
9.200000000000000000e+02 5.034059523398195068e+00
9.210000000000000000e+02 4.957411870442252955e+00
9.220000000000000000e+02 5.102388275879244262e+00
9.230000000000000000e+02 5.069592365586665927e+00
9.240000000000000000e+02 5.043684760487251673e+00
9.250000000000000000e+02 5.013320034999638075e+00
9.260000000000000000e+02 5.019616849115260848e+00
9.270000000000000000e+02 5.130551145109600419e+00
9.280000000000000000e+02 5.060293535935402431e+00
9.290000000000000000e+02 5.135595048225674475e+00
9.300000000000000000e+02 5.202554578006546748e+00
9.310000000000000000e+02 5.018640098241095693e+00
9.320000000000000000e+02 5.126142722850262956e+00
9.330000000000000000e+02 5.176553063003169086e+00
9.340000000000000000e+02 5.054288738873683684e+00
9.350000000000000000e+02 5.257624595518650246e+00
9.360000000000000000e+02 5.130482273463297105e+00
9.370000000000000000e+02 5.054440401417504170e+00
9.380000000000000000e+02 5.211421962410584641e+00
9.390000000000000000e+02 5.177019163355344844e+00
9.400000000000000000e+02 5.052846350758843919e+00
9.410000000000000000e+02 5.173301750284935885e+00
9.420000000000000000e+02 5.159009136050585198e+00
9.430000000000000000e+02 5.220285852844537722e+00
9.440000000000000000e+02 5.111379941074507549e+00
9.450000000000000000e+02 5.236252433753481483e+00
9.460000000000000000e+02 5.263413817731658284e+00
9.470000000000000000e+02 5.227540761792919710e+00
9.480000000000000000e+02 5.224367562567994838e+00
9.490000000000000000e+02 5.290919533042772294e+00
9.500000000000000000e+02 5.421499505497553884e+00
9.510000000000000000e+02 5.283025738148304562e+00
9.520000000000000000e+02 5.288354150971739109e+00
9.530000000000000000e+02 5.242377057158168263e+00
9.540000000000000000e+02 5.155762967797489438e+00
9.550000000000000000e+02 5.381353149004572956e+00
9.560000000000000000e+02 5.225655147343816864e+00
9.570000000000000000e+02 5.284691947988997107e+00
9.580000000000000000e+02 5.425548729263746317e+00
9.590000000000000000e+02 5.364402092065615690e+00
9.600000000000000000e+02 5.386949629202752554e+00
9.610000000000000000e+02 5.301905992092958542e+00
9.620000000000000000e+02 5.500279274402649854e+00
9.630000000000000000e+02 5.405798451826882456e+00
9.640000000000000000e+02 5.463556193865779065e+00
9.650000000000000000e+02 5.383488142762606010e+00
9.660000000000000000e+02 5.432403418304033060e+00
9.670000000000000000e+02 5.299342041055252750e+00
9.680000000000000000e+02 5.485541080556570748e+00
9.690000000000000000e+02 5.512907099152728030e+00
9.700000000000000000e+02 5.469680172334510537e+00
9.710000000000000000e+02 5.426513355622589074e+00
9.720000000000000000e+02 5.464504357006215507e+00
9.730000000000000000e+02 5.409121012034133535e+00
9.740000000000000000e+02 5.440646732076225511e+00
9.750000000000000000e+02 5.613460457443644636e+00
9.760000000000000000e+02 5.562797619664753945e+00
9.770000000000000000e+02 5.621294305373751854e+00
9.780000000000000000e+02 5.635719404044691849e+00
9.790000000000000000e+02 5.531473458609909244e+00
9.800000000000000000e+02 5.608228919115666677e+00
9.810000000000000000e+02 5.775575891439077125e+00
9.820000000000000000e+02 5.659986380954545204e+00
9.830000000000000000e+02 5.533526027554291460e+00
9.840000000000000000e+02 5.655629494160611337e+00
9.850000000000000000e+02 5.478687072351601905e+00
9.860000000000000000e+02 5.647087702557411326e+00
9.870000000000000000e+02 5.505677538036132468e+00
9.880000000000000000e+02 5.805796409445297179e+00
9.890000000000000000e+02 5.512364765230121755e+00
9.900000000000000000e+02 5.711869273467928387e+00
9.910000000000000000e+02 5.670880964718899797e+00
9.920000000000000000e+02 5.712292512355856999e+00
9.930000000000000000e+02 5.812325122383063203e+00
9.940000000000000000e+02 5.832816171644556569e+00
9.950000000000000000e+02 5.703262888142823783e+00
9.960000000000000000e+02 5.798363779438752807e+00
9.970000000000000000e+02 5.956247579634943889e+00
9.980000000000000000e+02 5.885292417888644323e+00
9.990000000000000000e+02 5.978819747194809686e+00
1.000000000000000000e+03 5.743490750807570322e+00
1.001000000000000000e+03 5.850067809539400088e+00
1.002000000000000000e+03 5.886440793571988017e+00
1.003000000000000000e+03 5.939619550273426363e+00
1.004000000000000000e+03 5.911798947666933479e+00
1.005000000000000000e+03 5.817560965812486273e+00
1.006000000000000000e+03 5.988759302998538203e+00
1.007000000000000000e+03 5.948519209906113048e+00
1.008000000000000000e+03 6.016797118802503341e+00
1.009000000000000000e+03 5.984453616274210574e+00
1.010000000000000000e+03 5.880516713533077144e+00
1.011000000000000000e+03 6.018403677742337088e+00
1.012000000000000000e+03 5.939755721594799809e+00
1.013000000000000000e+03 6.146593823354065123e+00
1.014000000000000000e+03 6.165540790991348885e+00
1.015000000000000000e+03 6.012825551906398225e+00
1.016000000000000000e+03 6.194454909223654049e+00
1.017000000000000000e+03 6.099902226582226028e+00
1.018000000000000000e+03 6.124389174841550876e+00
1.019000000000000000e+03 6.078603725856408957e+00
1.020000000000000000e+03 6.337441652065605169e+00
1.021000000000000000e+03 6.227408671860184874e+00
1.022000000000000000e+03 6.249812482282870008e+00
1.023000000000000000e+03 6.063246211885740422e+00
1.024000000000000000e+03 6.339431871881218150e+00
1.025000000000000000e+03 6.227473198924811548e+00
1.026000000000000000e+03 6.247363564716665429e+00
1.027000000000000000e+03 6.192734394745817106e+00
1.028000000000000000e+03 6.337229181200796369e+00
1.029000000000000000e+03 6.197946385096011923e+00
1.030000000000000000e+03 6.563889225128288096e+00
1.031000000000000000e+03 6.376103941393888697e+00
1.032000000000000000e+03 6.561557000497939107e+00
1.033000000000000000e+03 6.228342983502516361e+00
1.034000000000000000e+03 6.323799420695844553e+00
1.035000000000000000e+03 6.543438135285859936e+00
1.036000000000000000e+03 6.653490222488926520e+00
1.037000000000000000e+03 6.625560339393133269e+00
1.038000000000000000e+03 6.330909119460168100e+00
1.039000000000000000e+03 6.519263612586049916e+00
1.040000000000000000e+03 6.510103922893193840e+00
1.041000000000000000e+03 6.411871692595306094e+00
1.042000000000000000e+03 6.486817993877511235e+00
1.043000000000000000e+03 6.379337717755333870e+00
1.044000000000000000e+03 6.438738663655692029e+00
1.045000000000000000e+03 6.563879692092828400e+00
1.046000000000000000e+03 6.636815314251130360e+00
1.047000000000000000e+03 6.600970179450579067e+00
1.048000000000000000e+03 6.586047522184164116e+00
1.049000000000000000e+03 6.381672666643005698e+00
1.050000000000000000e+03 6.871334201787066220e+00
1.051000000000000000e+03 6.872049154674828131e+00
1.052000000000000000e+03 6.819737285412207584e+00
1.053000000000000000e+03 6.782903171843836176e+00
1.054000000000000000e+03 6.832058555612792183e+00
1.055000000000000000e+03 6.718350771597578763e+00
1.056000000000000000e+03 6.911597329679738166e+00
1.057000000000000000e+03 7.004091746012410802e+00
1.058000000000000000e+03 7.071523111611715429e+00
1.059000000000000000e+03 6.751612931363474956e+00
1.060000000000000000e+03 7.036941632789881496e+00
1.061000000000000000e+03 6.873982006743915463e+00
1.062000000000000000e+03 7.014351567379220498e+00
1.063000000000000000e+03 6.924472524120813155e+00
1.064000000000000000e+03 6.954869365274759296e+00
1.065000000000000000e+03 7.158025554536248336e+00
1.066000000000000000e+03 7.257998713364124832e+00
1.067000000000000000e+03 7.241548814079741270e+00
1.068000000000000000e+03 7.378356978276523925e+00
1.069000000000000000e+03 7.137805535995289219e+00
1.070000000000000000e+03 7.232823748557345667e+00
1.071000000000000000e+03 7.288020700245450456e+00
1.072000000000000000e+03 7.223072158290984923e+00
1.073000000000000000e+03 7.261415974981145105e+00
1.074000000000000000e+03 6.972082406313031555e+00
1.075000000000000000e+03 7.350808353844431764e+00
1.076000000000000000e+03 7.419142725395677651e+00
1.077000000000000000e+03 7.431003933424770835e+00
1.078000000000000000e+03 7.307684076774504156e+00
1.079000000000000000e+03 7.361192685790880930e+00
1.080000000000000000e+03 7.469562601695987958e+00
1.081000000000000000e+03 7.589337944560515581e+00
1.082000000000000000e+03 7.305769875510380373e+00
1.083000000000000000e+03 7.405784580760893299e+00
1.084000000000000000e+03 7.533238409670157232e+00
1.085000000000000000e+03 7.382153238793191186e+00
1.086000000000000000e+03 7.783833632488953214e+00
1.087000000000000000e+03 7.131737217992122346e+00
1.088000000000000000e+03 7.933111929829097519e+00
1.089000000000000000e+03 7.614958856692702227e+00
1.090000000000000000e+03 7.678932697390598250e+00
1.091000000000000000e+03 7.407271811768817216e+00
1.092000000000000000e+03 7.527470095675478312e+00
1.093000000000000000e+03 7.650168591449653555e+00
1.094000000000000000e+03 7.562186978418326433e+00
1.095000000000000000e+03 7.980999074634396173e+00
1.096000000000000000e+03 7.359747841112081801e+00
1.097000000000000000e+03 7.876891635742437003e+00
1.098000000000000000e+03 8.243194109390667990e+00
1.099000000000000000e+03 7.970942665469025634e+00
1.100000000000000000e+03 8.048663714386730561e+00
1.101000000000000000e+03 7.862305240296640463e+00
1.102000000000000000e+03 8.077343215879352556e+00
1.103000000000000000e+03 7.958663998351465985e+00
1.104000000000000000e+03 8.052393987580069634e+00
1.105000000000000000e+03 8.136823154433072247e+00
1.106000000000000000e+03 7.960595022905192941e+00
1.107000000000000000e+03 8.306489978038051447e+00
1.108000000000000000e+03 8.257685565995737775e+00
1.109000000000000000e+03 8.225777801334080763e+00
1.110000000000000000e+03 8.434189319269803420e+00
1.111000000000000000e+03 8.491484672528164523e+00
1.112000000000000000e+03 8.475245364890088950e+00
1.113000000000000000e+03 8.370010779855842742e+00
1.114000000000000000e+03 8.100601709864738709e+00
1.115000000000000000e+03 8.450917915414770221e+00
1.116000000000000000e+03 8.643463429081728933e+00
1.117000000000000000e+03 9.067787027923801091e+00
1.118000000000000000e+03 8.756695988908941075e+00
1.119000000000000000e+03 8.629592290025307477e+00
1.120000000000000000e+03 8.266409973811507328e+00
1.121000000000000000e+03 8.478800058401017026e+00
1.122000000000000000e+03 8.786333853114802750e+00
1.123000000000000000e+03 9.126587771253049652e+00
1.124000000000000000e+03 8.695789688276276408e+00
1.125000000000000000e+03 9.056153556547378969e+00
1.126000000000000000e+03 8.776998789130322720e+00
1.127000000000000000e+03 8.822003530401357096e+00
1.128000000000000000e+03 8.815112416060335576e+00
1.129000000000000000e+03 8.869640332386538262e+00
1.130000000000000000e+03 9.062838938128287225e+00
1.131000000000000000e+03 9.249227276368765516e+00
1.132000000000000000e+03 9.453436937520061534e+00
1.133000000000000000e+03 9.449697046651504451e+00
1.134000000000000000e+03 8.938506830300827488e+00
1.135000000000000000e+03 9.053952942441874541e+00
1.136000000000000000e+03 9.289556381089312254e+00
1.137000000000000000e+03 9.107298491824550979e+00
1.138000000000000000e+03 9.438543874404906830e+00
1.139000000000000000e+03 9.408185390619166810e+00
1.140000000000000000e+03 9.014526450689473336e+00
1.141000000000000000e+03 9.672746185100391969e+00
1.142000000000000000e+03 9.394893992694532514e+00
1.143000000000000000e+03 9.519257054072987501e+00
1.144000000000000000e+03 9.187539529922537085e+00
1.145000000000000000e+03 9.259532991061902862e+00
1.146000000000000000e+03 9.608842036440504941e+00
1.147000000000000000e+03 9.245524769258407716e+00
1.148000000000000000e+03 1.047603792195324779e+01
1.149000000000000000e+03 9.848962455717680697e+00
1.150000000000000000e+03 9.843244590100223235e+00
1.151000000000000000e+03 9.788167851961041777e+00
1.152000000000000000e+03 1.009675288459678910e+01
1.153000000000000000e+03 1.007004097765211803e+01
1.154000000000000000e+03 9.965814989422524306e+00
1.155000000000000000e+03 9.753937020519371615e+00
1.156000000000000000e+03 1.006692698367444372e+01
1.157000000000000000e+03 1.017823327628236996e+01
1.158000000000000000e+03 9.577886556198967227e+00
1.159000000000000000e+03 1.079626509996271011e+01
1.160000000000000000e+03 1.053235744123519524e+01
1.161000000000000000e+03 1.013084033199792877e+01
1.162000000000000000e+03 1.029632469433666486e+01
1.163000000000000000e+03 1.029678167850540582e+01
1.164000000000000000e+03 9.933756008155775419e+00
1.165000000000000000e+03 1.049092817646543097e+01
1.166000000000000000e+03 1.028442611028711973e+01
1.167000000000000000e+03 1.113921425111716346e+01
1.168000000000000000e+03 1.096586087177415436e+01
1.169000000000000000e+03 1.094792197435963921e+01
1.170000000000000000e+03 1.095705456222778729e+01
1.171000000000000000e+03 1.093526068325514444e+01
1.172000000000000000e+03 1.053852532922516794e+01
1.173000000000000000e+03 1.068382031367103835e+01
1.174000000000000000e+03 1.109975493818320302e+01
1.175000000000000000e+03 1.076074358896365801e+01
1.176000000000000000e+03 1.153365800322506551e+01
1.177000000000000000e+03 1.125417662494729143e+01
1.178000000000000000e+03 1.093885096139695712e+01
1.179000000000000000e+03 1.129144175080842238e+01
1.180000000000000000e+03 1.110588824243623662e+01
1.181000000000000000e+03 1.107676321832700950e+01
1.182000000000000000e+03 1.132738388253953232e+01
1.183000000000000000e+03 1.181336695213660093e+01
1.184000000000000000e+03 1.183086098951634213e+01
1.185000000000000000e+03 1.166511672955785173e+01
1.186000000000000000e+03 1.198641709266183319e+01
1.187000000000000000e+03 1.151084587314273833e+01
1.188000000000000000e+03 1.252311237004210120e+01
1.189000000000000000e+03 1.228618502427822712e+01
1.190000000000000000e+03 1.197515886148231523e+01
1.191000000000000000e+03 1.257573763636647080e+01
1.192000000000000000e+03 1.239111963919154924e+01
1.193000000000000000e+03 1.168473047803531983e+01
1.194000000000000000e+03 1.250250012987398307e+01
1.195000000000000000e+03 1.227740528839938783e+01
1.196000000000000000e+03 1.225940068769080327e+01
1.197000000000000000e+03 1.261594928756777456e+01
1.198000000000000000e+03 1.227272079215141964e+01
1.199000000000000000e+03 1.157963408862451615e+01
1.200000000000000000e+03 1.346025971117161824e+01
1.201000000000000000e+03 1.341432830231246065e+01
1.202000000000000000e+03 1.331910891079596837e+01
1.203000000000000000e+03 1.338653185880347785e+01
1.204000000000000000e+03 1.334291278440391082e+01
1.205000000000000000e+03 1.355283234539918169e+01
1.206000000000000000e+03 1.335889521395523616e+01
1.207000000000000000e+03 1.358155589972110633e+01
1.208000000000000000e+03 1.304301061343042356e+01
1.209000000000000000e+03 1.329390538991767734e+01
1.210000000000000000e+03 1.340637772887104973e+01
1.211000000000000000e+03 1.388318098813606127e+01
1.212000000000000000e+03 1.412100132366021654e+01
1.213000000000000000e+03 1.358852328546556265e+01
1.214000000000000000e+03 1.396324474347376032e+01
1.215000000000000000e+03 1.419652587527368404e+01
1.216000000000000000e+03 1.472929795086877647e+01
1.217000000000000000e+03 1.401863466498530997e+01
1.218000000000000000e+03 1.543721310251561185e+01
1.219000000000000000e+03 1.476076104584714699e+01
1.220000000000000000e+03 1.445733431820631942e+01
1.221000000000000000e+03 1.278830219074369801e+01
1.222000000000000000e+03 1.480167319484931276e+01
1.223000000000000000e+03 1.465988090642929720e+01
1.224000000000000000e+03 1.517017935618774871e+01
1.225000000000000000e+03 1.523388849506342524e+01
1.226000000000000000e+03 1.581113516677771891e+01
1.227000000000000000e+03 1.540668323003929885e+01
1.228000000000000000e+03 1.394162403606317113e+01
1.229000000000000000e+03 1.573908027227787620e+01
1.230000000000000000e+03 1.374221294935122373e+01
1.231000000000000000e+03 1.386380107976219911e+01
1.232000000000000000e+03 1.583214831565423886e+01
1.233000000000000000e+03 1.717278475093589662e+01
1.234000000000000000e+03 1.553740363311068862e+01
1.235000000000000000e+03 1.542848417117889603e+01
1.236000000000000000e+03 1.775692961701749439e+01
1.237000000000000000e+03 1.511228673717914894e+01
1.238000000000000000e+03 1.623872680233583665e+01
1.239000000000000000e+03 1.592756974206906939e+01
1.240000000000000000e+03 1.566677534351129886e+01
1.241000000000000000e+03 1.736578004575835976e+01
1.242000000000000000e+03 1.694627881537554970e+01
1.243000000000000000e+03 1.715797497841822050e+01
1.244000000000000000e+03 1.693620914099945196e+01
1.245000000000000000e+03 1.724129307069735617e+01
1.246000000000000000e+03 1.764807864530297010e+01
1.247000000000000000e+03 1.858419615763746791e+01
1.248000000000000000e+03 1.700323904221858129e+01
1.249000000000000000e+03 1.917847028673748611e+01
1.250000000000000000e+03 1.775075678399436185e+01
1.251000000000000000e+03 1.743711241602007433e+01
1.252000000000000000e+03 1.802776936530058194e+01
1.253000000000000000e+03 1.842015128893653042e+01
1.254000000000000000e+03 1.830043194584217403e+01
1.255000000000000000e+03 1.887066716219295870e+01
1.256000000000000000e+03 1.916323041526782234e+01
1.257000000000000000e+03 1.702086644978572494e+01
1.258000000000000000e+03 2.009144946730080505e+01
1.259000000000000000e+03 1.866022174384752574e+01
1.260000000000000000e+03 1.791913401227355962e+01
1.261000000000000000e+03 2.187550189649480359e+01
1.262000000000000000e+03 2.116880026494971645e+01
1.263000000000000000e+03 1.891199388627951450e+01
1.264000000000000000e+03 1.887788782370414253e+01
1.265000000000000000e+03 1.896108576822836156e+01
1.266000000000000000e+03 1.901054443628062174e+01
1.267000000000000000e+03 1.965680042698699381e+01
1.268000000000000000e+03 2.281863484700864575e+01
1.269000000000000000e+03 2.148902865951301067e+01
1.270000000000000000e+03 1.856762783888170887e+01
1.271000000000000000e+03 2.293157916258043372e+01
1.272000000000000000e+03 2.172974440367887183e+01
1.273000000000000000e+03 2.049659913491865382e+01
1.274000000000000000e+03 2.166527867733172386e+01
1.275000000000000000e+03 1.837503378701499201e+01
1.276000000000000000e+03 2.157388539034417718e+01
1.277000000000000000e+03 1.878066943476599349e+01
1.278000000000000000e+03 2.233761290357967866e+01
1.279000000000000000e+03 2.288747458789863387e+01
1.280000000000000000e+03 2.275155203254004377e+01
1.281000000000000000e+03 2.282421418486568854e+01
1.282000000000000000e+03 2.329604741558568293e+01
1.283000000000000000e+03 2.236643630709030717e+01
1.284000000000000000e+03 2.198281201592996936e+01
1.285000000000000000e+03 1.992149798704819474e+01
1.286000000000000000e+03 2.543184569579433685e+01
1.287000000000000000e+03 2.414016100083599170e+01
1.288000000000000000e+03 2.517340550844621916e+01
1.289000000000000000e+03 2.196841705855391425e+01
1.290000000000000000e+03 2.782087692950198132e+01
1.291000000000000000e+03 2.252777583942591022e+01
1.292000000000000000e+03 2.616297426059148634e+01
1.293000000000000000e+03 2.559084954466286987e+01
1.294000000000000000e+03 2.897162147223727047e+01
1.295000000000000000e+03 2.457331618902379944e+01
1.296000000000000000e+03 2.441034430099898955e+01
1.297000000000000000e+03 2.524035563896841694e+01
1.298000000000000000e+03 2.320438069470061748e+01
1.299000000000000000e+03 2.498420765160655677e+01
1.300000000000000000e+03 2.854333850179898846e+01
1.301000000000000000e+03 2.385026741331727251e+01
1.302000000000000000e+03 2.769959997358588666e+01
1.303000000000000000e+03 2.583751652018502298e+01
1.304000000000000000e+03 2.919931175783556654e+01
1.305000000000000000e+03 3.085051126031635249e+01
1.306000000000000000e+03 2.764266046102924790e+01
1.307000000000000000e+03 2.557816290775509316e+01
1.308000000000000000e+03 3.019045335059702850e+01
1.309000000000000000e+03 2.583568827486072195e+01
1.310000000000000000e+03 3.574587767548415940e+01
1.311000000000000000e+03 2.610141374190196117e+01
1.312000000000000000e+03 3.284914283846017469e+01
1.313000000000000000e+03 3.177628082144849131e+01
1.314000000000000000e+03 3.229614856391933131e+01
1.315000000000000000e+03 2.621935705375051384e+01
1.316000000000000000e+03 3.111319451739236186e+01
1.317000000000000000e+03 3.129620949760554183e+01
1.318000000000000000e+03 3.174130571924387922e+01
1.319000000000000000e+03 3.144260675813248795e+01
1.320000000000000000e+03 3.623313787224184068e+01
1.321000000000000000e+03 2.943476195080206281e+01
1.322000000000000000e+03 3.885532048945859174e+01
1.323000000000000000e+03 3.463107355361547235e+01
1.324000000000000000e+03 3.112609066209715891e+01
1.325000000000000000e+03 3.389077630897339333e+01
1.326000000000000000e+03 3.278373969556147927e+01
1.327000000000000000e+03 3.372723944068791724e+01
1.328000000000000000e+03 2.895997879583313406e+01
1.329000000000000000e+03 2.985616626113036176e+01
1.330000000000000000e+03 3.420724755901137115e+01
1.331000000000000000e+03 3.713511510190915033e+01
1.332000000000000000e+03 3.371875788011608677e+01
1.333000000000000000e+03 4.248913643582712751e+01
1.334000000000000000e+03 3.843180742031694308e+01
1.335000000000000000e+03 4.058417882124999920e+01
1.336000000000000000e+03 3.605659663378148139e+01
1.337000000000000000e+03 4.279339193382187290e+01
1.338000000000000000e+03 3.786075831169756611e+01
1.339000000000000000e+03 3.912678683810944591e+01
1.340000000000000000e+03 4.002508760826204082e+01
1.341000000000000000e+03 4.940084491939106215e+01
1.342000000000000000e+03 4.901867500837192182e+01
1.343000000000000000e+03 4.170023466802511791e+01
1.344000000000000000e+03 3.907372656940196975e+01
1.345000000000000000e+03 4.679309200222414233e+01
1.346000000000000000e+03 4.856106077259620690e+01
1.347000000000000000e+03 3.889819503457331251e+01
1.348000000000000000e+03 4.968637031482213473e+01
1.349000000000000000e+03 4.787465453171221696e+01
1.350000000000000000e+03 4.739883902650424119e+01
1.351000000000000000e+03 5.805862737586942757e+01
1.352000000000000000e+03 3.417934664385285259e+01
1.353000000000000000e+03 5.335178973465203001e+01
1.354000000000000000e+03 4.518938592890893347e+01
1.355000000000000000e+03 5.031780455214794046e+01
1.356000000000000000e+03 3.875299091055879330e+01
1.357000000000000000e+03 5.321480348170864971e+01
1.358000000000000000e+03 6.028507379978547220e+01
1.359000000000000000e+03 4.620002126321990943e+01
1.360000000000000000e+03 5.210093174158718199e+01
1.361000000000000000e+03 6.587843823935564558e+01
1.362000000000000000e+03 5.460393334553315015e+01
1.363000000000000000e+03 8.132135375736916671e+01
1.364000000000000000e+03 5.806333505281022411e+01
1.365000000000000000e+03 6.012918808663906134e+01
1.366000000000000000e+03 5.557498591657062548e+01
1.367000000000000000e+03 6.509440452840287605e+01
1.368000000000000000e+03 6.085734237509358024e+01
1.369000000000000000e+03 8.175732682392437312e+01
1.370000000000000000e+03 7.307544095774257187e+01
1.371000000000000000e+03 7.688281563803572283e+01
1.372000000000000000e+03 6.156625370804181330e+01
1.373000000000000000e+03 8.024771959875440075e+01
1.374000000000000000e+03 8.076236431518250924e+01
1.375000000000000000e+03 6.179680542894443107e+01
1.376000000000000000e+03 5.696370117259316856e+01
1.377000000000000000e+03 8.370815103223662845e+01
1.378000000000000000e+03 8.324604556675066647e+01
1.379000000000000000e+03 8.963355482100084259e+01
1.380000000000000000e+03 6.814156959958589255e+01
1.381000000000000000e+03 6.248820630826399736e+01
1.382000000000000000e+03 9.911301580583304371e+01
1.383000000000000000e+03 8.674098365594232973e+01
1.384000000000000000e+03 7.326666335696546639e+01
1.385000000000000000e+03 9.784329484796604959e+01
1.386000000000000000e+03 6.732226043894694101e+01
1.387000000000000000e+03 1.010185081730764551e+02
1.388000000000000000e+03 6.620066264534490585e+01
1.389000000000000000e+03 7.108050401132723550e+01
1.390000000000000000e+03 7.456872361993703180e+01
1.391000000000000000e+03 8.763560510832313355e+01
1.392000000000000000e+03 9.369982039574382782e+01
1.393000000000000000e+03 8.448020735149604832e+01
1.394000000000000000e+03 7.035377426885595753e+01
1.395000000000000000e+03 9.923140386305590255e+01
1.396000000000000000e+03 8.350597234862142670e+01
1.397000000000000000e+03 1.030760435089638065e+02
1.398000000000000000e+03 7.682804379928330718e+01
1.399000000000000000e+03 1.061923373501697370e+02
1.400000000000000000e+03 1.251196325255332908e+02
1.401000000000000000e+03 1.115478967055896646e+02
1.402000000000000000e+03 1.028967721353906910e+02
1.403000000000000000e+03 1.119127852199570725e+02
1.404000000000000000e+03 1.237252323419029807e+02
1.405000000000000000e+03 1.222941798933065911e+02
1.406000000000000000e+03 8.349452172247470116e+01
1.407000000000000000e+03 9.011159915179536029e+01
1.408000000000000000e+03 1.249570449148188800e+02
1.409000000000000000e+03 1.030242767792635021e+02
1.410000000000000000e+03 1.323021273742768074e+02
1.411000000000000000e+03 1.463275834160964450e+02
1.412000000000000000e+03 1.335447254652727054e+02
1.413000000000000000e+03 1.277039503291878191e+02
1.414000000000000000e+03 1.253056064781606835e+02
1.415000000000000000e+03 1.748552129289656136e+02
1.416000000000000000e+03 1.501879164599980356e+02
1.417000000000000000e+03 2.233522370104777792e+02
1.418000000000000000e+03 2.108191540125085623e+02
1.419000000000000000e+03 1.639470522259655070e+02
1.420000000000000000e+03 1.117870122940475852e+02
1.421000000000000000e+03 1.776037838640849884e+02
1.422000000000000000e+03 2.187864846127544922e+02
1.423000000000000000e+03 1.943299314711822205e+02
1.424000000000000000e+03 2.191576480250790553e+02
1.425000000000000000e+03 1.838763268639670514e+02
1.426000000000000000e+03 2.083503930546043819e+02
1.427000000000000000e+03 1.606691952964942516e+02
1.428000000000000000e+03 2.424617435161042920e+02
1.429000000000000000e+03 1.818603148026513452e+02
1.430000000000000000e+03 3.031236090619364063e+02
1.431000000000000000e+03 2.548400945476189463e+02
1.432000000000000000e+03 2.032498300284600816e+02
1.433000000000000000e+03 2.217120682209780398e+02
1.434000000000000000e+03 1.454202225219896434e+02
1.435000000000000000e+03 1.879319028589567040e+02
1.436000000000000000e+03 2.026224467874347965e+02
1.437000000000000000e+03 2.738957449383162839e+02
1.438000000000000000e+03 2.858479287550704271e+02
1.439000000000000000e+03 3.102760801639136048e+02
1.440000000000000000e+03 3.393699179060790243e+02
1.441000000000000000e+03 1.929906662951188707e+02
1.442000000000000000e+03 3.565074639209797738e+02
1.443000000000000000e+03 4.670755618204787538e+02
1.444000000000000000e+03 4.480195971111804738e+02
1.445000000000000000e+03 2.675492876710329710e+02
1.446000000000000000e+03 2.972255809983362838e+02
1.447000000000000000e+03 5.142719433086904246e+02
1.448000000000000000e+03 3.611614743855665211e+02
1.449000000000000000e+03 3.107379433146362544e+02
1.450000000000000000e+03 2.764167140463109718e+02
1.451000000000000000e+03 3.873038015574638280e+02
1.452000000000000000e+03 3.300574983895120909e+02
1.453000000000000000e+03 6.059750582293520438e+02
1.454000000000000000e+03 5.136970034635680804e+02
1.455000000000000000e+03 3.819530195921946074e+02
1.456000000000000000e+03 3.613737717791910882e+02
1.457000000000000000e+03 3.536430331776874709e+02
1.458000000000000000e+03 9.534185197294324325e+02
1.459000000000000000e+03 5.305697472442394655e+02
1.460000000000000000e+03 5.884659103925652062e+02
1.461000000000000000e+03 8.995239325372458552e+02
1.462000000000000000e+03 4.767238268636256180e+02
1.463000000000000000e+03 1.049240511423486851e+03
1.464000000000000000e+03 8.335135998525796595e+02
1.465000000000000000e+03 9.340585210734561770e+02
1.466000000000000000e+03 8.118109775089326376e+02
1.467000000000000000e+03 1.471697703736195081e+03
1.468000000000000000e+03 9.510004713353753232e+02
1.469000000000000000e+03 7.655062434893700356e+02
1.470000000000000000e+03 1.366233881363458067e+03
1.471000000000000000e+03 8.982247967658905736e+02
1.472000000000000000e+03 1.447807097285482769e+03
1.473000000000000000e+03 1.981988460285489737e+03
1.474000000000000000e+03 1.515444409901180734e+03
1.475000000000000000e+03 1.416205110178348832e+03
1.476000000000000000e+03 1.827152040565018524e+03
1.477000000000000000e+03 1.333419703177760994e+03
1.478000000000000000e+03 2.245686908052633953e+03
1.479000000000000000e+03 2.001229387918426710e+03
1.480000000000000000e+03 3.190564264367398664e+03
1.481000000000000000e+03 3.693190161689951310e+03
1.482000000000000000e+03 3.450989533787721030e+03
1.483000000000000000e+03 4.451894723469136807e+03
1.484000000000000000e+03 5.063845161166257640e+03
1.485000000000000000e+03 5.611697011083528196e+03
1.486000000000000000e+03 6.201826605850721535e+03
1.487000000000000000e+03 7.567294918582657374e+03
1.488000000000000000e+03 9.852204558470575648e+03
1.489000000000000000e+03 8.495174842138618260e+03
1.490000000000000000e+03 9.301305742340089637e+03
1.491000000000000000e+03 1.332086719687203913e+04
1.492000000000000000e+03 2.703248560292237380e+04
1.493000000000000000e+03 2.993465147752877238e+04
1.494000000000000000e+03 4.662419853824320307e+04
1.495000000000000000e+03 7.316280179283914913e+04
1.496000000000000000e+03 9.929170567686187860e+04
1.497000000000000000e+03 2.102102936190358887e+05
1.498000000000000000e+03 5.069985289623345598e+05
