# itime ezz other fcc hcp bcc ico
0.000000000000000000e+00 0.000000000000000000e+00 7.965407373691396923e-04 9.992034592626308775e-01 0.000000000000000000e+00 0.000000000000000000e+00 0.000000000000000000e+00
3.000000000000000000e+01 1.199997253656626128e-02 3.413746017296313199e-04 9.996586253982703285e-01 0.000000000000000000e+00 0.000000000000000000e+00 0.000000000000000000e+00
6.000000000000000000e+01 2.399994507313252257e-02 2.048247610377787811e-03 9.979517523896221931e-01 0.000000000000000000e+00 0.000000000000000000e+00 0.000000000000000000e+00
9.000000000000000000e+01 3.599991760969878385e-02 2.503413746017296455e-03 9.973827947200728516e-01 0.000000000000000000e+00 1.137915339098771066e-04 0.000000000000000000e+00
1.200000000000000000e+02 4.799989014626504513e-02 1.319981793354574502e-02 9.863450159308146947e-01 0.000000000000000000e+00 4.551661356395084266e-04 0.000000000000000000e+00
1.500000000000000000e+02 5.999986268283130642e-02 1.900318616294947513e-02 9.805416477014110566e-01 0.000000000000000000e+00 4.551661356395084266e-04 0.000000000000000000e+00
1.800000000000000000e+02 7.199983521939756770e-02 3.129267182521620200e-02 9.680245789713245452e-01 0.000000000000000000e+00 6.827492034592626399e-04 0.000000000000000000e+00
2.100000000000000000e+02 8.399980775596382898e-02 6.611288120163859305e-02 9.311561219845243542e-01 0.000000000000000000e+00 2.730996813837050560e-03 0.000000000000000000e+00
2.400000000000000000e+02 9.599978029253009026e-02 1.265361857077833274e-01 8.659535730541647602e-01 0.000000000000000000e+00 7.510241238051888930e-03 0.000000000000000000e+00
2.700000000000000000e+02 1.079997528290963515e-01 2.312243969048702885e-01 7.513654984069185749e-01 0.000000000000000000e+00 1.741010468821119553e-02 0.000000000000000000e+00
3.000000000000000000e+02 1.199997253656626128e-01 3.650432407828857473e-01 6.018434228493400040e-01 5.689576695493854790e-04 3.254437869822485174e-02 0.000000000000000000e+00
3.300000000000000000e+02 1.319996979022288741e-01 5.154756486117433312e-01 4.254665452890304955e-01 1.251706873008648227e-03 5.780609922621757213e-02 0.000000000000000000e+00
3.600000000000000000e+02 1.439996704387951354e-01 6.228948566226673034e-01 2.637687756030951403e-01 4.210286754665453109e-03 1.091260810195721492e-01 0.000000000000000000e+00
3.900000000000000000e+02 1.559996429753613967e-01 7.089212562585344157e-01 1.374601729631315383e-01 1.206190259444697363e-02 1.415566681838871244e-01 0.000000000000000000e+00
4.200000000000000000e+02 1.679996155119276580e-01 7.581929904415111166e-01 7.999544833864360993e-02 1.593081474738279601e-02 1.458807464724624359e-01 0.000000000000000000e+00
4.500000000000000000e+02 1.799995880484939192e-01 7.983614019116977989e-01 4.938552571688666071e-02 2.446517979062357712e-02 1.277878925807919841e-01 0.000000000000000000e+00
4.800000000000000000e+02 1.919995605850601805e-01 8.320436959490213891e-01 3.743741465634956717e-02 3.288575329995448160e-02 9.763313609467455523e-02 0.000000000000000000e+00
5.100000000000000000e+02 2.039995331216264418e-01 8.579881656804734247e-01 2.856167501137915274e-02 3.800637232589895026e-02 7.544378698224851743e-02 0.000000000000000000e+00
5.400000000000000000e+02 2.159995056581924811e-01 8.789258079198907225e-01 2.856167501137915274e-02 3.607191624943104080e-02 5.644060081929904577e-02 0.000000000000000000e+00
5.700000000000000000e+02 2.279994781947587423e-01 9.020254893035958288e-01 2.389622212107419055e-02 3.254437869822485174e-02 4.153390987710514626e-02 0.000000000000000000e+00
6.000000000000000000e+02 2.399994507313250036e-01 9.163632225762403660e-01 2.218934911242603433e-02 3.129267182521620200e-02 3.015475648611743234e-02 0.000000000000000000e+00
6.300000000000000000e+02 2.519994232678912649e-01 9.212562585343649912e-01 2.207555757851615771e-02 3.117888029130632538e-02 2.548930359581247015e-02 0.000000000000000000e+00
6.600000000000000000e+02 2.639993958044575262e-01 9.352526172052799680e-01 2.082385070550751144e-02 2.583067819754210348e-02 1.809285389167045871e-02 0.000000000000000000e+00
6.900000000000000000e+02 2.759993683410237875e-01 9.418525261720528396e-01 1.649977241693217911e-02 2.264451524806554428e-02 1.900318616294947513e-02 0.000000000000000000e+00
7.200000000000000000e+02 2.879993408775900487e-01 9.506144742831132977e-01 1.513427401001365448e-02 2.105143377332726468e-02 1.319981793354574502e-02 0.000000000000000000e+00
7.500000000000000000e+02 2.999993134141563100e-01 9.527765134274009950e-01 1.365498406918525323e-02 1.900318616294947513e-02 1.456531634046426965e-02 0.000000000000000000e+00
7.800000000000000000e+02 3.119992859507225713e-01 9.547109695038689114e-01 1.536185707783340945e-02 1.741010468821119553e-02 1.251706873008648184e-02 0.000000000000000000e+00
8.100000000000000000e+02 3.239992584872888326e-01 9.561902594446972659e-01 1.558944014565316269e-02 1.797906235776058209e-02 1.012744651797906244e-02 1.137915339098771066e-04
8.400000000000000000e+02 3.359992310238550939e-01 9.610832954028220021e-01 1.365498406918525323e-02 1.706873008648156567e-02 8.079198907601274626e-03 1.137915339098771066e-04
8.700000000000000000e+02 3.479992035604213552e-01 9.651797906235776159e-01 1.240327719617660522e-02 1.547564861174328607e-02 6.941283568502503235e-03 0.000000000000000000e+00
9.000000000000000000e+02 3.599991760969876164e-01 9.689349112426035582e-01 1.126536185707783383e-02 1.297223486572599005e-02 6.599908966772872511e-03 2.275830678197542133e-04
9.300000000000000000e+02 3.719991486335538777e-01 9.732589895311788419e-01 8.420573509330906217e-03 1.251706873008648184e-02 5.689576695493855224e-03 1.137915339098771066e-04
9.600000000000000000e+02 3.839991211701201390e-01 9.764451524806554428e-01 7.965407373691398007e-03 1.160673645880746542e-02 3.982703686845699004e-03 0.000000000000000000e+00
9.900000000000000000e+02 3.959990937066864003e-01 9.774692762858443462e-01 7.737824305871643035e-03 1.172052799271734204e-02 2.958579881656804664e-03 1.137915339098771066e-04
1.020000000000000000e+03 4.079990662432526616e-01 9.813381884387801790e-01 6.144742831133363434e-03 9.103322712790167665e-03 2.958579881656804664e-03 4.551661356395084266e-04
1.050000000000000000e+03 4.199990387798189229e-01 9.835002275830677654e-01 5.575785161583977738e-03 6.941283568502503235e-03 3.755120619025944465e-03 2.275830678197542133e-04
1.080000000000000000e+03 4.319990113163851841e-01 9.824761037778789730e-01 5.120619025944469528e-03 7.851615839781519654e-03 4.437869822485207214e-03 1.137915339098771066e-04
1.110000000000000000e+03 4.439989838529514454e-01 9.844105598543468894e-01 4.096495220755575623e-03 7.396449704142011444e-03 3.982703686845699004e-03 1.137915339098771066e-04
1.140000000000000000e+03 4.559989563895177067e-01 9.850933090578061213e-01 3.641329085116067413e-03 6.599908966772872511e-03 4.437869822485207214e-03 2.275830678197542133e-04
1.170000000000000000e+03 4.679989289260839680e-01 9.860036413290851343e-01 4.324078288575329727e-03 5.917159763313609329e-03 3.299954483386436255e-03 4.551661356395084266e-04
1.200000000000000000e+03 4.799989014626502293e-01 9.896449704142011861e-01 3.527537551206190360e-03 4.210286754665453109e-03 2.162039144287664864e-03 4.551661356395084266e-04
1.230000000000000000e+03 4.919988739992164906e-01 9.906690942193900895e-01 2.503413746017296455e-03 4.210286754665453109e-03 1.820664542558033706e-03 7.965407373691396923e-04
1.260000000000000000e+03 5.039988465357827518e-01 9.903277196176604180e-01 2.617205279927173507e-03 4.324078288575329727e-03 2.275830678197541916e-03 4.551661356395084266e-04
1.290000000000000000e+03 5.159988190723490131e-01 9.896449704142011861e-01 3.072371415566681717e-03 4.096495220755575623e-03 2.389622212107419402e-03 7.965407373691396923e-04
1.320000000000000000e+03 5.279987916089152744e-01 9.922621756941283344e-01 1.820664542558033706e-03 4.210286754665453109e-03 1.024123805188893906e-03 6.827492034592626399e-04
1.350000000000000000e+03 5.399987641454815357e-01 9.924897587619481154e-01 1.593081474738279385e-03 4.437869822485207214e-03 1.137915339098770958e-03 3.413746017296313199e-04
1.380000000000000000e+03 5.519987366820477970e-01 9.930587164314974569e-01 1.137915339098770958e-03 3.982703686845699004e-03 1.251706873008648227e-03 5.689576695493854790e-04
1.410000000000000000e+03 5.639987092186140583e-01 9.943104233045061413e-01 1.593081474738279385e-03 2.958579881656804664e-03 7.965407373691396923e-04 3.413746017296313199e-04
1.440000000000000000e+03 5.759986817551803195e-01 9.937414656349567998e-01 1.593081474738279385e-03 3.755120619025944465e-03 4.551661356395084266e-04 4.551661356395084266e-04
1.470000000000000000e+03 5.879986542917465808e-01 9.943104233045061413e-01 1.251706873008648227e-03 3.072371415566681717e-03 9.103322712790168532e-04 4.551661356395084266e-04
1.500000000000000000e+03 5.999986268283128421e-01 9.953345471096950448e-01 1.024123805188893906e-03 2.958579881656804664e-03 4.551661356395084266e-04 2.275830678197542133e-04
1.530000000000000000e+03 6.119985993648791034e-01 9.956759217114247162e-01 6.827492034592626399e-04 2.048247610377787811e-03 6.827492034592626399e-04 9.103322712790168532e-04
1.560000000000000000e+03 6.239985719014451426e-01 9.961310878470641672e-01 6.827492034592626399e-04 1.820664542558033706e-03 7.965407373691396923e-04 5.689576695493854790e-04
1.590000000000000000e+03 6.359985444380114039e-01 9.967000455166135087e-01 5.689576695493854790e-04 1.820664542558033706e-03 5.689576695493854790e-04 3.413746017296313199e-04
1.620000000000000000e+03 6.479985169745776652e-01 9.957897132453344957e-01 1.137915339098770958e-03 1.934456076467910759e-03 3.413746017296313199e-04 7.965407373691396923e-04
1.650000000000000000e+03 6.599984895111439265e-01 9.970414201183431802e-01 5.689576695493854790e-04 1.251706873008648227e-03 4.551661356395084266e-04 6.827492034592626399e-04
1.680000000000000000e+03 6.719984620477101878e-01 9.965862539827037292e-01 7.965407373691396923e-04 1.593081474738279385e-03 5.689576695493854790e-04 4.551661356395084266e-04
1.710000000000000000e+03 6.839984345842764490e-01 9.974965862539827421e-01 7.965407373691396923e-04 9.103322712790168532e-04 4.551661356395084266e-04 3.413746017296313199e-04
1.740000000000000000e+03 6.959984071208427103e-01 9.981793354574419741e-01 1.137915339098771066e-04 9.103322712790168532e-04 1.137915339098771066e-04 6.827492034592626399e-04
1.770000000000000000e+03 7.079983796574089716e-01 9.979517523896221931e-01 7.965407373691396923e-04 5.689576695493854790e-04 2.275830678197542133e-04 4.551661356395084266e-04
1.800000000000000000e+03 7.199983521939752329e-01 9.969276285844332897e-01 6.827492034592626399e-04 1.593081474738279385e-03 3.413746017296313199e-04 4.551661356395084266e-04
1.830000000000000000e+03 7.319983247305414942e-01 9.980655439235320836e-01 5.689576695493854790e-04 9.103322712790168532e-04 1.137915339098771066e-04 3.413746017296313199e-04
1.860000000000000000e+03 7.439982972671077555e-01 9.976103777878926326e-01 4.551661356395084266e-04 1.137915339098770958e-03 4.551661356395084266e-04 3.413746017296313199e-04
1.890000000000000000e+03 7.559982698036740167e-01 9.973827947200728516e-01 2.275830678197542133e-04 1.251706873008648227e-03 2.275830678197542133e-04 9.103322712790168532e-04
1.920000000000000000e+03 7.679982423402402780e-01 9.969276285844332897e-01 5.689576695493854790e-04 1.365498406918525280e-03 0.000000000000000000e+00 1.137915339098770958e-03
1.950000000000000000e+03 7.799982148768065393e-01 9.977241693218024121e-01 2.275830678197542133e-04 9.103322712790168532e-04 4.551661356395084266e-04 6.827492034592626399e-04
1.980000000000000000e+03 7.919981874133728006e-01 9.965862539827037292e-01 6.827492034592626399e-04 1.820664542558033706e-03 0.000000000000000000e+00 9.103322712790168532e-04
2.010000000000000000e+03 8.039981599499390619e-01 9.979517523896221931e-01 3.413746017296313199e-04 7.965407373691396923e-04 1.137915339098771066e-04 7.965407373691396923e-04
2.040000000000000000e+03 8.159981324865053232e-01 9.973827947200728516e-01 3.413746017296313199e-04 9.103322712790168532e-04 4.551661356395084266e-04 9.103322712790168532e-04
2.070000000000000000e+03 8.279981050230715844e-01 9.980655439235320836e-01 2.275830678197542133e-04 9.103322712790168532e-04 1.137915339098771066e-04 6.827492034592626399e-04
2.100000000000000000e+03 8.399980775596378457e-01 9.977241693218024121e-01 0.000000000000000000e+00 7.965407373691396923e-04 2.275830678197542133e-04 1.251706873008648227e-03
2.130000000000000000e+03 8.519980500962041070e-01 9.976103777878926326e-01 0.000000000000000000e+00 1.024123805188893906e-03 0.000000000000000000e+00 1.365498406918525280e-03
2.160000000000000000e+03 8.639980226327703683e-01 9.985207100591716456e-01 0.000000000000000000e+00 5.689576695493854790e-04 4.551661356395084266e-04 4.551661356395084266e-04
2.190000000000000000e+03 8.759979951693366296e-01 9.980655439235320836e-01 1.137915339098771066e-04 3.413746017296313199e-04 3.413746017296313199e-04 1.137915339098770958e-03
2.220000000000000000e+03 8.879979677059028909e-01 9.981793354574419741e-01 3.413746017296313199e-04 4.551661356395084266e-04 1.137915339098771066e-04 9.103322712790168532e-04
2.250000000000000000e+03 8.999979402424691521e-01 9.986345015930814251e-01 1.137915339098771066e-04 4.551661356395084266e-04 1.137915339098771066e-04 6.827492034592626399e-04
2.280000000000000000e+03 9.119979127790354134e-01 9.977241693218024121e-01 1.137915339098771066e-04 5.689576695493854790e-04 0.000000000000000000e+00 1.593081474738279385e-03
2.310000000000000000e+03 9.239978853156016747e-01 9.984069185252617551e-01 2.275830678197542133e-04 4.551661356395084266e-04 1.137915339098771066e-04 7.965407373691396923e-04
2.340000000000000000e+03 9.359978578521679360e-01 9.982931269913518646e-01 1.137915339098771066e-04 6.827492034592626399e-04 1.137915339098771066e-04 7.965407373691396923e-04
2.370000000000000000e+03 9.479978303887341973e-01 9.992034592626308775e-01 0.000000000000000000e+00 1.137915339098771066e-04 1.137915339098771066e-04 5.689576695493854790e-04
2.400000000000000000e+03 9.599978029253004586e-01 9.979517523896221931e-01 0.000000000000000000e+00 6.827492034592626399e-04 2.275830678197542133e-04 1.137915339098770958e-03
2.430000000000000000e+03 9.719977754618667198e-01 9.988620846609012061e-01 1.137915339098771066e-04 3.413746017296313199e-04 0.000000000000000000e+00 6.827492034592626399e-04
2.460000000000000000e+03 9.839977479984329811e-01 9.986345015930814251e-01 2.275830678197542133e-04 3.413746017296313199e-04 0.000000000000000000e+00 7.965407373691396923e-04
2.490000000000000000e+03 9.959977205349992424e-01 9.980655439235320836e-01 3.413746017296313199e-04 5.689576695493854790e-04 1.137915339098771066e-04 9.103322712790168532e-04
