# size duration
8.999999999999841460e-04 9.234785138736785193e-01
1.099999999999989875e-03 1.303412846457910335e-01
1.000000000000000888e-03 1.400937354139390745e-01
6.000000000000171863e-04 5.411590639681627957e-02
4.000000000000114575e-04 3.086030734154353999e-02
5.999999999999894307e-04 5.484325172775346424e-02
3.099999999999991651e-03 9.042753544677585298e-01
5.000000000000004441e-04 3.662227005589110268e-02
1.000000000000000888e-03 1.518490260420384264e-01
6.000000000000449418e-04 4.951957644973292716e-02
3.000000000000224709e-04 1.932552267633585313e-02
6.999999999999784173e-04 6.235800693555307306e-02
1.899999999999957279e-03 1.468164435693724013e+00
1.900000000000012790e-03 6.806962467414109375e-01
1.699999999999979305e-03 7.084785206565794580e-01
6.999999999999784173e-04 6.510879823149791357e-02
6.000000000000449418e-04 4.293971586213538028e-02
1.500000000000001332e-03 3.257730329703171224e-01
2.999999999999669598e-04 2.076573309495969091e-02
1.000000000000000888e-03 2.078948102513730467e-01
5.000000000000004441e-04 3.912744101741228581e-02
9.000000000000119016e-04 1.271528826859429362e-01
5.999999999999894307e-04 5.400863611675205123e-02
5.000000000000004441e-04 3.685981439555477412e-02
1.599999999999990319e-03 4.066820572492253483e-01
1.000000000000000888e-03 1.544038901716801859e-01
5.999999999999894307e-04 5.315043877069695888e-02
1.099999999999989875e-03 2.065875474436123238e-01
1.400000000000012346e-03 3.138372239201330793e-01
5.000000000000004441e-04 4.098400035911537592e-02
1.000000000000000888e-03 1.101682167493865799e-01
1.099999999999989875e-03 1.742916953779328204e-01
2.699999999999980194e-03 5.225622734128860802e-01
1.500000000000001332e-03 3.822364786962667571e-01
5.999999999999894307e-04 4.975467735765125299e-02
9.000000000000119016e-04 7.962420877613372860e-02
1.799999999999968292e-03 3.104168147393353561e-01
1.000000000000000888e-03 1.569430430215250638e-01
1.899999999999957279e-03 4.575070374415866059e-01
1.300000000000023359e-03 1.671268354099033071e-01
8.000000000000229150e-04 6.749948264654564989e-02
3.000000000000224709e-04 2.084437123114856946e-02
7.999999999999674039e-04 8.442267502763939335e-02
5.999999999999894307e-04 5.601601335112308538e-02
5.000000000000004441e-04 4.384316651584514030e-02
1.599999999999990319e-03 3.604479200796800731e-01
8.000000000000229150e-04 7.874482499016990933e-02
1.000000000000000888e-03 1.051422741092200158e-01
1.000000000000000888e-03 1.369685526362836858e-01
5.000000000000004441e-04 4.067837984663455475e-02
1.000000000000000888e-03 9.432034149591095318e-02
1.300000000000023359e-03 9.025436446929177570e-02
9.000000000000119016e-04 1.198665788982905128e-01
5.000000000000004441e-04 3.605263145221560689e-02
1.299999999999967848e-03 1.652445956201288590e-01
6.999999999999784173e-04 6.796688975775688757e-02
7.000000000000339284e-04 6.624807025516113446e-02
2.999999999999669598e-04 1.961120993714105323e-02
1.199999999999978861e-03 1.030611365915108935e-01
2.199999999999979750e-03 2.810040727979729591e-01
1.399999999999956835e-03 1.137510144413566432e-01
3.199999999999980638e-03 7.830868024611364886e-01
1.800000000000023803e-03 2.042794754151191217e-01
5.000000000000559552e-04 3.960679244283762251e-02
1.099999999999989875e-03 1.312757382718457710e-01
1.699999999999923794e-03 2.331035883076988113e-01
2.499999999999946709e-03 6.996421209399199537e-01
9.999999999998898659e-05 6.582397298186699539e-03
1.499999999999945821e-03 5.071124564182302175e-01
2.699999999999924682e-03 5.541259172568911984e-01
6.000000000000449418e-04 5.404167421339889366e-02
2.900000000000013678e-03 6.466082571870592766e-01
2.999999999999669598e-04 2.149909186799649902e-02
1.999999999999779732e-04 1.431167712464763778e-02
8.000000000000229150e-04 8.946859955102748341e-02
2.299999999999968736e-03 4.115869002830293000e-01
1.000000000000000888e-03 1.436068705741480878e-01
5.999999999999339195e-04 4.725352358991793261e-02
1.000000000000000888e-03 9.639418117829411103e-02
6.000000000000449418e-04 4.709719107060125060e-02
1.000000000000000888e-03 9.154800575873178747e-02
1.300000000000078870e-03 2.093246641337897229e-01
2.699999999999924682e-03 1.029403893579935891e+00
4.400000000000070521e-03 1.739728993960373282e+00
2.800000000000024691e-03 4.154189314790927012e-01
3.999999999999559464e-04 2.964112872947626681e-02
2.000000000000889955e-04 1.323569716990901507e-02
1.000000000000000888e-03 1.301198405900619581e-01
4.000000000000669687e-04 2.888002714669891252e-02
7.999999999999118927e-04 5.923424326995012368e-02
1.600000000000045830e-03 3.890082392758191232e-01
2.000000000000001776e-03 6.220669001267888909e-01
4.000000000000669687e-04 2.962934027867444170e-02
4.999999999999449329e-04 4.552545282185281594e-02
