# size duration
9.450000000000002842e-01 1.137521309273687820e+01
5.549999999999997158e-01 2.111960484142008987e+00
7.800000000000011369e-01 1.614474910146525444e+00
8.550000000000004263e-01 1.568503622393458530e+00
5.999999999999872102e-02 4.723312289861165969e-02
7.499999999999928946e-02 6.806426881321173128e-02
1.499999999999985789e-01 1.423787739879771308e-01
7.499999999999928946e-02 5.941905917788208730e-02
1.499999999999985789e-01 1.143801554548964511e-01
1.649999999999991473e-01 2.125178672853442752e-01
4.500000000000170530e-02 3.398611531714054029e-02
8.999999999999985789e-02 7.402332945038608836e-02
1.649999999999991473e-01 1.882027881926849333e-01
1.200000000000009948e-01 1.351774879269281304e-01
1.649999999999991473e-01 2.339325489173721406e-01
3.000000000000113687e-02 2.069913355289934587e-02
1.950000000000002842e-01 2.501354752227692435e-01
1.649999999999991473e-01 1.682612286261687684e-01
3.000000000000113687e-02 1.959054266960851345e-02
5.999999999999872102e-02 4.926176526154992658e-02
7.500000000000284217e-02 5.665637751197992455e-02
2.999999999999758415e-02 2.006120703695200846e-02
1.649999999999991473e-01 2.810319682447048328e-01
4.950000000000009948e-01 6.185065000902976173e-01
1.799999999999997158e-01 2.441087282410779602e-01
6.449999999999995737e-01 8.320015062063029765e-01
1.349999999999980105e-01 1.179674768857476852e-01
1.799999999999997158e-01 1.374021856640853523e-01
3.000000000000042633e-01 4.449323091939875741e-01
1.199999999999974420e-01 1.342757903676091991e-01
7.500000000000284217e-02 6.569122308071080607e-02
2.099999999999937472e-01 1.791136082218545700e-01
6.749999999999971578e-01 1.118944746982736493e+00
7.499999999999573674e-02 7.710888821954441086e-02
4.500000000000170530e-02 3.116291180668914057e-02
3.000000000000113687e-02 2.164223973106427570e-02
5.999999999999516831e-02 4.344896578333118375e-02
3.149999999999977263e-01 3.482794290136331794e-01
9.000000000000341061e-02 8.482044346585718153e-02
9.000000000000341061e-02 9.101382216326588115e-02
1.515000000000000568e+00 3.213662591585961792e+00
7.950000000000017053e-01 1.368024672109220186e+00
5.999999999999516831e-02 5.338707010904940320e-02
3.750000000000000000e-01 5.439943854016869862e-01
1.200000000000045475e-01 1.473390212059655646e-01
1.199999999999974420e-01 1.058733718310109484e-01
7.500000000000284217e-02 6.027465986490519040e-02
4.350000000000022737e-01 7.491799424512173289e-01
1.050000000000039790e-01 1.035753311164096940e-01
2.100000000000008527e-01 2.810370356747092790e-01
1.199999999999974420e-01 1.486750543835143046e-01
3.000000000000113687e-02 2.392456151379781029e-02
5.700000000000073896e-01 7.062689949040970028e-01
2.099999999999937472e-01 2.816385734801473695e-01
1.019999999999996021e+00 1.331267940047828446e+00
7.500000000000284217e-02 7.114826566020823750e-02
2.999999999998692601e-02 2.048780370663778883e-02
1.050000000000039790e-01 9.567835405529159787e-02
2.099999999999937472e-01 2.292217948203338906e-01
6.749999999999971578e-01 1.005971185294941783e+00
1.649999999999920419e-01 1.480017360777884927e-01
6.000000000000227374e-02 5.126428459562954593e-02
4.500000000000170530e-02 3.306991258873136913e-02
1.950000000000073896e-01 2.213519775250627764e-01
6.000000000000227374e-02 4.533639628739252747e-02
9.000000000000341061e-02 1.153911783195830376e-01
5.099999999999909051e-01 6.935188839620464174e-01
4.200000000000017053e-01 5.193996839464622983e-01
7.500000000000284217e-02 6.990497222841676739e-02
6.000000000000227374e-02 4.222028643342813636e-02
4.499999999998749445e-02 3.136795621530640010e-02
9.000000000000341061e-02 1.007542875215506201e-01
9.000000000000341061e-02 1.048878919648620761e-01
3.000000000000113687e-02 1.987063492003077886e-02
1.500000000000056843e-02 9.839813820247034562e-03
4.500000000000170530e-02 3.167536874439256384e-02
5.999999999998806288e-02 4.368614959663118941e-02
3.000000000000113687e-02 2.152739841275245342e-02
3.000000000000113687e-02 2.152549859310152330e-02
1.049999999999897682e-01 1.163104604236162021e-01
6.000000000000227374e-02 6.260069177527025075e-02
7.500000000000284217e-02 5.763382931689795680e-02
1.049999999999897682e-01 8.159647530315072839e-02
1.650000000000062528e-01 1.670205131086984207e-01
1.950000000000073896e-01 2.124838834850859559e-01
1.650000000000062528e-01 2.038114350458336832e-01
6.149999999999948841e-01 9.173674272174346944e-01
1.499999999999914735e-01 1.621666705791076635e-01
1.350000000000051159e-01 1.338721600352870134e-01
1.200000000000045475e-01 1.188885782107724776e-01
1.350000000000051159e-01 1.461183195204539265e-01
1.650000000000062528e-01 1.823850366277260937e-01
4.500000000000170530e-02 3.102856584833876830e-02
1.650000000000062528e-01 1.681133121393329766e-01
4.500000000000170530e-02 3.139207016071102196e-02
3.000000000000113687e-02 2.014542401007522743e-02
1.050000000000039790e-01 9.883348579336846684e-02
6.000000000000227374e-02 4.852568132466486550e-02
6.000000000000227374e-02 4.681686028154139617e-02
1.350000000000051159e-01 1.625455385218689264e-01
2.099999999999937472e-01 1.675663207642473784e-01
5.999999999998806288e-02 5.039956994384248157e-02
7.500000000000284217e-02 6.187953763381663641e-02
2.700000000000102318e-01 3.199382347475233646e-01
2.249999999999943157e-01 2.165342884799106582e-01
6.000000000000227374e-02 5.558765446212175776e-02
7.500000000000284217e-02 5.799766394824835969e-02
6.000000000000227374e-02 5.361390572223147938e-02
1.650000000000062528e-01 1.514022309185123205e-01
2.999999999999971578e-01 2.976418016825296831e-01
1.650000000000062528e-01 1.741185329077213628e-01
2.999999999999971578e-01 3.831620846808644898e-01
2.549999999999954525e-01 3.311525761105963417e-01
9.000000000000341061e-02 8.853144553689312746e-02
4.500000000000170530e-02 3.475388284380902248e-02
2.249999999999943157e-01 2.442113806616303950e-01
3.000000000000113687e-02 2.081124407134759408e-02
4.500000000000170530e-02 3.094719051203430327e-02
7.500000000000284217e-02 6.103818148883409511e-02
6.000000000000227374e-02 5.420744282356074195e-02
1.050000000000039790e-01 9.990664289636920492e-02
7.500000000000284217e-02 5.924546266057288679e-02
4.500000000000170530e-02 3.192482424356903742e-02
1.499999999999914735e-01 2.310415978023601935e-01
1.349999999999909051e-01 1.550822606701256212e-01
7.499999999998863132e-02 6.012960710660634339e-02
3.599999999999994316e-01 3.563518342477530743e-01
7.499999999998863132e-02 6.104290978654001998e-02
4.050000000000011369e-01 4.991533875340855020e-01
9.000000000000341061e-02 8.435591201097444869e-02
6.000000000000227374e-02 5.238941115798510101e-02
1.200000000000045475e-01 1.510016497068165098e-01
5.999999999998806288e-02 4.597539927649254426e-02
2.999999999999971578e-01 3.617368127746422579e-01
1.050000000000039790e-01 9.861101354622410498e-02
6.000000000000227374e-02 4.487880305701992534e-02
9.000000000000341061e-02 8.841959498970049236e-02
1.050000000000039790e-01 1.129067832498492630e-01
1.050000000000039790e-01 1.361371808869208389e-01
1.349999999999909051e-01 1.547855862116226666e-01
1.200000000000045475e-01 1.253469382747240124e-01
7.500000000000284217e-02 6.197031312280550791e-02
