# size duration
2.500000000000000000e+00 3.792250302293203035e-01
5.875000000000000000e+00 9.706548268620820430e-01
7.500000000000000000e+00 1.584924000867273808e+00
3.750000000000000000e-01 2.938587101085987641e-02
1.100000000000000000e+01 2.644080633874438035e+00
3.375000000000000000e+00 5.071877439199068416e-01
1.375000000000000000e+00 1.720084658085487828e-01
2.125000000000000000e+00 2.937340770670273660e-01
6.375000000000000000e+00 1.480224859847554697e+00
4.125000000000000000e+00 6.782148873205058326e-01
8.750000000000000000e-01 7.275169907644195300e-02
7.500000000000000000e-01 6.367987053514374829e-02
1.000000000000000000e+00 1.340088326947842801e-01
3.750000000000000000e-01 2.920754176335696450e-02
1.625000000000000000e+00 2.579137391529753853e-01
1.500000000000000000e+00 2.527649114826335253e-01
7.500000000000000000e-01 7.098961463903896707e-02
4.375000000000000000e+00 3.075846823705676858e+00
1.250000000000000000e+00 2.126850328737679985e-01
6.250000000000000000e-01 5.528070670046059121e-02
5.000000000000000000e+00 6.904032432798352659e-01
1.287500000000000000e+01 7.085559357845472306e+00
1.000000000000000000e+00 9.087139795037613155e-02
1.250000000000000000e+00 1.211993602242329438e-01
5.000000000000000000e-01 3.879732613912256767e-02
7.500000000000000000e-01 6.852045877067380886e-02
7.125000000000000000e+00 2.111462338857144516e+00
2.000000000000000000e+00 3.764545733243271908e-01
2.625000000000000000e+00 3.059358890509016327e-01
2.125000000000000000e+00 3.863491107731795715e-01
1.000000000000000000e+00 1.167974936596865021e-01
9.125000000000000000e+00 1.970182848297491685e+00
1.875000000000000000e+00 2.618220970467199926e-01
2.500000000000000000e-01 1.866319274026739805e-02
3.750000000000000000e-01 2.979769061742310043e-02
1.625000000000000000e+00 2.671680170867767323e-01
6.500000000000000000e+00 1.024381613154843329e+00
2.500000000000000000e+00 4.579322291006744372e-01
1.250000000000000000e-01 9.586958115528343427e-03
2.750000000000000000e+00 4.863396217070627969e-01
1.375000000000000000e+00 1.717579052756346147e-01
3.000000000000000000e+00 4.823964603749222313e-01
2.250000000000000000e+00 5.620994277157798091e-01
1.875000000000000000e+00 2.923712034904233370e-01
2.875000000000000000e+00 5.042003944395936355e-01
7.500000000000000000e-01 7.293829384153083240e-02
1.125000000000000000e+00 1.339575892215213448e-01
3.750000000000000000e-01 2.809273555271651901e-02
8.750000000000000000e-01 1.048298356832071399e-01
1.625000000000000000e+00 2.863032439418566888e-01
2.500000000000000000e-01 1.885952318263228733e-02
8.375000000000000000e+00 2.796120554850030970e+00
1.125000000000000000e+00 1.037476935967300840e-01
1.375000000000000000e+00 1.942578789358688773e-01
8.750000000000000000e-01 8.944029272280928922e-02
7.500000000000000000e-01 8.585125042517249838e-02
8.750000000000000000e-01 7.382395597031887746e-02
8.750000000000000000e-01 8.107550813813935164e-02
6.250000000000000000e-01 5.231312544053112745e-02
1.625000000000000000e+00 2.589810629089905891e-01
6.250000000000000000e-01 5.468753425283212621e-02
1.000000000000000000e+00 8.843344103199513029e-02
1.125000000000000000e+00 1.283184514744384330e-01
6.375000000000000000e+00 1.686539792407459437e+00
6.250000000000000000e-01 6.222552146465010203e-02
3.750000000000000000e-01 2.958474527251020447e-02
1.500000000000000000e+00 1.407617919269954498e-01
2.375000000000000000e+00 2.240318403742778131e-01
6.250000000000000000e-01 5.026234533572182528e-02
8.750000000000000000e-01 7.384843691317133363e-02
2.000000000000000000e+00 2.465577416428725854e-01
7.500000000000000000e-01 6.029945833145777812e-02
1.875000000000000000e+00 1.996825208122645634e-01
3.375000000000000000e+00 5.122535717464256066e-01
1.250000000000000000e+00 1.399366302972269160e-01
5.000000000000000000e-01 4.694762289347531592e-02
7.500000000000000000e-01 6.958361614241326265e-02
8.750000000000000000e-01 9.025627738829644642e-02
2.500000000000000000e+00 2.659657850431900172e-01
1.000000000000000000e+00 1.051294526602499779e-01
5.000000000000000000e-01 3.931829694699695565e-02
1.625000000000000000e+00 1.826331484329246635e-01
