# theta phi
-5.380670404647801064e+01 5.841035187116654015e+01
-5.400096501572449625e+01 5.832084015188124226e+01
1.266905248356643483e+02 1.215475212220987942e+02
1.266723470851812721e+02 1.214672341950543455e+02
-1.329087084717185405e+02 5.462780761870194368e+01
4.664291669372256877e+01 5.455591541218903728e+01
-1.325615166566808796e+02 1.256574439775277199e+02
-1.332202275968569438e+02 5.458888309711002762e+01
-9.517400751353206090e+01 1.976264187744622314e+00
1.044705245273596574e+02 1.404290121591683427e+00
-1.165650150902948496e+02 1.043576740407422765e+00
4.760200442613399474e+01 1.256937515935502176e+02
-1.327995263859962165e+02 1.260893589809610518e+02
4.710261669052101041e+01 5.450569123744180899e+01
-1.330911250020206467e+02 5.429294047527976375e+01
-1.243835294851222386e+02 1.192480770808369641e+02
5.061818742862764964e+01 1.235960572656829299e+02
-4.890043200511799881e+01 1.772616393552629006e+02
-1.300080867889649028e+02 5.492881959464247643e+01
4.980223150388447806e+01 5.607872823665911710e+01
-4.848038337868471359e+01 1.240261712858022918e+02
4.991461603127252289e+01 5.527167968650932295e+01
-1.316404456747856102e+02 5.474113284244176469e+01
4.947632521146407925e+01 5.582878936586188701e+01
4.933506373587351845e+01 5.628934242730445447e+01
-1.297025092050314754e+02 5.846832464686573161e+01
4.540066207263998166e+01 1.245579305381214112e+02
5.204962209997389522e+01 5.822219460451366757e+01
-1.302104323476309276e+02 1.248756484791447150e+02
-1.303067913811281642e+02 1.226745358257017386e+02
4.942509193508367105e+01 1.242520696341937310e+02
-1.279949157192791489e+02 1.256386431332612403e+02
-5.436501438164659561e+01 1.195137933465632329e+02
-1.290033035981903140e+02 1.253801553810413907e+02
-1.287351216019177684e+02 5.822988389374751961e+01
-6.728523337888855593e+00 9.088949976348635573e+01
-6.294037033139141535e+00 1.770219001035055726e+02
-1.534348606104952921e+02 1.791337565846028212e+02
5.064699573691629553e+01 1.217833394893895189e+02
4.941701834555554740e+01 5.526146810252717501e+01
-4.779754321319526866e+01 5.963662010518814327e+01
-1.214165330523998421e+02 1.202330167330642752e+02
5.205231761178240646e+01 1.241480529008942000e+02
5.101766394087766088e+01 5.648239125471842925e+01
5.090241458176303979e+01 5.657133982914949399e+01
1.498762673907511669e+02 6.254805533978091692e-01
5.208131801919243742e+01 1.231801079343542824e+02
-1.298397665665095815e+02 5.508164807653781736e+01
-1.290197597230996962e+02 1.232063704818459087e+02
5.107853960165213181e+01 5.641663394133068010e+01
-1.334637508208100485e+02 1.196813522593463119e+02
-1.260965650610263538e+02 5.691550471065960437e+01
-1.386982147917729549e+02 1.191523773324592250e+00
5.194422227827635652e+01 5.443596407054662478e+01
9.971324977290653635e+01 1.752245008694610249e+02
-5.596369224676236875e+00 8.960081894213949738e+01
-1.252272299363227859e+02 1.251231878839289493e+02
-1.021630983640641688e+02 4.694826554039050137e+00
4.636212165422189457e+01 1.186472897575418557e+02
-1.315663697430249215e+02 1.222334014857920863e+02
-1.287438302627439839e+02 1.252669626740999291e+02
-8.747026484508742783e+01 6.001418527031615824e+00
5.765402355963288983e+01 5.657299660716970635e+01
4.835836266267180328e+00 1.792478121399629742e+02
5.354453353511502911e+01 5.641355841795827075e+01
-1.277604103048104918e+02 1.230580374523063654e+02
5.313043235933280783e+01 5.699663162429622787e+01
5.386681205053760380e+01 1.237956313025092356e+02
-5.471876164200632076e+01 1.783082060554204418e+02
5.263779391614286141e+01 1.241695788319714779e+02
-1.271836925260960811e+02 1.224144259563044272e+02
-1.264427181187205065e+02 1.228862303783301257e+02
4.301872685931422780e+01 1.792385951100779380e+02
5.378572629607580780e+01 1.236670723903469167e+02
5.450287924328370792e+01 1.228840387389682149e+02
1.646993025017822845e+02 5.117994408603029122e+00
4.220128896575086230e+01 1.791979888864488828e+02
5.343964093045631358e+01 1.239572305929110740e+02
5.355709281787356701e+01 5.636840195754245997e+01
-1.263538586847284790e+02 1.231897824359833180e+02
-1.271246888773502803e+02 5.602092440155968234e+01
-1.267977054331705347e+02 1.233104359790512632e+02
5.336369426164165475e+01 5.572217426050734446e+01
4.803224041408287093e+01 1.011514151798438510e+00
-1.085054039529080399e+02 5.960683858679711733e-01
-1.269838845883977285e+02 5.644535397508607844e+01
-1.260096118142100465e+02 5.598246807576359174e+01
-1.336762599095206383e+02 1.286753586301444319e+00
-1.344871341802030145e+02 1.766594761743398578e+02
5.620272863876242297e+01 1.233542006021918667e+02
-1.240779286174541625e+02 1.216875894771950044e+02
-1.235819391754169345e+02 5.426360100004341547e+01
5.283336792140416804e+01 6.417480175841166101e+01
5.393472484466256134e+01 1.785869484309443465e+02
-1.235098433735812478e+02 5.570742015973140582e+01
5.558013123851121406e+01 1.228250966637476296e+02
5.561021233386463791e+01 1.219648273684235704e+02
-1.238388798262810440e+02 1.197185828149911515e+02
5.605853073381717877e+01 1.230550640738067898e+02
-1.248754271676020977e+02 1.151402714120466158e+02
-1.238112726812429685e+02 1.150528527311454070e+02
-1.147854743457338884e+02 5.923979354284345078e+01
5.806171385301586696e+01 1.207494786207920612e+02
-1.748457125029615042e+02 1.489562288297473724e+00
-2.639420436020297522e+00 1.784244212264714236e+02
6.519986187483742812e-01 1.783775123014268900e+02
-1.791316623363012468e+02 1.454727829774953296e+00
1.796353990056690861e+02 1.458297654725781323e+00
1.798448399167626803e+02 1.541269601713884274e+00
1.778142821379680640e+02 1.469573789239886574e+00
-1.753614911445873190e+02 1.514655877399098571e+00
-1.553228987753433765e+00 1.785825923395132691e+02
-1.782791294440026775e+02 1.550945426936275684e+00
1.304678317712943736e+00 1.785681440627046470e+02
-5.283235998145398016e-01 1.785294702858863616e+02
-2.319018334880524446e+00 1.785657947996929806e+02
2.344156242901054732e+00 1.785185491987290050e+02
2.080190558421617653e-01 1.785626203184897633e+02
4.081638004900629141e-02 1.785649983320318199e+02
-6.240037692957429716e-01 1.785504221143900736e+02
-1.797876155121790589e+02 1.361486530370235259e+00
-1.751992468184764959e+02 1.458093034991322146e+00
1.737400637306426177e+02 1.292141648515289010e+00
-4.092161232754260580e-01 1.766696236237979178e+02
-2.439359237079412157e+00 1.767410761605030132e+02
-6.345619270920823141e+01 7.657446525589587338e+01
1.781131536896770058e+02 6.776529838052414334e+01
5.956877281121888501e+01 8.849679433339714762e+01
5.593455151360754485e+01 9.199228568469946765e+01
1.675505253107146757e+02 1.741398526471394064e+02
1.763834690051698999e+02 6.910365692042111618e+01
-1.773105299924841631e+02 1.266287559523806436e+02
1.052821094457101623e+02 1.783816992289423808e+02
6.031910286137873811e+01 3.257462172846686155e+00
-4.236471659803829937e+01 1.722004556614708122e+02
1.200456508618806168e+02 1.115560971571824638e+02
1.785589444835387383e+02 1.271047464655073327e+02
-8.472798187421789473e-01 8.157337942844102940e+01
-8.848108183361750534e+00 1.761493839641238424e+02
-4.769973096377280730e-01 1.126809545669646013e+02
1.779235658342212503e+02 6.933239339924551814e+01
-1.340041082073531982e+02 2.795358647121907403e+00
-1.791972742587828975e+02 4.860357393713609753e+00
-3.225813021610680664e+01 1.769694731569253747e+02
-5.935887518124130224e+01 9.159067959034305773e+01
-1.687758528477212394e+02 4.426182694282773333e+00
-2.683396822675309323e+01 1.711114562518969535e+02
3.107913014015561526e+00 1.106996068364114478e+02
-1.205811904884236867e+02 6.418119201377021454e+01
1.765840555036893704e+02 1.296597302279093924e+02
1.250602081028704626e+00 1.107105812130092914e+02
1.791756576413296216e+02 1.153970052376196662e+02
-4.196982504513491641e+00 1.752113822168894046e+02
1.783388084436818133e+02 4.656626719368708756e+00
-1.294012128628482401e+02 3.369781937456123533e+00
-1.744515242683708038e+02 7.872957294050451083e+00
1.699485125437871247e+01 1.773113385790924497e+02
-2.362945582050988591e+01 1.789487622260255648e+02
6.427715332798327097e+01 6.925241209600154946e+01
3.716929126116863102e+01 1.745872916378369268e+02
1.476047555788644843e+02 9.178372302807394689e+00
1.735347224061713121e+02 6.716016963833260434e+01
-2.224220115778341722e-01 1.754925339714293955e+02
-7.752341376132591222e+00 1.752030972292266142e+02
-1.196645554807777216e+02 9.802573447239022641e+01
-1.365027420378190470e+02 3.377435440551876500e+00
5.545694324561336686e+01 8.181411536508959159e+01
-1.693282088328913693e+00 1.719387630544555066e+02
-1.519799284790096294e+02 3.871154753895243328e+00
4.001762102331673532e+01 6.081924618347849254e+00
1.765009585502712355e+02 1.253156405572100311e+02
-1.407289861803100735e+02 5.350691473910885954e+00
1.257197777119831557e+02 1.613730041796442194e+01
1.755500000514938677e+02 4.804305813021824356e+00
1.748787902532676242e+02 4.219355429686166836e+00
-2.193648553203627571e+01 1.725811166488206538e+02
1.788338404407063535e+02 1.105468171482225159e+02
-2.605713611455927392e+01 1.743286198717006243e+02
-1.165862036411492966e+02 1.113287288867504117e+02
-1.667419585460438558e+00 1.041623133106988348e+02
-6.195680761006745030e+01 9.076958689770405897e+01
6.364376535530309908e+00 5.647272041706817447e+01
2.679609162046676474e+01 1.740138590955809548e+02
3.125211702709911776e+00 1.725337425548273416e+02
7.070981969350967233e+01 1.771300669776192365e+02
1.986698661642685693e+01 1.744277713097322362e+02
-1.165039679020313486e+02 1.169532374412778779e+02
-1.088974153346997653e+00 9.568399956892282887e+01
1.175223422424833188e+02 1.161034466540921528e+02
-1.665592328610944151e+02 8.392135185106560868e+00
-1.173541510782050636e+02 1.127716976474557669e+02
1.767643855954863739e+02 5.002889408412250383e+00
-1.775711627253504332e+02 4.759368898389780611e+00
1.705227257488420207e+02 4.493829396579580582e+00
-5.935364238706269902e+01 7.246492569882533985e+01
1.777674631667828749e+02 1.107870291750891454e+02
-6.172962626561103150e+01 7.917704086523202989e+01
6.070759174402094516e+01 6.699523605739943832e+01
-1.785434375336290884e+02 8.095649088220747558e+01
-1.232645630594887365e+02 6.917864872171008983e+01
-1.654240438187741233e+02 1.488522907589716837e+01
1.168770957000871533e+02 1.158823558113252119e+02
-1.143705741680536363e+02 1.104297780003604288e+02
4.486823135400127421e-02 1.007739795357111063e+02
6.240726076252509102e+01 8.354902022764891001e+01
-2.289043860029060351e+00 1.747827848496588388e+02
-1.730470314206860962e+02 4.393851603483367896e+00
-6.005170760456853429e+01 1.171818133909438018e+02
-6.172068381798851533e+00 1.744594627222231509e+02
-1.150791030993695330e+02 1.029949522461006524e+02
-4.095541609337234235e+01 1.741250675536902008e+02
-5.854158651330384089e+01 7.642563500338181370e+01
-1.545412344364355262e+00 1.738249661836677831e+02
-1.142485280364343225e+02 1.105767648352244521e+02
-4.762288055973594170e-01 9.583049326031209603e+01
-6.384760666928040962e+01 6.690899873181378155e+01
-1.176844658797279379e+02 1.011343456794230633e+02
-1.797315396861258989e+02 8.169169713239990926e+01
6.565576286429745778e+01 6.871889667707758065e+01
-1.785724254526575692e+02 3.692851916611026297e+00
-3.871817011067772540e+00 1.751256326323897952e+02
1.677543580790367059e+02 3.868967079101626183e+00
1.274053411543026613e+02 8.526346930033730587e+01
2.779163939965491714e+00 1.082269615966995104e+02
-1.576509701967025556e+00 8.833537088780299484e+01
-2.321535052734139182e+00 1.172843631120061190e+02
1.755537347826335690e+02 1.074232016373121894e+02
-1.335312792109440316e+00 1.049607836918851405e+02
-1.788327876428624847e+02 8.490725722574154588e+01
-1.760669583231251636e+02 7.846113034585270896e+01
2.596148265719564918e+00 1.069899760945376812e+02
1.779224690158597753e+02 2.787682090498937448e+00
1.752455994036354525e+02 3.307409894509045767e+00
-1.347931536182342711e+02 2.136226308814177077e+00
-7.766546627237281086e+01 3.847640718016348327e+00
6.654378972326483455e-01 1.772261888548831337e+02
1.183715482081809114e+02 7.259512803021988248e+01
-2.505707716361436077e+00 6.858556271487458389e+01
-6.031530179420063753e+00 1.676395412386261228e+02
-1.759760031154912099e+02 7.313603733073948376e+01
6.357890219332704618e+01 1.055491109236132132e+02
1.782008635908740075e+02 2.662387830057205917e+00
-4.270419993761992217e+00 1.769491373282001518e+02
-6.179721072404648652e+01 8.874350916900716868e+01
1.190391174894338064e+02 1.213311124174455671e+02
-6.062038928297950946e+01 1.085759768541359307e+02
1.173860142742656052e+02 8.485649525304424401e+01
-4.847718439810279278e+01 1.554307113121907094e+02
6.025511259602978242e+01 9.466630359231872660e+01
-5.942430680954640820e+01 9.136711828613556463e+01
1.186623285440371234e+02 8.293350874583290988e+01
-3.324426869691496478e+00 6.761292547204872960e+01
5.987664087167040350e+01 8.990981614966786140e+01
5.769305648367445372e+01 7.779240150391257203e+01
6.455257311435268264e+01 1.033578408876926034e+02
5.977929929391419961e+01 1.013573070051181304e+02
1.717668761010466483e+02 2.523954561707649535e+00
-1.812730547606232756e-01 1.769598678077543354e+02
-6.282555615465837207e+01 9.361654309769006943e+01
3.390217989383056185e+00 6.679133230129946242e+01
-1.676222132216892646e+01 1.772550376382437207e+02
1.192177403373904667e+02 7.073734832625798674e+01
3.707329066024668407e+01 1.505775843487251464e+00
1.183983757385807110e+02 8.331935063967287647e+01
3.536289088302899675e-01 1.044661736482310346e+02
-5.985594312352239399e+01 8.361887915857872144e+01
-1.184429261918882048e+02 7.795096750168535493e+01
1.151232359319251231e+02 8.965249493267540970e+01
5.669833053893099617e+01 6.953643432606453700e+01
5.970837758915492088e+01 7.990841569934117672e+01
-1.167250958375513790e+02 7.408491083321386839e+01
1.796191137361613528e+02 1.259263386585445375e+02
1.732850472240951092e+02 2.730599447226827792e+00
1.786664042797497700e+02 1.486781291239918534e+00
6.002840690224476639e+00 5.568422946021366471e+01
-6.274467245434155416e+01 9.508473592158816246e+01
6.602786799752226443e+01 7.035984536471710271e+01
-1.799705710668797565e+02 1.162691889343871594e+02
1.529514368825161057e+02 2.085126882256016945e+00
1.190973957080707493e+02 6.871459754997768243e+01
3.400984988686444499e+00 1.069845502137968225e+02
1.785628769164380856e+02 5.940337900287572026e+00
1.196026980049267792e+02 9.838912252801210911e+01
1.473715631657422307e+02 4.687564232292130484e+00
-1.747357089085269877e+02 9.250146130915611309e+01
-6.652324324403400624e+01 8.180553052119204693e+00
6.113492414323636837e+01 1.053404774142365454e+02
1.387230461833662787e+02 1.348526126930889646e+01
1.406563336016107257e+02 1.780312158713629174e+02
-1.613119387893212604e+02 1.620304719279804928e+01
-1.789635049209387034e+02 9.090315229540664177e+01
-1.779109883318868324e+00 8.575835771430607224e+01
1.170913260344290592e+02 6.598284524168350629e+01
1.781882237232782629e+01 2.629085275417219147e+00
-1.220673809790799709e+02 1.133095196806742990e+02
-9.616738540462897333e+00 1.780577746719094421e+02
-4.798689120040271483e+00 1.786558113779223333e+02
5.306905165577661876e+01 1.698909579351411026e+02
1.209861781501521421e+02 5.912040707132849349e+01
1.205891283091192747e+02 9.978529505859455639e+01
-1.770953494906013930e+02 1.170379154163742754e+02
1.786719126877969757e+02 1.824405018002901668e+00
2.932762778428037898e+00 1.090316229805806216e+02
1.187860524447088295e+02 6.881687524407762169e+01
1.071516710797753262e+02 1.208896357336763927e+01
5.768824962255122557e+01 6.515535234552342558e+01
1.369341126073904888e+02 1.750429772645700268e+02
-1.179301505541835127e+02 7.567216007918844412e+01
-5.675733668753831296e+01 8.659743847979133591e+01
-1.807913756181785292e+00 9.068839244970813240e+01
1.156105876014370608e+02 1.124925628380033942e+02
1.758738750906416328e+02 7.524284038750114689e+01
-1.665713082362714759e-01 5.728173568351451195e+01
-1.606023112066010299e+02 3.303701092022639507e+00
5.487618440557660904e+01 8.610275704536516628e+01
-1.255877215711122119e+02 1.071235633315416180e+02
1.679609885216277689e+02 1.865698804229443564e+00
1.656233625284968980e+02 1.417046806220676469e+00
-1.243513451513527457e+02 1.383230053400156834e+01
-1.790540104737544880e+02 1.152629422027734449e+02
1.729501352293814875e+02 1.758159876482556783e+00
2.592507092544187319e+00 1.103086362983226252e+02
-6.107214009855578496e+01 1.111630088399711127e+02
-2.391842163084185291e+00 2.151731136409369860e+00
-6.802846825543331022e+01 6.938648825616638760e+01
-1.216355307209237395e+02 1.136905906818471266e+02
-1.797998882206227051e+02 6.773103576185941677e+01
-1.173331022319861177e+02 7.530090624216727235e+01
6.042078204195248503e+01 8.236907244530986816e+01
6.884744612705472555e+00 1.654665923638081040e+02
-1.104319122717895141e+02 1.146687416805070256e+02
-4.632547865539837773e-01 9.245802984260751600e+01
-2.235498851141656917e+00 1.045751665199408649e+02
-1.249573051253230034e+02 8.952903788889277337e+01
1.648426245847091991e+02 1.791486340409457867e+00
-1.668211573194558994e+01 1.787568486572617417e+02
1.790262535092655867e+02 7.723286356235108485e+01
-1.137523985767017631e+00 7.014345285867194946e+01
-1.758659188343998210e+02 7.248933561945446513e+01
8.081466555905785754e+01 1.086045451631320269e+01
1.563841465220739053e+02 1.972151038703475745e+00
-5.792961615103178730e+01 1.007626752307574662e+02
1.175199314634408410e+02 6.770890610452552494e+01
-4.587991780612390613e+01 3.552054141314791913e+00
-6.531385833499302862e+01 6.899708299755832286e+01
6.119780021691679650e+01 6.540449747847364392e+01
1.646694036760113500e+00 1.117002741178341694e+02
-1.165590560270831446e+02 7.534466924396004117e+01
-1.737928208674052826e+02 1.445084944108016067e+01
1.799999999060451898e+02 8.991370979787627959e+01
1.775488057918216782e+02 9.212477830037396132e+01
-3.764048016105045136e+00 1.055150302194367953e+02
-1.018531474488902830e+02 1.727832127381189480e+02
1.185667321848754483e+02 8.785484459854312433e+01
1.798490765554732320e+02 1.146217630300260168e+02
1.507083173771331985e+02 1.349827554048901757e+00
-2.270134580712715788e+01 1.796056021118377828e+02
2.466890852759690222e+00 8.588763566862543541e+01
7.305755039945319496e+00 1.071450247750624243e+02
5.666494396848502646e+01 9.213025352442888050e+01
1.181363005685380188e+02 7.776953925189094718e+01
1.172089372592566860e+02 6.808229380403749076e+01
-6.643116010885600531e+01 6.127911663864698966e+01
-6.013475278404131785e+01 6.993065883534178795e+01
1.775959801703223775e+02 1.111190253016802245e+02
-1.172009433479863247e+02 7.542022689485591513e+01
-7.351478938850793954e-01 7.882298792080545979e+01
1.799800597004769713e+02 1.062690366236000585e+02
2.066472029554016210e-01 8.704828001015356165e+01
1.783753593485036504e+02 7.551359433420856249e+01
5.517890941003087590e+01 7.258622554827788065e+01
8.504654674663878211e+01 1.108382289749800798e+00
4.650958550529156810e+01 7.685140751697756567e-01
-1.117436103216923726e+02 1.097068918192539968e+02
9.981117568458262213e+01 1.767970156306847684e+02
-5.656739589879619112e-01 1.013963891326419713e+02
-5.645887790604418655e+01 8.950032356250117971e+01
1.177176854767744487e+02 7.741202313843722038e+01
-6.150951739550595931e+01 1.112228136705556523e+02
-1.172823237010494495e+02 1.171798424174089348e+02
-5.493852209279114618e+01 1.070661298236416457e+02
6.787488234117427055e+01 1.159557650950815315e+02
6.101433382668702876e+01 1.194752025721538615e+02
-6.195412537208926551e+01 1.047208698745332214e+02
-5.503831283363565063e+01 1.078734764053383088e+02
-9.078401539189680136e+01 1.788607482491786413e+02
3.597555768973657564e+01 9.210445328942451493e-01
1.543629260581646401e+00 1.003170136718400727e+02
1.220520073917594885e+02 8.915718359290156059e+01
1.195320606159885131e+02 7.597103585178494711e+01
1.163051606109858227e+02 6.563332110376039452e+01
5.459137474617342889e+00 1.104433876805316999e+02
4.196774760055063114e-01 1.003317286920424749e+02
1.207647895838754835e+02 7.123038824569644589e+01
6.562632382872548931e+01 1.158427207169034006e+02
1.251599596218583059e+02 6.956641540021182379e+01
1.204032683098414367e+02 7.651001604393013622e+01
-1.067497996535991689e+02 1.787134438115429589e+02
6.964946580191599956e+00 1.442217666427437539e+00
1.395854695132030254e-01 1.054789363604765526e+02
-5.260133382180121231e+01 1.781589826587238008e+02
-9.125280205080338192e+01 1.779834021878760666e+02
-1.187471205847332243e+02 7.445100856755277619e+01
-5.789999390690555714e+01 9.735143807825122053e+01
-6.412033637407243702e+01 1.114224883800645500e+02
1.484744217724745852e+00 7.482016815507826379e+01
-5.635002787680042502e+01 1.054965746693957271e+02
-1.143756089979947603e+02 6.244649363934461661e+01
6.405664970509897671e+01 1.767557751669596939e+02
-6.938045631212997932e+01 7.090751903659720767e+01
-1.192288107204943373e+02 1.147187852330287541e+02
5.973480387602288744e+01 6.442291214247505593e+01
1.224288796137541198e+02 7.516816743129605527e+01
9.304985213853065318e+01 3.097291642358161567e+00
-1.157910990206485025e+02 7.268099677879003195e+01
-5.866430676919623011e+01 1.029746782794120463e+02
5.041300482467195110e+01 1.993090123472564645e+00
1.090750798277616163e+01 1.310002897267725785e+00
-1.223765548203637081e+02 8.839320394954567917e+01
1.211081707766544469e+02 9.115859128540175504e+01
5.829565986629269503e+00 1.080138482489986131e+02
-1.246916620995492480e+02 1.142394956606137839e+02
-1.170173240195726407e+02 1.752511004886760588e+02
-6.701741415000037705e+01 1.047753188528612611e+02
5.910830093441700939e+01 7.056349097715890650e+01
-1.788335886253144622e+02 1.072606029560152194e+02
-1.136809220928006425e+02 1.731575730982213770e+02
7.203595359447237456e+01 1.077243090429010230e+00
-1.854936906761351256e+00 6.965192320405645887e+01
1.172117021649870452e+02 5.686694046605990849e+01
-1.751933860763762993e+02 6.905213274870664009e+01
4.776369548214912442e+01 1.982317548527467332e+00
-1.582323491719758124e+02 1.787545886482207891e+02
-1.209732425106122378e+02 9.161386610234396244e+01
-1.772268068777398469e+02 7.073426987002730471e+01
1.217368274228163614e+02 8.617228184505547972e+01
-6.026106547487313492e+01 8.937557235477402173e+01
6.219218981486640985e+01 4.749537712394880096e+00
-6.528103827399944237e+01 1.081810599604039709e+02
-1.209312838234851313e+02 1.086747455443698414e+02
8.933170532328322810e-01 6.923777304152368117e+01
1.426392297863290253e+02 1.752517403747098967e+02
-1.380848022409130067e+02 1.795509805134981320e+02
-1.793277461184642618e+02 1.122083896954562050e+02
-1.763503891392109040e+02 6.585949765316244964e+01
-1.153550288883495085e+02 7.749973487031549269e+01
-1.105318238077712749e+02 1.671763635411018072e+02
5.299005342091689386e+01 2.030932653861055481e+00
-1.689969626742145863e+02 1.786106183009083566e+02
-1.213202299159178352e+02 8.816155492058612708e+01
2.398078348920026359e-01 1.088132384556241021e+02
-5.925344221127006961e+01 9.071680514450581256e+01
5.154681976244058461e+01 6.688156948162183824e+01
6.212040646971219360e+01 4.339124893265504213e+00
-6.540092080624908988e+01 1.080920998605520680e+02
-1.213833823864885346e+02 1.034393582341088660e+02
7.902237207808030917e+01 1.913982895344093382e+00
3.977380874068135452e-01 6.932294711587788072e+01
1.600292373713670315e+02 1.759114167678504259e+02
1.252741547963560862e+02 1.185711414288549861e+02
8.530853415984077515e+01 1.039412361482835889e+00
1.790568821276884535e+02 1.107698729795313142e+02
1.176219680592229793e+02 5.529960384599166900e+01
2.607748099632583916e+00 1.123239833596659878e+02
6.346924556867649869e+01 1.037419699268949671e+02
1.091776071251956104e+01 1.411508352573585645e+00
-1.317417497248126779e+02 1.779417438764023416e+02
-1.199955607825310153e+02 9.094369757652856379e+01
5.869818868012563939e+01 9.159973767963656144e+01
-5.955858401540940861e+01 8.783185749375194007e+01
-1.210961103215525725e+02 8.946040203090919363e+01
-1.081517402133302284e+02 1.748160294238755057e+02
-1.202051069703811095e+02 1.024064601000613095e+02
1.791461798578278604e+02 7.735526264379967643e+01
4.869306259699040518e-01 6.830988079114305833e+01
-5.754436057307427177e+01 6.137545554456328745e+01
5.277402199131162597e+00 1.132489014097744473e+02
-1.130476399684958437e+02 7.528534122950732410e+01
5.107863444180364354e+01 2.435672769703059348e+00
1.370527896067244988e+01 1.100147872792908821e+00
-1.207489514470884302e+02 8.978204696327344436e+01
-6.032029715480607734e+01 8.909819233962612373e+01
-1.203001922021767882e+02 9.468270319008142621e+01
-1.201168413666084120e+02 8.998688960809707282e+01
-1.305653943833605126e+02 1.746986441919739832e+02
1.791805156893883861e+02 1.126116219009400794e+02
5.940296477973207345e+01 9.375718106450258915e+01
5.854364641019459015e+01 7.317331825010832347e+01
-1.207672198745188581e+02 8.877188797000093246e+01
-1.673811792717317246e+02 2.364875506629767976e+00
-6.078645334753833396e+01 8.857542725500260872e+01
-1.782248926730954395e+02 1.125896326668574545e+02
-1.795378011089423467e+02 9.356483445028953838e+01
-1.198418065738364646e+02 8.872759848037000552e+01
-1.204381189286993816e+02 8.500964395750193603e+01
-1.766638766487583041e+02 6.535179291141069768e+01
6.369924730229681842e+01 1.031083681005977155e+02
1.374893782304141787e+01 8.665126389712794364e+00
5.983308422147486283e+01 9.032749818743415915e+01
3.483505442357350290e+01 4.052217192922669575e+00
5.993407753690412676e+01 9.017860397468582789e+01
-1.729146546880064648e+02 1.788332558439658158e+02
-1.204486921185778527e+02 8.958197194979680944e+01
1.794164959154731207e+02 7.107547131837253573e+01
3.768614253547907111e+01 5.923587862708884266e+00
-6.231577288564155159e-01 1.110590651126591411e+02
-7.797560578380515039e+01 1.513763353515594323e+00
-1.496246095191562233e+02 1.854144919351532694e+00
-1.100225497874627978e+00 7.032586825360283456e+01
-5.571845881275557844e+01 7.268151205548900862e+01
1.786361813375295924e+02 8.891640153389644752e+01
2.864680537117873182e+00 8.018847791731901964e+01
1.770835864233514485e+02 9.585683145536140159e+01
-1.186944759352402627e+02 1.044263167352997357e+02
3.250935396436528180e+01 6.876434805239909354e-01
-1.436676082313126415e+02 1.754646022674546657e+02
-1.205644353767950889e+02 9.011266477300374333e+01
-1.200588033643201840e+02 8.893459051300865781e+01
-1.205115380403216676e+02 8.929175481278258530e+01
-9.616897911725861547e+01 3.595418141920546162e+01
-1.287725616093920280e+02 6.180736170816278907e-01
3.577256503465483917e+01 5.578761085037483802e+00
-7.422411546337094324e-01 1.071544458199963401e+02
1.789265791775712842e+02 7.835602584133675919e+01
6.245072436252615944e+01 8.166909999117990537e+01
5.834324816479009002e+01 9.524762953037691204e+01
6.193729359100841236e+01 8.122919744401673370e+01
5.551686297792274871e+01 7.681483447543216414e+01
-5.791553848340525690e+01 1.019009559294061518e+02
1.167280548195724776e+02 9.275471156060665123e+01
1.184429543777064566e+02 1.408938560729909817e+01
-1.215705406532739943e+02 1.173922000535080485e+02
3.565129915869126620e+01 4.405082538428994887e+00
-1.205594339672753250e+02 9.008867418312814834e+01
-1.204916384896017121e+02 8.882027327663261929e+01
-1.207798997471504805e+02 9.019503467570062583e+01
2.198909182831701870e+01 1.792610592688863278e+02
-1.137022937966669645e+02 1.757092193718709723e+02
-1.465139523979843545e+02 1.748356851733722692e+02
-2.969886504656451987e+00 1.134068648885570667e+02
6.973517172709823342e+01 1.039447956534989714e+01
-1.186216870147334248e+02 1.026009872371425473e+02
-5.914284166373894891e+01 1.797004882083740824e+02
-1.054774473388786715e+00 1.178066813646136524e+02
-2.663278257408479011e+00 1.234329142775607693e+02
1.741406155528395345e+02 6.314041219851552711e+01
1.441220957954718163e+00 1.003795522642950431e+02
-6.214604876266371036e+00 6.644480174191934907e+01
-1.151327766212140347e+02 7.043013236223735873e+01
1.170924895403801997e+02 9.990508817847421597e+01
-1.204988955988500265e+02 8.949745464097978243e+01
5.904101320665686359e+01 9.034390672456446225e+01
-1.212273183243099481e+02 9.050821980153966706e+01
-1.767251947608170894e+02 6.560648500385308068e+01
-1.719927449906988102e+02 5.693559759117484731e+01
5.849840483922817924e+01 9.369313980580312773e+01
4.403789920137577241e+01 4.570772991438864175e+00
-6.264219358917614500e+01 1.130234967343134258e+02
1.771746028525387828e+02 7.117016760122865549e+01
-1.054818654430166021e+02 1.681477716742198254e+02
-3.998815149484269416e+00 1.171146916922711654e+02
-9.909166824847423527e+01 1.660845526624722481e+02
1.797834487977616220e+02 5.824852527408570779e+01
6.002303588155988479e+01 1.013562231888853660e+02
-5.480426150883229752e+01 9.582413673603539905e+01
3.454310094255686803e+00 6.504999965836424813e+00
-5.727235520883709796e+00 7.531543023578116447e+01
-5.857025240951599443e+01 1.776332900099012591e+02
-4.194976546275200668e+00 6.730658886678790509e+01
3.506366838435742039e+01 8.949662028112143730e+00
-5.642780171006831580e+01 1.006418069194056812e+02
6.263426224648142693e+01 9.549550911418035071e+01
-6.439050279828194334e+01 7.665033221139046304e+01
-1.219865034121366136e+02 9.006230112423205014e+01
-1.298921946867201029e+02 1.684303303902685798e+02
7.946495468675099971e+01 1.408528880787198823e+01
5.921977337196172897e+01 9.074953806485090979e+01
5.959698307818293017e+01 9.069707595216188167e+01
-1.211656315363029677e+02 8.978716971109605538e+01
1.775837808751777800e+02 6.256074209245474549e+01
-6.983855679049412402e+01 1.179252183178490299e+02
-1.327068690465228826e+02 1.752833865371833042e+02
1.649364642219745463e+02 1.720507958314602774e+02
-1.309038240771525921e+02 1.644727337835387289e+02
1.212327185355347892e+00 1.169344527583743059e+02
3.108442520758070060e+01 1.853812051320927523e+00
1.771036900952263409e+02 6.033433135203225817e+01
6.229215458525892046e+01 9.561290524480283182e+01
1.353110007200700871e+01 1.024686644907997746e+01
-8.919443303016912239e+01 1.671268939810143479e+02
1.797457769788963162e+02 1.129705785326107019e+02
-1.183070402623989850e+02 9.901233544220248461e+01
-1.206370036351981838e+02 1.109271538572114650e+02
7.850028915299947130e+01 1.305766634419263639e+01
5.910707200569483177e+01 9.000516729678383854e+01
-1.206255269457185477e+02 8.955025277527695948e+01
-1.206985462777392968e+02 9.003696431178690318e+01
-1.321788660798912929e+02 1.755561534577497866e+02
5.142309091606074389e+01 4.536533611978807556e+00
-1.193838029003637899e+02 8.360444561254817586e+01
1.803433566981344072e+01 3.011410471294639013e+00
3.101472010683967540e+01 3.575160852334092976e+00
-3.441695385244909033e+01 6.900846577314257324e+00
1.774955254838113490e+02 6.019632156419106650e+01
-5.788244115222870789e+01 6.739746681481702240e+01
1.161427756329072878e+02 7.672566290794935639e+01
7.576275553563668552e+01 9.160163806479692639e+00
5.888829016328370614e+01 1.137762535721031298e+02
5.539599479667401027e+01 1.278566189076526527e+01
-1.139020600204793112e+02 9.546813467680614451e+01
-1.737365175106341439e+02 7.187657353619481171e+01
1.775090903428575757e+02 1.164431257574222087e+02
-1.203853199266050069e+02 8.980680692591310788e+01
-1.206292420505541685e+02 8.953024211143083733e+01
-1.211068255834695009e+02 8.994406551943740169e+01
1.159222941138338570e+02 1.160230147321921947e+02
6.775314430049753867e+01 1.482917211866675586e+02
-1.507299381987173774e+02 1.732542596726976853e+02
5.439208167905356817e+01 4.357076853833387275e+00
4.643540170363294806e+01 5.316419917330658329e+00
-4.811292136060178137e+01 5.439905623496417597e+00
9.549188963508062500e+01 3.627534039013934897e-01
-1.232128227125614046e+02 1.702773010859629039e+02
-4.638577749967800479e+00 1.197986267445166817e+02
-2.775847889044885619e+01 2.947496810281795110e+00
-6.011780914676401721e+01 6.629010289494637220e+01
-6.640799767965452816e+01 6.200563919493598064e+01
-6.235050106061008535e+01 6.360060712911261760e+01
-1.173356367913921474e+02 7.802357514007421457e+01
5.964521945717647355e+01 9.677678661137081306e+00
-1.206671188005220046e+02 8.980597084358021220e+01
1.173575729750178169e+02 1.151867029753657903e+02
-1.208543116988143140e+02 8.978940701942616442e+01
-1.204616808084468147e+02 8.943073105946582757e+01
-1.433239672229319979e+02 1.722837420965845752e+02
5.468250210093671626e+01 3.720317713652344427e+00
5.789677383325436466e+01 3.898928833299057928e+00
6.169804313046471123e+01 6.640767364971434006e+01
-1.702558521315268081e+02 1.775688068797332733e+02
-4.060128167254060116e+01 1.761961738609772965e+02
-1.167038128501373393e+02 8.822471286103640509e+00
-1.059322786326465007e+02 8.981291655033847121e+01
1.463099372451398779e+02 1.749397927308024521e+02
-1.186618346914183064e+02 7.937012437722891889e+01
5.956145216642396178e+01 9.062772057543456583e+01
-1.207084756471643061e+02 8.964952321621390752e+01
5.901464989896098956e+01 8.994925890692640280e+01
1.196410870286196797e+02 1.132472668849845263e+02
6.644295633611240248e+01 1.495560327673115353e+02
1.171081200340935453e+02 1.229648795156049488e+02
5.405975201302813105e+01 3.990086241763638242e+00
5.123637719985786987e+01 2.839577724307907225e+00
-1.396093860813840593e+02 2.379449953237980697e+00
-7.971902051445785276e+01 4.773565714702548313e+00
-1.127745089247670620e+02 1.762758639827397928e+02
5.999987207517396826e+01 9.147947824374082870e+01
-1.873963411607449459e+01 1.639130902973062298e+00
-6.589289201945504715e+01 1.735254821460787014e+02
5.441763406354696997e+01 1.347377280941397970e+01
-1.207673155135419734e+02 8.913496407227853524e+01
5.890286312782671985e+01 9.000798549147170036e+01
5.938109964972890964e+01 9.044856754084179329e+01
-1.184636481581515000e+02 1.740642257395097943e+02
1.575709653827171906e+02 1.316019867193628956e+00
-6.115735921662032837e+01 6.949540837871987620e+00
-1.180065963886900846e+02 1.758017877712607344e+02
-1.441338654314027679e+02 8.055704119767035820e+00
1.044007826034352178e+02 1.709533260519076237e+02
-8.129884027962859250e+00 1.787631163160179142e+02
-1.236583549128027357e+02 9.235349185040564635e+01
-1.104550201280605108e+02 1.649678227003159918e+02
7.535693991945954906e+01 1.939460217622662341e+01
7.193150318901217588e+01 6.640252927118603488e+00
-4.543189322496099525e-01 1.112723087866395701e+02
9.123927175692017499e+01 1.643495863557019163e+02
6.615104593047117021e+01 1.572149090260773896e+01
-1.242943796204134372e+02 1.668677627191299564e+02
-1.206080988868465056e+02 8.919889763357475942e+01
-1.181406673815642137e+02 8.743352116010156294e+01
1.767267175589450972e+02 1.099530707536630132e+02
-1.096332330478783774e+02 1.607958719726783556e+02
-6.402070569915957776e+01 7.454509280488900380e+00
8.346905021963608817e+01 1.766761695404496777e+02
8.022089784662084355e+01 1.982228407650751834e+01
1.307782251186397957e+02 7.224096070325035157e+01
-1.121138288751491672e+02 1.760224174348920769e+02
6.739728370455850381e+01 9.246482967773026473e+01
-1.261421673890166062e+02 1.750827429461533882e+02
1.767244380749653772e+02 6.617365109479902685e+01
8.449214820241202517e+01 1.254650890409791408e+01
-1.792173315525053283e+02 6.427801656641754846e+01
5.945347393176515283e+01 9.147475473358754527e+01
-4.700034717954926577e+01 1.199612498275763670e+02
1.305832050892833252e+02 7.153462202582075236e+01
-1.161013593675665874e+02 8.242262280747374348e+01
-1.148778912370935927e+02 1.455407180266080900e+02
-1.320205204803160086e+02 1.658814321451885974e+02
-1.002305388952505041e+02 1.545227799963647328e+02
-1.796852040250525135e+02 6.532908246533447993e+01
-2.122764294326221091e+01 2.999857586750933613e+00
-1.379160397913076963e+02 1.743024247566679321e+02
-1.204442328535976543e+02 8.845367150125812827e+01
1.278871528499356742e+02 6.740392765254685514e+01
-1.977711260156939099e+00 1.214608425934096232e+02
6.244764374257572115e+01 9.827113718849791724e+01
1.767630612051144396e+02 7.062714706763806305e+01
7.084485455179051883e+01 1.932334009751468784e+01
1.755192073244549817e+02 7.091218021169838437e+01
3.848010815206848179e+01 3.341275727400114803e+00
5.951980874856707260e+01 9.160812204308417961e+01
1.208959108876846926e+02 6.999997346703858625e+01
1.785664649694855655e+02 1.122665500406687613e+02
5.847382800349420506e+01 9.207116762748270844e+01
1.249003718010906709e+02 6.810236494335941870e+01
1.312054262436268175e+02 7.023302107874110334e+01
-8.921639052804447800e+00 1.268048325455298908e+02
-1.046131644480563807e+02 1.408502762683211351e+01
-1.166446972075171260e+02 8.209342517025690711e+01
-1.110979660723233451e+02 8.320404615439234419e+01
6.162598413571785727e+01 1.010531352569588250e+02
1.785782431085555402e+02 6.757611815514373177e+01
5.979798611793007979e+01 9.173461538617591771e+01
-4.998924298698071311e+01 1.112958801616571662e+02
1.785478104845899452e+02 6.234318661711746046e+01
1.745623276773319219e+02 6.352617953802289463e+01
-1.172553463040108852e+02 8.238781564907382915e+01
-1.090153990613220998e+02 8.256576388746262296e+01
1.764177201438707812e+02 6.932393117853754916e+01
-1.130167878892839610e+02 1.604075386173969378e+02
5.978027951730837231e+01 3.262898226054014827e+01
-4.784881059774569678e+01 6.374029402827878954e+01
5.133287741216827271e+01 8.825976444820446432e+01
-1.162518944718533902e+02 9.278390494887274542e+01
5.988085453102991096e+01 9.183239524415867550e+01
-2.668220682288674084e+01 1.780515390972300906e+02
-6.062918761715294380e+01 1.103232250171394924e+02
1.232589480740204522e+02 6.832238911740127207e+01
-5.278667151658045498e+01 1.088699601106471277e+02
-1.323642565188835647e+02 1.507883218057501153e+02
6.558359903988923634e+01 9.905505085792663067e+01
-8.028245521186743616e+00 1.146357912363589975e+02
6.382338734745022890e+01 3.097353256564917601e+01
-1.204933334402959986e+02 2.434862437818989633e+01
7.486339392799951042e+01 2.607530149966133948e+01
-4.766903768533178720e+01 6.492137824063149765e+01
-1.183174910731926266e+00 1.170715875067642742e+02
-1.200957603952147110e+02 8.828364231684351182e+01
-1.169608472161584416e+02 9.119360641793190325e+01
1.191927497773461795e+02 6.790193221750682540e+01
1.280461636408688832e+02 6.814324382364183919e+01
-6.551913168478395733e+01 1.130636433814563304e+02
-1.057467113374307388e+02 1.536044362480122913e+02
-4.907181291571249204e+01 6.185459906052264500e+01
-2.541136899634324209e+00 1.196408508254570506e+02
-1.480052457781013908e+00 1.166356177524725126e+02
6.196459150823770301e+01 8.689573220931190178e+01
-1.196267432265980375e+02 8.750404202853600566e+01
-1.210251762351695390e+02 8.875322930103436647e+01
1.175921955999385347e+02 1.148524968843734939e+02
-1.271748392973253772e+02 1.503010622462153094e+02
-1.926236478245406003e+00 1.179110289818612927e+02
-1.299037702828773888e+02 1.492596272625466725e+02
6.078228544362195862e+01 2.941844254212436738e+01
-4.932145278269566002e-02 1.150595313625845506e+02
1.688386157849713527e+02 5.469407140469468942e+01
1.795430746794095000e+02 6.725460204057068836e+01
-1.796024787446101243e+02 6.377853408961708226e+01
-1.184978786426991491e+02 9.494268897881671876e+01
-6.054433597266557143e+01 1.092982122979263835e+02
-3.396664429846248723e+00 1.153602958983664024e+02
-8.137700737567774567e+00 1.196408578070204953e+02
1.296626522557928070e+02 6.495641522519092348e+01
-4.884209033767096031e+01 6.182840060148416228e+01
6.029182901748835377e+01 9.265804120438345137e+01
5.886175308073234191e+01 9.155096472824084231e+01
4.928516308634558474e-01 1.185048016615570674e+02
5.205452649419289912e+01 3.085765457322662186e+01
7.194818091687992023e+01 3.033098346544669610e+01
1.136088708390544468e+02 1.182702579913694478e+02
1.185766801677274032e+02 1.187659964216993984e+02
-3.714491600344950850e+00 1.172266977057704054e+02
1.687214619075712392e+02 5.549850033649608605e+01
1.256539582972433635e+02 1.131351455022694239e+02
-1.793940454015055082e+02 6.259844022923761742e+01
1.225838720601937553e+02 1.130734089363121200e+02
-1.795959733107083025e+02 1.137286523610739550e+02
1.179218296854060242e+02 5.706844936528818124e+01
5.990163215688085074e+01 9.743326890290886411e+01
1.799022742485257140e+02 6.517069584935515536e+01
-5.190952905170484399e+01 6.173745437698755723e+01
6.001836842178192910e+01 9.079141155007546615e+01
1.330203957797638781e+00 6.785382054911617900e+01
-1.185364159208116064e+02 9.550362199196575830e+01
5.963849071408152724e+01 9.199987187411427669e+01
1.764170059701762341e+02 1.139301798591775423e+02
-3.766217158118763120e-01 1.196840509561612294e+02
-2.479552834426427044e+00 1.219629741352168395e+02
-1.732511266084092654e+02 6.507238899086858908e+01
1.199010759370912353e+02 6.656601311570439350e+01
-1.766289933090117756e+02 6.499146120397767845e+01
-1.766145443992375590e+02 5.909823554030265313e+01
1.756650203019200092e+02 6.437689681394805064e+01
1.222503995886767285e+02 1.182940089447972838e+02
6.416898418193555642e+01 3.074685009677109804e+01
-1.793102760277787127e+02 1.126234499971390761e+02
1.110297490542086223e+02 5.816851484996247734e+01
-5.474398595922767186e+01 6.652481131465657427e+01
1.765673399586616199e+02 6.374660042229757551e+01
1.097044435756661329e+02 6.476521708714250281e+01
5.992085292556635778e+01 9.213987087890249938e+01
1.751189512847159051e+02 5.618849561266348047e+01
1.766142939914057024e+02 5.906793204391899366e+01
-1.781633921692984757e+02 5.960227773828890463e+01
-6.239080759238296991e+01 1.146603764575270219e+02
1.759358176703144068e+02 6.254631392113911659e+01
-7.067093642863991931e+01 1.215630719778636291e+02
-1.228463793233497228e+02 8.417315277815957586e+01
-5.874078175239759503e+01 6.771607572533275743e+01
-4.804871813144916182e+00 1.170092869405914655e+02
1.098584504117948200e+02 6.566016632129384334e+01
-1.841396478422073324e+00 1.114219195171278898e+02
-2.524536086354506104e+00 1.204029432390780698e+02
-6.055843574842818811e+01 1.147706622011162523e+02
-4.735872864357902223e+00 7.421368993641443979e+01
6.492334892512563727e+01 9.502370162933134168e+01
-1.197675679030731999e+02 8.777498053245071219e+01
-4.059358229618444724e+00 6.986881104533476616e+01
-6.697330675420110424e+01 1.195531942446696974e+02
-3.662849411415903145e+00 1.175411010395936273e+02
2.178479149321487784e-01 1.215881748219226068e+02
-6.486703678682303575e+01 1.146196589921227513e+02
1.796922299608004892e+02 6.943860191299890516e+01
1.780873055345780642e+02 5.955306050285428654e+01
1.242335187136080776e+02 1.151442193588581659e+02
-3.125151284618551184e+00 1.193282232283271895e+02
-8.484098330649415542e-01 1.187011127584560057e+02
6.027623067142214808e+01 9.224337989229206869e+01
1.742168679684644133e+02 6.353298125875684121e+01
-1.251410403943654472e+02 8.974825084406873543e+01
-1.205402561101487038e+02 2.968961422864177990e+01
-6.274063429144944593e+01 1.150623976449876693e+02
-2.613753993219792626e+00 1.118063487168112999e+02
-5.458205885724859741e+01 6.867669534092789263e+01
6.581420714892711032e+01 2.969988761501620900e+01
6.036728446630466749e+01 9.229459324938335385e+01
1.765314010794564297e+02 1.165635298411375800e+02
1.711390419124747666e+02 6.378504271115406965e+01
-1.234726187994902489e+02 3.084844638466090672e+01
5.488859062227692931e+01 8.854297641284017573e+01
-1.196049558628203187e+02 8.769214094671193038e+01
-2.825043924038419085e+00 6.097863881571465328e+01
1.779417552522717472e+02 5.355905166538475015e+01
-7.772731867672160178e+00 1.203330651569665832e+02
1.733039009992911872e+02 6.386439090846887012e+01
5.381426471828998359e+01 1.482925027577039714e+02
1.486472075563492590e+00 1.158952508212402250e+02
-1.220905518355663588e+02 9.033085291543990536e+01
5.092751817089976640e+01 2.977399154800259140e+01
-1.205157786437494423e+02 1.502731105652756582e+02
6.879923991287051876e+01 2.864916478569430325e+01
-9.819809527395011628e+01 1.587582390233783940e+02
7.664102583646966593e+01 2.629824039714877415e+01
6.255692010584366614e+01 9.171733328485160541e+01
-1.149394135337323632e+02 2.335911212250899283e+01
-1.196724687171394095e+02 8.768688096695534284e+01
5.127374559721246117e-01 6.662213975910404429e+01
-4.103914083702157711e+00 1.207626447271950951e+02
1.786949669993724115e+02 5.391497351070716348e+01
1.691315468661102557e+02 6.376256536728065072e+01
1.172658709414808271e+02 1.189197310326664336e+02
-1.237900208990556052e+02 2.980489797673229191e+01
1.737519724464967794e+02 1.111904916946012065e+02
1.797625966796171895e+02 6.330867008806302465e+01
8.610752269818011939e+01 2.147613121273678871e+01
-1.053095874743404607e+02 1.565216491613735172e+02
-1.260413777109397557e+02 9.111403960001202051e+01
6.016368038883878455e+01 9.262391098951373181e+01
7.549794855272313043e+01 1.549787873313733542e+02
1.726733053338411095e+00 6.695984803540159191e+01
-1.783419036623905072e+02 1.184175487090300294e+02
-1.096357794875542879e+02 1.578909698433100459e+02
1.790298137313015445e+02 1.145683397220042110e+02
-9.836589419089429498e+01 1.497297595408660698e+02
5.152586487605877608e+01 9.169132904364144565e+01
1.226210721337362202e+02 1.174804043671841356e+02
5.607020728516244645e+01 9.113716130018718786e+01
-6.404271534461726390e+01 6.568509916206113530e+01
-1.262257826541948589e+02 1.487324485901650064e+02
-6.437221563870316743e+01 6.313362407652621755e+01
1.186185951080718866e+02 1.151978797336666105e+02
1.179113854496505667e+02 1.177905589482734285e+02
-6.543552151217804180e+01 1.185930849506287217e+02
-3.355519514160962835e+00 1.120828431810157468e+02
-1.229585217321337893e+02 2.150408480772890485e+01
6.005419436837617297e+01 9.259969468549611804e+01
6.677482721133426935e+01 1.570015656431361037e+02
-1.207573212898454358e+02 8.471681562543986388e+01
1.227415528325293508e+02 1.186504110634863878e+02
-1.151678805339069243e+02 2.663755278535250071e+01
5.860815821970762585e+01 8.892911375840490962e+01
-3.997675109566871221e+00 7.301394276393773453e+01
-1.262497669611176008e+02 1.505306629954177993e+02
-1.129303382202011932e+02 8.365200566334017651e+01
-1.787972055635703441e+02 6.318886302661274357e+01
1.189983507691538165e+02 1.139982476090303152e+02
-6.145236065048597141e+01 6.805655812992318943e+01
1.146305894084282926e+02 1.116203000732496804e+02
-6.519948725189506433e+01 6.497657092291679248e+01
1.166722283997248724e+02 1.139214421672378137e+02
-6.325476790064046639e+01 6.572924639297083615e+01
-6.066473600201080529e+01 7.623588287617957349e+01
1.151339646503157041e+02 1.058736788379368789e+02
-2.236234207617751935e+00 6.420793643896681147e+01
6.124250616961496974e+01 2.935388757987763597e+01
5.989851410406523513e+01 9.239930059949253405e+01
6.588977363733850723e+01 1.560041531685664893e+02
6.402344345526367420e+01 9.396405182331656647e+01
-1.181448850382636664e+02 2.543603634882986952e+01
4.301298303883876173e+01 3.272540252685917750e+01
-1.752381992801326476e+02 5.639173352735483036e+01
-2.026619146500448831e+00 1.190458559613066996e+02
-3.430289274827913015e+00 1.130252604601293882e+02
5.682209495289986023e+01 1.538726830951003706e+02
1.141595794076594785e+02 6.052151597998661003e+01
-1.200804920295791902e+02 1.520086361649479159e+02
5.984779582349680283e+01 9.249272177304320053e+01
6.716563178052039973e+01 1.506284503439083551e+02
5.487762680500253509e+01 1.558704504819691863e+02
4.924058052088513904e+01 1.520810825454150290e+02
-3.921075940996299636e+00 1.199957781867426974e+02
5.981603021199429548e+01 9.254810932963577841e+01
1.760293574589536547e+02 6.341949513222245116e+01
-1.150512540925873850e+02 2.773751543182913437e+01
-1.142805121906702936e+02 1.506876202660779711e+02
-1.193087576219424051e+02 2.218127364844840699e+01
-1.243993407613177595e+02 2.560760832902152018e+01
1.266120081293772159e+02 1.148552711847793546e+02
-1.272107037820554325e+02 2.768480906362524507e+01
-2.001233940475635187e+00 1.191404893165155698e+02
5.994546499886445901e+01 9.249195514904616289e+01
1.136800097002937520e+02 1.110032561320720248e+02
5.686673688959221806e+01 2.607621166535549051e+01
-1.273619744331861767e+02 2.452641458176265132e+01
-1.797151603613668271e+02 1.104464910623804457e+02
6.007093954465230468e+01 9.250444511294330141e+01
1.191987205232376681e+02 1.113110054185369364e+02
1.158245291336436935e+02 1.125282983600529576e+02
1.163972833754298364e+02 1.194148078582310433e+02
-1.114696164323651573e+02 8.896567713565293900e+01
-5.702591794725231722e+01 6.561762714819228393e+01
-6.077247754246741351e+01 7.232224477839292831e+01
5.920674292559465357e+01 2.614912510755828023e+01
-1.278628951952686350e+02 2.584710201397016860e+01
-1.311323738821618861e+02 2.352286914917994309e+01
5.999924899362253683e+01 9.270854482815812503e+01
-6.140477905675999182e+01 6.349013560981082094e+01
1.210040771338363754e+02 1.164063924011781950e+02
5.492121469628759201e+01 9.708839638931961247e+01
-1.183354450655544099e+02 9.326537859909247175e+01
-2.678859261497667621e+00 1.170281764738867594e+02
-6.090916081317107711e+01 1.142149387854179139e+02
-1.200491447536133620e+02 8.750137290481428920e+01
1.178339553616727926e+02 1.174058200010311737e+02
1.172927699578597043e+02 6.627572894073277610e+01
-7.031178554278606896e+01 1.193409243062686897e+02
-6.057137763736893277e+01 6.172152545555673697e+01
-1.246138991037578734e+02 8.327434354186132737e+01
-5.333521509715468234e+00 1.133064574577026633e+02
-1.783430415961417452e+02 6.548829912028161004e+01
-1.025956187661523966e+00 1.242675161371779353e+02
-5.894977599536431256e+01 1.122890307643679790e+02
-1.200681274157124534e+02 8.740005392559223196e+01
1.177826153662059596e+02 1.190508229790653303e+02
-6.533067616161105207e+01 1.186995365688676287e+02
1.212078671898884608e+02 1.150594824736818254e+02
1.103440444487072796e+02 6.539061503714863477e+01
-6.306597790232275713e+01 6.323634814860825060e+01
-1.266792309565074390e+02 8.752287028380669653e+01
-1.456862479985932168e+02 1.550342721068198841e+02
5.162040105549048974e+01 2.614136036839016342e+01
5.004079144099934928e-02 1.089885839823761557e+02
6.475610041176042841e+01 2.633231007305499816e+01
-6.074952723604610583e+01 6.983430086976312623e+01
1.196360939925480977e+02 1.134320137816154812e+02
-6.310927977368534414e+01 6.566322925696921686e+01
-6.525047401706027017e+01 6.587224349726295713e+01
7.498568700283826161e+01 2.999270479923800536e+01
5.301539023435449138e+00 1.128584795883476488e+02
-1.780398773052510251e+02 6.714555934197146314e+01
-5.915848344448979645e+01 1.137384583615606459e+02
1.200408670068171517e+02 6.761823093841934451e+01
6.001807836352044490e+01 9.266226167218425758e+01
1.170133287298500306e+02 1.189596360770203347e+02
-6.435624207610402436e+01 6.656907435669688766e+01
1.178099061939960990e+02 1.162910762902090198e+02
-1.306799608575324498e+02 1.533071807963227116e+02
1.758270411841390626e+02 6.451891883556183416e+01
-5.796301396980455678e+01 6.299370792444979372e+01
-6.045936754452935702e+01 1.156672835307651894e+02
2.057235194603338757e-01 1.142147615246101680e+02
1.197576067226562486e+02 6.414118584613808594e+01
-1.200612073190137465e+02 8.730497198135671510e+01
-1.190092383147851223e+02 8.894161421529783240e+01
-1.497590875959719199e+02 2.692424296649065241e+01
-6.235039071745229222e+01 6.451644427253748404e+01
-6.110387747530555203e+01 6.429451224577263702e+01
-6.628464463255093619e+01 6.177041671026030656e+01
1.186488944669728625e+02 1.161741210739591565e+02
-1.287814110381636112e+02 1.551649452817461281e+02
-6.762835120189856752e+01 6.598839102887089325e+01
1.216569936609860889e+02 6.620840343819045870e+01
2.618615142860965417e+00 1.163259725420473814e+02
-7.495844734273568122e+00 1.164928561830838305e+02
1.223023593112033467e+02 6.318011797605117863e+01
5.991457847689088823e+01 9.281885712980707126e+01
1.186046462246017370e+02 1.177119008361765111e+02
5.688004029671395045e+01 9.486652315601843100e+01
-6.318008872301900425e+01 6.534179517520888680e+01
-6.729858217906497941e+01 6.406281854821389743e+01
1.670090923145805561e+02 6.258147627053494944e+01
-1.296938688444265324e+02 1.539485979270268103e+02
-6.262383617758181487e+01 1.106291423485883598e+02
7.243629064791629446e+01 2.839037184203453279e+01
-5.926334092762289885e+01 1.155000343960393820e+02
1.777172078306440142e+02 6.220431009284643409e+01
-6.035485333211330783e+01 1.164392475158387441e+02
1.262221683771940377e+02 1.123462638060517662e+02
-1.200350042202644829e+02 8.716973415272616421e+01
1.161898557027650440e+02 1.136060871775259642e+02
1.176676319152489185e+02 1.157049273348376204e+02
6.926270397663360257e+01 3.619991081311115977e+01
1.172553200862136435e+02 6.920914413098410023e+01
-1.347311887000510637e+02 1.576724124078735372e+02
-1.065348411724915962e+02 1.529665350966884318e+02
-6.151870858208111770e+01 6.913074315072022102e+01
-5.971824840506386778e+01 1.165054312412052155e+02
6.899052833545406216e+00 1.161955054447865621e+02
1.440756069294873098e+00 1.181465977334296298e+02
1.746603172270815207e+02 1.047636475211381395e+02
-5.856226151126316637e+01 1.165272690558393549e+02
-1.200282051654554891e+02 8.709346051736899597e+01
-5.613178912933310016e+01 7.640624439535628198e+01
-6.454099312544782663e+01 6.699489256581081520e+01
-6.028596507691764117e+01 6.823242917611169389e+01
1.155512904396674969e+02 1.130928801117833586e+02
-5.826456050462054037e+01 7.418185180474479523e+01
1.202525811341038491e+02 1.168887210981855702e+02
-6.297019947389588168e+01 1.112776211453791575e+02
-1.329730193109649008e+02 1.566961694463790025e+02
-1.075133806752160126e+02 1.536169900605807186e+02
-1.797049291106768862e+02 1.061106966154418814e+02
-5.541450480152636526e-01 1.181988517510983172e+02
-6.042330506223815689e+01 1.095007082626745074e+02
-5.766267617938643752e+01 1.176814551750211848e+02
-1.772363169221401051e+02 6.587764128785303797e+01
-1.200843839857548261e+02 8.721358112680771058e+01
-1.165019859014191610e+02 8.540405885095087513e+01
-5.485745568897333868e+01 7.319588751368063129e+01
-6.498346622262855021e+01 1.108482042448096934e+02
-6.418490390195140094e+01 6.476138253264267064e+01
-5.816105058313907961e+01 6.883925339514937036e+01
1.755480381206225502e+02 1.172405466831698817e+02
5.997926316039603734e+01 9.262122938330220734e+01
-6.108507907681633498e+01 6.620710337927562250e+01
1.155297024907699921e+02 5.315905164817110062e+01
6.217094212899872474e+01 1.530813165258230129e+02
1.774616071195326015e+02 6.835730277823898859e+01
1.169910959647278474e+02 1.182657189720878392e+02
5.702528276061421764e+01 9.159865375067111870e+01
1.127328052038285051e+02 6.567460602423061289e+01
1.157593295146471490e+02 6.927565923638441348e+01
-6.384169939662812254e+01 1.117482549950651531e+02
5.243138399143641948e+01 2.322612826778978246e+01
-6.326191723203204020e+01 6.869307898115255284e+01
1.201325884959418033e+02 6.386668150161555246e+01
1.198466352449184029e+02 7.121131575980395212e+01
2.475168385504727731e+00 1.188985294141401425e+02
1.225544450214295011e+02 6.417950972180589986e+01
-1.205825786997045697e+02 8.740322790622586524e+01
5.902736514337677676e+01 3.052623246755793929e+01
-1.219149319208380149e+02 8.876773320400272382e+01
-6.326493247729445812e+01 6.407384878924266047e+01
1.174405869984005193e+02 1.125945124370491470e+02
1.221673346280934425e+02 1.190952704161528715e+02
-1.101228435907197110e+02 1.491455654951530505e+02
-5.847453098773659974e+01 7.038233658665501480e+01
-6.341321840081022998e+01 7.080747747416890547e+01
-5.992069717470589296e+01 6.635430934978884920e+01
-1.184429421309317547e+02 7.465823513224044916e+01
-6.609953168521082034e+01 1.136545029635828428e+02
-5.069403341936704166e+00 7.302506306194477759e+01
-6.386900523570888311e+01 1.110752555812997855e+02
-6.749312950833861180e+01 6.475364046541861285e+01
-6.373379418809125951e+01 6.153365394523292053e+01
-6.263726393718418706e+01 6.712111144654144823e+01
-1.166787526960186625e+02 8.550538480320889789e+01
1.106908679607239350e+02 6.980297133422696731e+01
-5.730421561039825207e+01 1.142942873719147627e+02
-6.470255450427376331e+01 1.128733466487566943e+02
-7.753057889721201024e-01 1.199122070308424952e+02
-1.170052977438246842e+02 8.943750529783396530e+01
6.867582341059464568e+01 1.003050506115989862e+02
-1.791253141953076522e+02 6.209795865069071397e+01
1.138533072479952324e+02 7.120094804543929001e+01
-1.242728490832048180e+02 2.719599824649796105e+01
-1.218185887014117412e+02 8.392452156207836822e+01
-1.207611006558575895e+02 8.752915234080919049e+01
1.132804753597483369e+02 1.166371723968788672e+02
-6.961223644745582817e+01 6.197993398627322392e+01
-6.404421143950149542e+01 6.543716936647339821e+01
1.783472811101945013e+02 1.176534379637030980e+02
-5.749261346366646563e+01 6.297603346610173958e+01
-6.295528572424480984e+01 6.939193085266003891e+01
1.199752353425733276e+02 1.139407167000719028e+02
1.174645461276827518e+02 1.179558594310770729e+02
1.599011781939009893e+02 5.918940875595192352e+01
-1.172553361167512946e+02 8.053676764944954414e+01
1.154945732333215034e+02 6.857515057511432133e+01
-5.032458760805487152e+00 1.273413970191636224e+02
-3.201250179556699216e+00 1.239104793012046741e+02
-6.511496317937573508e+01 6.337012030778421945e+01
1.159702587256734319e+02 1.156970484986018306e+02
1.176975270639403135e+02 6.422714139212540374e+01
-1.790086486812693067e+02 6.179313604056117271e+01
3.320491373119460832e+01 5.268173192056949716e+01
-1.232649678053094675e+02 2.615452816535715641e+01
-1.216484800471173600e+02 8.911992739662788665e+01
-1.207628661673151669e+02 8.713056035917682607e+01
1.138968117231511314e+02 1.155841872264609123e+02
-9.243386697139001740e+00 5.630562890541727228e+01
1.100167430876022223e+02 1.177900005571157180e+02
1.760339412259205858e+02 1.162797676469330526e+02
7.444325747404020888e+01 3.127417469272804951e+01
1.129829901941937464e+02 1.180109164888851865e+02
-9.039950262107669943e+00 6.093014232833476740e+01
1.203495264401051656e+02 1.147085293662904775e+02
-1.175362358297549292e+02 1.537109169737510683e+02
1.157801683714602490e+02 1.169887795119985867e+02
-8.907595680587580489e+01 1.473743100929961258e+02
-7.167682090639912929e+01 6.394224250542747257e+01
1.766987850045116772e+02 6.506557523076455141e+01
1.197974342239596126e+02 1.154186894304666424e+02
1.706984605865367257e+02 6.157916615625683221e+01
-6.461947956681527216e+01 6.952382674880755076e+01
1.190762406564921889e+02 1.091689903740766141e+02
-1.213088837725496489e+02 8.290817977136063632e+01
-5.941326876308855276e+01 1.127738240609104423e+02
-6.205950798518426126e+01 1.146413007552795875e+02
1.145250257853971618e+02 1.144309165108558517e+02
1.172553370169646598e+02 1.135265321001710959e+02
1.751609513129670290e+02 5.570203783591595936e+01
-5.422565191370259186e+01 7.244218275102666382e+01
1.108086144665770547e+02 6.859201398722031229e+01
1.159681179352702003e+02 6.199253571188857848e+01
-1.207556401701669841e+02 8.693630094351449600e+01
1.161146493092936254e+02 1.159649109263082067e+02
-6.909303835368528723e+01 5.830534567615207209e+01
3.996151846399330632e-01 6.438227498265926840e+01
-2.810066878512746058e+00 6.160620087520488397e+01
1.702422485107153705e+02 1.156613164183641089e+02
1.754367780530934624e+02 1.214723819924634398e+02
1.154338436789998639e+02 1.166082597148027560e+02
-1.144337427347581269e+02 1.567414648420190133e+02
-1.227661451872215679e+02 9.499113057887058176e+01
1.775826085146958349e+02 1.114443936333513250e+02
1.735294016040767815e+02 6.370608622400374799e+01
1.086178881480061733e+02 1.178551579889516319e+02
-6.064312114640286211e+01 6.599754373581356504e+01
-6.264185079532897049e+01 6.811207151732007503e+01
-1.164879005654938169e+02 8.773854363868670703e+01
1.704443251355704945e+02 6.903228425651164457e+01
5.908403868302277573e+01 9.835105195170228853e+01
7.785895792317620590e+01 1.595768704623634733e+02
-6.514752128589724123e+01 1.132273823015871557e+02
1.131847065126222986e+02 7.010859718404243779e+01
-8.956907272011701338e+00 1.147873543375499992e+02
1.213827061678776573e+02 1.097601192101311796e+02
1.769009754222461197e+02 5.494715937374157733e+01
-1.165244734537530036e+02 8.425765531037630751e+01
1.157998679440772207e+02 6.340710352492224189e+01
1.173430665859046940e+02 6.408240029076362987e+01
5.492176195054140209e+01 9.222054672216951587e+01
5.951057711863489885e+01 9.324701033198240907e+01
1.154675766371640009e+02 1.170876550083152239e+02
7.007958771729546754e+01 1.781120348376952123e+01
1.790701022604697812e+02 1.162363375929693206e+02
-1.213433278530619646e+02 8.593765332055733097e+01
-6.368406546858433614e+01 6.365579019576497899e+01
1.716416351537158960e+02 6.331738862776895616e+01
-6.803637352241763381e+01 5.903441538008318190e+01
1.106559644497436636e+02 1.162142483380888365e+02
1.244367215673172211e+02 1.118531949687525469e+02
1.763928554338673109e+02 1.109398493529037779e+02
-7.097047046184691510e+01 6.040054476514850990e+01
-6.074769100222322038e+01 6.509196364723261752e+01
1.726348321312149778e+02 7.005956972620454337e+01
-6.264711724334166831e+01 6.734601860011323993e+01
-8.553286013487185357e+01 2.057661300794618953e+01
-1.501598494762795610e+01 1.197286145035559457e+02
-6.785484267138811276e+01 1.069536257409484108e+02
1.245815558338409943e+02 1.129866094496376689e+02
1.156246959603482196e+02 6.607405616788517477e+01
-1.790152228465203166e+02 1.255938961774978679e+02
1.221569997474801568e+02 6.831228261680141145e+01
5.961927362895691118e+01 9.335426218715461744e+01
1.149157723430896567e+02 1.153768381944656767e+02
1.113573418926036851e+02 1.177451896044074573e+02
-1.792499968442245120e+02 1.183912482612319934e+02
-9.996449139958950292e-02 6.175578841641733163e+01
1.201745838561665778e+02 1.147819207018445837e+02
1.765769255574739702e+02 1.215589037728435216e+02
8.176437641250252852e+01 1.585069226701905905e+02
-6.424240329157792928e+01 6.319341241927590147e+01
-6.082175056924847212e+01 6.485219747252502032e+01
-7.437711526667865058e+00 1.102519160903740811e+02
1.165650511770779900e+02 1.112499540361135075e+02
-1.087179616770275992e+01 1.212806993278235836e+02
-8.589863860755421854e+00 1.122378793997531545e+02
8.947430179257611371e+01 1.605834437247648339e+02
6.265158544061835499e+01 1.004171594700278263e+02
1.756176491667466735e+02 6.295417008863997665e+01
1.117893882098119747e+02 6.897024577061462480e+01
-1.360196196988559620e+02 7.939868916955161637e+01
-5.488335665829188059e+01 6.868866296705789409e+01
1.197175730181615165e+02 1.111295523092758089e+02
-6.493335725064679309e+01 1.162581841565081362e+02
-9.576907288719733735e-01 1.190236268237756576e+02
-6.870475322500482207e+01 1.102387035823870036e+02
-1.204417016479183644e+02 8.668276118482759784e+01
3.748985377788458351e+01 3.067145287051541658e+01
1.151784439896970582e+02 1.168530394328376190e+02
1.176179147664621922e+02 1.173867876094234362e+02
-1.758894189216837560e+02 1.177220307437022342e+02
-1.791006936540385936e+02 1.197076651337546593e+02
1.099812302848577446e+02 1.157939811039687328e+02
1.192136377489647003e+02 1.143944979750598208e+02
1.717851907568372667e+02 6.776277003726445969e+01
5.733704751679250222e+01 9.050381417531198736e+01
1.181903988702627402e+02 1.107115256889902355e+02
5.896683779279248228e+01 9.389718334327933746e+01
-1.016299933773207265e+01 1.154414119666040079e+02
9.571059018980074029e+01 1.616362628853567287e+02
1.748127548437347798e+02 6.180851531070830163e+01
1.222516778845766794e+01 1.713523635162239884e+02
-1.178484004782927457e+02 7.977026664912685305e+01
4.275180256777931476e+01 9.780951761816066892e+01
1.115277598006430395e+02 6.775727344555041043e+01
1.384692601478050449e+02 6.348755079615308006e+01
-6.113181634926497310e+01 6.695474305169099694e+01
1.232761388174063342e+02 1.132489979066494215e+02
-6.780047361445576826e+01 6.109683161765004655e+01
-1.020168056016792724e+00 1.231873800958644694e+02
-6.824000998833591325e+01 1.123613802037146172e+02
-6.693621527945397531e+01 1.190116691803797124e+02
-1.018941833945645081e+00 1.167343806539851272e+02
-6.278831281444046652e+01 1.142014264889967023e+02
-1.203427621530216243e+02 8.642191587870846092e+01
-1.291963950095245650e+02 1.501203717790476162e+02
-1.299144830322164239e+02 1.506878956863867813e+02
-7.059855888864107953e+01 6.444516835310687952e+01
-6.539886382892319716e+01 6.272218631093310393e+01
-1.793370258032981042e+02 1.210404693914151721e+02
-8.635002130128672349e+00 1.203638942603652708e+02
1.172850159305562983e+02 1.180088891182730748e+02
1.197665772065977450e+02 1.133370947736393362e+02
1.765347588545795361e+02 1.131427426223432064e+02
1.223176245312666595e+02 1.179212020555844873e+02
1.190938075255399440e+02 1.147607539003377894e+02
1.719921705032070633e+02 6.774699129564983480e+01
5.659322168267036801e+01 8.954006090849684085e+01
-6.731766465807940847e+01 1.030599009731733702e+02
5.488208666573504502e+01 9.714219919411068815e+01
1.178341623043203725e+02 1.112714920906750393e+02
-7.036738582568365707e+00 1.160465079524343963e+02
1.754093029001150228e+02 6.099666310310345807e+01
-1.224785618328865837e+02 8.429859289728140936e+01
-9.693211877213343541e+01 1.469230861053193671e+01
-1.255293299543713772e+02 2.470806354610234834e+01
1.204808584190849103e+02 6.350493772788606606e+01
4.531172572506196161e+01 9.662702132319489579e+01
5.601764000356165241e+01 9.886257912344701992e+01
1.271342646694046721e+02 1.138012599282288733e+02
-1.336568027546824453e+02 1.567088517426116425e+02
-8.263887883123368638e+00 1.226620665827172161e+02
-7.424881884223468376e+01 1.797473927152488216e+01
-6.625623549121893063e+01 1.181099816521781918e+02
-1.865314157345419888e-01 1.196954100851289837e+02
1.121419757385218077e+02 6.712564788979599939e+01
1.103222900086536242e+02 6.860397538644174631e+01
5.974564180111187994e+01 9.359076871819219434e+01
-1.318420522860064921e+02 1.521661251096751357e+02
-5.687503746286633088e+01 1.042038388609886255e+02
-1.307190453047852543e+02 1.432371568211577824e+02
-1.398861883312648615e+02 1.464350691354831326e+02
-1.113913234348849528e+02 1.734420245063754749e+02
1.139575149219860464e+02 1.161415840009791225e+02
-7.026500205049281078e+01 6.445848930612831396e+01
-1.790523757705633159e+02 1.181671549770954499e+02
-1.391009782297163042e+02 1.533495866679133997e+02
5.500424135699769579e+01 9.564872296365894044e+01
1.792215648619774697e+02 1.206398171773909667e+02
1.175692232086783093e+02 1.167586373864847786e+02
-6.031570730543887038e+01 6.743540751758750673e+01
-2.431520060878294753e+00 1.223559545252452239e+02
1.758574300006810347e+02 1.121543881119321071e+02
1.204031128908782335e+02 1.122835604728342673e+02
-6.073554126251103469e+01 6.505101701307224005e+01
1.735118713274098070e+02 6.685390278728984015e+01
1.748174923405923664e+02 6.285906321976568734e+01
1.118557934566285752e+02 6.996789838039401843e+01
-1.215941289221145070e+02 8.330412929706743341e+01
1.162490935278516986e+02 7.158539575551212408e+01
5.905286365854653496e+01 9.742117267930969149e+01
5.324943593194939240e+01 1.570443212851616295e+02
-1.158587824295877908e+02 8.976775828813514124e+01
1.241764597061445130e+02 6.821330273703287617e+01
1.173922103671341262e+02 1.135549784871980989e+02
4.821379938270146681e+01 2.398453958344205361e+01
1.107985179245994516e+02 6.038966715520973594e+01
-1.120346295309706086e+00 1.185294018100498619e+02
1.112069995606635189e+02 6.727117324659191411e+01
1.338194514907770971e+00 1.137557930166610163e+02
