# freq power
0.000000000000000000e+00 2.583318921365564509e-25
1.000000000000000000e+00 5.592294329865025356e+05
2.000000000000000000e+00 1.846581825237850135e+05
3.000000000000000000e+00 9.849749986146512674e+04
4.000000000000000000e+00 6.428026303131599707e+04
5.000000000000000000e+00 4.443999432277404412e+04
6.000000000000000000e+00 2.559183013171251514e+04
7.000000000000000000e+00 2.142775747525398401e+04
8.000000000000000000e+00 1.324336952099038717e+04
9.000000000000000000e+00 1.031643839837442647e+04
1.000000000000000000e+01 8.876586237245150187e+03
1.100000000000000000e+01 9.721440798780209661e+03
1.200000000000000000e+01 7.451074218145850864e+03
1.300000000000000000e+01 6.987328978724403896e+03
1.400000000000000000e+01 3.877765781252896431e+03
1.500000000000000000e+01 4.465079350824565154e+03
1.600000000000000000e+01 3.194698405855251167e+03
1.700000000000000000e+01 2.918784872903148425e+03
1.800000000000000000e+01 3.846488547362128429e+03
1.900000000000000000e+01 2.831719945842516154e+03
2.000000000000000000e+01 2.145977495995250138e+03
2.100000000000000000e+01 1.618560514727951841e+03
2.200000000000000000e+01 1.819248770803192883e+03
2.300000000000000000e+01 2.231701089157710157e+03
2.400000000000000000e+01 1.102132956055716704e+03
2.500000000000000000e+01 1.456826351191486765e+03
2.600000000000000000e+01 1.012390183934370725e+03
2.700000000000000000e+01 8.345408258236710708e+02
2.800000000000000000e+01 1.062758655928794269e+03
2.900000000000000000e+01 1.124680015122312170e+03
3.000000000000000000e+01 9.212181359296861274e+02
3.100000000000000000e+01 1.018428244989550649e+03
3.200000000000000000e+01 7.631192319718076078e+02
3.300000000000000000e+01 1.021786825124433676e+03
3.400000000000000000e+01 6.143105254867585927e+02
3.500000000000000000e+01 7.250437323734291795e+02
3.600000000000000000e+01 1.322957903367047948e+03
3.700000000000000000e+01 8.327603151689137349e+02
3.800000000000000000e+01 5.092963372972245679e+02
3.900000000000000000e+01 6.271155854346374099e+02
4.000000000000000000e+01 5.158371305543294056e+02
4.100000000000000000e+01 7.303979751759877672e+02
4.200000000000000000e+01 8.614163556090243219e+02
4.300000000000000000e+01 5.468538705493627958e+02
4.400000000000000000e+01 3.916365135775579347e+02
4.500000000000000000e+01 4.436851256191026778e+02
4.600000000000000000e+01 2.763331885567092172e+02
4.700000000000000000e+01 5.242610032694209394e+02
4.800000000000000000e+01 2.488706952857256738e+02
4.900000000000000000e+01 3.314472179077038163e+02
5.000000000000000000e+01 2.982324022498164027e+02
5.100000000000000000e+01 2.329580215410973949e+02
5.200000000000000000e+01 5.067158706293798787e+02
5.300000000000000000e+01 2.829998817182697621e+02
5.400000000000000000e+01 2.630806099512951732e+02
5.500000000000000000e+01 4.402296806189460767e+02
5.600000000000000000e+01 3.910952572010643280e+02
5.700000000000000000e+01 3.644695727538440906e+02
5.800000000000000000e+01 3.348688558873894294e+02
5.900000000000000000e+01 2.429078265959214207e+02
6.000000000000000000e+01 3.350240180934962950e+02
6.100000000000000000e+01 2.020525212941784901e+02
6.200000000000000000e+01 2.201243675814168625e+02
6.300000000000000000e+01 3.227699773731054051e+02
6.400000000000000000e+01 2.159422472774325286e+02
6.500000000000000000e+01 2.528742199631036556e+02
6.600000000000000000e+01 2.973626952540856792e+02
6.700000000000000000e+01 2.564804810781189985e+02
6.800000000000000000e+01 2.845400051473614553e+02
6.900000000000000000e+01 1.480569511617536023e+02
7.000000000000000000e+01 2.218088662816509213e+02
7.100000000000000000e+01 1.658477450542619920e+02
7.200000000000000000e+01 2.854434999641289892e+02
7.300000000000000000e+01 1.899141145973308653e+02
7.400000000000000000e+01 9.890285601205340527e+01
7.500000000000000000e+01 1.772266018069362303e+02
7.600000000000000000e+01 1.669450435072878065e+02
7.700000000000000000e+01 1.511282944435152160e+02
7.800000000000000000e+01 1.351705480805623836e+02
7.900000000000000000e+01 1.498710470759216946e+02
8.000000000000000000e+01 1.719453893747761413e+02
8.100000000000000000e+01 1.676973932853859424e+02
8.200000000000000000e+01 1.291182133754459187e+02
8.300000000000000000e+01 1.016318659339955843e+02
8.400000000000000000e+01 2.428991133658322497e+02
8.500000000000000000e+01 1.865058984267000426e+02
8.600000000000000000e+01 1.255697126567535236e+02
8.700000000000000000e+01 1.453403232594247072e+02
8.800000000000000000e+01 1.762576772001265510e+02
8.900000000000000000e+01 1.873572244540698932e+02
9.000000000000000000e+01 1.420117627401943423e+02
9.100000000000000000e+01 1.424602765039294638e+02
9.200000000000000000e+01 8.345300670571837998e+01
9.300000000000000000e+01 6.787058170932743906e+01
9.400000000000000000e+01 1.108232101588450575e+02
9.500000000000000000e+01 9.121979756239915105e+01
9.600000000000000000e+01 1.144702836451918273e+02
9.700000000000000000e+01 9.235758111094040146e+01
9.800000000000000000e+01 6.940850366025030382e+01
9.900000000000000000e+01 1.074787990690570041e+02
1.000000000000000000e+02 1.059389719010948596e+02
1.010000000000000000e+02 9.090299256296924568e+01
1.020000000000000000e+02 1.054947123549408730e+02
1.030000000000000000e+02 6.133886130007404347e+01
1.040000000000000000e+02 9.622089769344358956e+01
1.050000000000000000e+02 8.326751733512017495e+01
1.060000000000000000e+02 7.867175809270035813e+01
1.070000000000000000e+02 8.458241625477097614e+01
1.080000000000000000e+02 1.098127174161801349e+02
1.090000000000000000e+02 1.060911119145023349e+02
1.100000000000000000e+02 5.749365546146534456e+01
1.110000000000000000e+02 7.428588494095805572e+01
1.120000000000000000e+02 6.576869122989232608e+01
1.130000000000000000e+02 4.956998607502698917e+01
1.140000000000000000e+02 5.541097194883598576e+01
1.150000000000000000e+02 9.997079643299828433e+01
1.160000000000000000e+02 8.260194702278448631e+01
1.170000000000000000e+02 8.923044510805164009e+01
1.180000000000000000e+02 6.848159768815020243e+01
1.190000000000000000e+02 5.186603402349980740e+01
1.200000000000000000e+02 7.626916843484335118e+01
1.210000000000000000e+02 7.165020994297307766e+01
1.220000000000000000e+02 8.875353466950934944e+01
1.230000000000000000e+02 5.252158252975551278e+01
1.240000000000000000e+02 8.353368794459450442e+01
1.250000000000000000e+02 7.604255224619434728e+01
1.260000000000000000e+02 7.135996631951330471e+01
1.270000000000000000e+02 4.930058422662879281e+01
1.280000000000000000e+02 5.816569584021456052e+01
1.290000000000000000e+02 7.770722158187891182e+01
1.300000000000000000e+02 7.195541825497187460e+01
1.310000000000000000e+02 5.566166463525934205e+01
1.320000000000000000e+02 6.492186738913456168e+01
1.330000000000000000e+02 5.396151749452489810e+01
1.340000000000000000e+02 5.348821359991710267e+01
1.350000000000000000e+02 5.878224679565836652e+01
1.360000000000000000e+02 6.732495115664683283e+01
1.370000000000000000e+02 5.814347774972619476e+01
1.380000000000000000e+02 4.392913741636960623e+01
1.390000000000000000e+02 8.019326782189077107e+01
1.400000000000000000e+02 6.201658094671381605e+01
1.410000000000000000e+02 5.889821512442328100e+01
1.420000000000000000e+02 5.658690647151022546e+01
1.430000000000000000e+02 4.672237752563296453e+01
1.440000000000000000e+02 4.930740110315847602e+01
1.450000000000000000e+02 5.194081540269716868e+01
1.460000000000000000e+02 4.399956137062236650e+01
1.470000000000000000e+02 4.707555747388523315e+01
1.480000000000000000e+02 5.163153399999848858e+01
1.490000000000000000e+02 4.558028593533262551e+01
1.500000000000000000e+02 5.296143554882652182e+01
1.510000000000000000e+02 4.622285273996408250e+01
1.520000000000000000e+02 4.853657227822390041e+01
1.530000000000000000e+02 5.009354067602146898e+01
1.540000000000000000e+02 4.606272387601310925e+01
1.550000000000000000e+02 4.949309588171990271e+01
1.560000000000000000e+02 3.820290503537300708e+01
1.570000000000000000e+02 4.401023231517726231e+01
1.580000000000000000e+02 2.635894554768811560e+01
1.590000000000000000e+02 3.454248414301738279e+01
1.600000000000000000e+02 3.557031659948161462e+01
1.610000000000000000e+02 3.912121254644016233e+01
1.620000000000000000e+02 3.801308790099323431e+01
1.630000000000000000e+02 4.302285406257916378e+01
1.640000000000000000e+02 3.178297807544718623e+01
1.650000000000000000e+02 4.404865446328305723e+01
1.660000000000000000e+02 3.960080902350027543e+01
1.670000000000000000e+02 4.234381362150723760e+01
1.680000000000000000e+02 2.850594401719108717e+01
1.690000000000000000e+02 3.227815952005462208e+01
1.700000000000000000e+02 3.734701959202660504e+01
1.710000000000000000e+02 3.591959296057993356e+01
1.720000000000000000e+02 3.350771618304946031e+01
1.730000000000000000e+02 3.403108630785058608e+01
1.740000000000000000e+02 3.995531610880347273e+01
1.750000000000000000e+02 2.846805082250049068e+01
1.760000000000000000e+02 2.981770441053608067e+01
1.770000000000000000e+02 3.562632403898507505e+01
1.780000000000000000e+02 2.936666305709215052e+01
1.790000000000000000e+02 2.989665994341568478e+01
1.800000000000000000e+02 2.993065800636141560e+01
1.810000000000000000e+02 3.383042924550336750e+01
1.820000000000000000e+02 3.067124757228373966e+01
1.830000000000000000e+02 2.713619222111750062e+01
1.840000000000000000e+02 2.614180932670925372e+01
1.850000000000000000e+02 2.860739036463118268e+01
1.860000000000000000e+02 2.798581826585280652e+01
1.870000000000000000e+02 3.021847653854734261e+01
1.880000000000000000e+02 3.234186304001362089e+01
1.890000000000000000e+02 2.142980726756543675e+01
1.900000000000000000e+02 2.836516700536341773e+01
1.910000000000000000e+02 2.301315219439680249e+01
1.920000000000000000e+02 2.973497265020336044e+01
1.930000000000000000e+02 2.333577277608542389e+01
1.940000000000000000e+02 3.349453382695072889e+01
1.950000000000000000e+02 3.116113905612609969e+01
1.960000000000000000e+02 2.786192750062862089e+01
1.970000000000000000e+02 2.736535394507746588e+01
1.980000000000000000e+02 2.732744183782013891e+01
1.990000000000000000e+02 2.706746767728431280e+01
2.000000000000000000e+02 2.701411925992299956e+01
2.010000000000000000e+02 2.718102965569758922e+01
2.020000000000000000e+02 2.347744330215456898e+01
2.030000000000000000e+02 2.823078047292002779e+01
2.040000000000000000e+02 2.474760658086351839e+01
2.050000000000000000e+02 2.281518241149045068e+01
2.060000000000000000e+02 2.380094422492467388e+01
2.070000000000000000e+02 2.175503797980155696e+01
2.080000000000000000e+02 2.314765263270344064e+01
2.090000000000000000e+02 2.531970318390873942e+01
2.100000000000000000e+02 1.986597144959851846e+01
2.110000000000000000e+02 2.278571495066365671e+01
2.120000000000000000e+02 2.577541200756481743e+01
2.130000000000000000e+02 2.433207668042754790e+01
2.140000000000000000e+02 2.412837559884954430e+01
2.150000000000000000e+02 2.086880364485914541e+01
2.160000000000000000e+02 2.500789992504897086e+01
2.170000000000000000e+02 1.977707408168317471e+01
2.180000000000000000e+02 2.527517252889189336e+01
2.190000000000000000e+02 2.134311598475931149e+01
2.200000000000000000e+02 2.305542440258513182e+01
2.210000000000000000e+02 2.486972714545217400e+01
2.220000000000000000e+02 2.278028951840002136e+01
2.230000000000000000e+02 2.090724380722756592e+01
2.240000000000000000e+02 1.869034031629423254e+01
2.250000000000000000e+02 2.173345100961590504e+01
2.260000000000000000e+02 1.653008940116232495e+01
2.270000000000000000e+02 2.176728117954239039e+01
2.280000000000000000e+02 1.794294273201330370e+01
2.290000000000000000e+02 2.267276058750026380e+01
2.300000000000000000e+02 1.834052133314461486e+01
2.310000000000000000e+02 1.884032321511902808e+01
2.320000000000000000e+02 2.102805849456591858e+01
2.330000000000000000e+02 2.011498110016488639e+01
2.340000000000000000e+02 1.610085457373540763e+01
2.350000000000000000e+02 2.071759454486431196e+01
2.360000000000000000e+02 2.022550228093367508e+01
2.370000000000000000e+02 1.895146559250643747e+01
2.380000000000000000e+02 1.860000706448133911e+01
2.390000000000000000e+02 1.849475149089997217e+01
2.400000000000000000e+02 1.944299332664592939e+01
2.410000000000000000e+02 1.648417598818743102e+01
2.420000000000000000e+02 1.782896320537659207e+01
2.430000000000000000e+02 1.749646405208967082e+01
2.440000000000000000e+02 2.039096970891036520e+01
2.450000000000000000e+02 1.483196509275378183e+01
2.460000000000000000e+02 1.700625648941684176e+01
2.470000000000000000e+02 1.840411323390857135e+01
2.480000000000000000e+02 1.690145023091984555e+01
2.490000000000000000e+02 1.619331477958409948e+01
2.500000000000000000e+02 1.632427587204950115e+01
2.510000000000000000e+02 1.649835893574042700e+01
2.520000000000000000e+02 1.822876150189046385e+01
2.530000000000000000e+02 1.700241975101720371e+01
2.540000000000000000e+02 1.668802716668364283e+01
2.550000000000000000e+02 1.599027153087549280e+01
2.560000000000000000e+02 1.600624270299032759e+01
2.570000000000000000e+02 1.629291207437162470e+01
2.580000000000000000e+02 1.573766706611376520e+01
2.590000000000000000e+02 1.771183300656737813e+01
2.600000000000000000e+02 1.472069087987792280e+01
2.610000000000000000e+02 1.548325658572101560e+01
2.620000000000000000e+02 1.496213761285909882e+01
2.630000000000000000e+02 1.589717269878515893e+01
2.640000000000000000e+02 1.485698491141246258e+01
2.650000000000000000e+02 1.417514614324374023e+01
2.660000000000000000e+02 1.323120015226053070e+01
2.670000000000000000e+02 1.538010957821908420e+01
2.680000000000000000e+02 1.614045577320535330e+01
2.690000000000000000e+02 1.602595020669900094e+01
2.700000000000000000e+02 1.481019145459750774e+01
2.710000000000000000e+02 1.484335344547779556e+01
2.720000000000000000e+02 1.387877397627642040e+01
2.730000000000000000e+02 1.448848041804294162e+01
2.740000000000000000e+02 1.422379688414186205e+01
2.750000000000000000e+02 1.426191882321922932e+01
2.760000000000000000e+02 1.394915883398644674e+01
2.770000000000000000e+02 1.442321910655056172e+01
2.780000000000000000e+02 1.417844691700407722e+01
2.790000000000000000e+02 1.330123365055603735e+01
2.800000000000000000e+02 1.446654368839873861e+01
2.810000000000000000e+02 1.271398145114235589e+01
2.820000000000000000e+02 1.379425417704818635e+01
2.830000000000000000e+02 1.395429490572634101e+01
2.840000000000000000e+02 1.262355533762883830e+01
2.850000000000000000e+02 1.289633201145311503e+01
2.860000000000000000e+02 1.377854562250828963e+01
2.870000000000000000e+02 1.268910391841305163e+01
2.880000000000000000e+02 1.279682969425299355e+01
2.890000000000000000e+02 1.374014729389733525e+01
2.900000000000000000e+02 1.231198667346275499e+01
2.910000000000000000e+02 1.273229355906836702e+01
2.920000000000000000e+02 1.237858660827551205e+01
2.930000000000000000e+02 1.269299914140702512e+01
2.940000000000000000e+02 1.327755183516753057e+01
2.950000000000000000e+02 1.255881094681917354e+01
2.960000000000000000e+02 1.281491322114545639e+01
2.970000000000000000e+02 1.268518057314762615e+01
2.980000000000000000e+02 1.456071692075244783e+01
2.990000000000000000e+02 1.205252317426528386e+01
3.000000000000000000e+02 1.079163254358825341e+01
3.010000000000000000e+02 1.256389862217730879e+01
3.020000000000000000e+02 1.208176346494554032e+01
3.030000000000000000e+02 1.211600769846642045e+01
3.040000000000000000e+02 1.163603330052358942e+01
3.050000000000000000e+02 1.268690010590632511e+01
3.060000000000000000e+02 1.126612296798355928e+01
3.070000000000000000e+02 1.190716566627203044e+01
3.080000000000000000e+02 1.093327317073326377e+01
3.090000000000000000e+02 1.146966217636685315e+01
3.100000000000000000e+02 1.144802660571431474e+01
3.110000000000000000e+02 1.113790197394791903e+01
3.120000000000000000e+02 1.097162685109149649e+01
3.130000000000000000e+02 1.037438046458967378e+01
3.140000000000000000e+02 1.192763150762164948e+01
3.150000000000000000e+02 1.142084647561379818e+01
3.160000000000000000e+02 1.178949303067907906e+01
3.170000000000000000e+02 1.086292542410369144e+01
3.180000000000000000e+02 1.135701743346985815e+01
3.190000000000000000e+02 1.015489238542224903e+01
3.200000000000000000e+02 1.087173809731049623e+01
3.210000000000000000e+02 1.140794924678546352e+01
3.220000000000000000e+02 1.153083611249547857e+01
3.230000000000000000e+02 1.075418413034337028e+01
3.240000000000000000e+02 1.102632101013369592e+01
3.250000000000000000e+02 1.087184869554547362e+01
3.260000000000000000e+02 1.136016025014640007e+01
3.270000000000000000e+02 1.089683554624848405e+01
3.280000000000000000e+02 1.027899308853321436e+01
3.290000000000000000e+02 1.017511889392499214e+01
3.300000000000000000e+02 1.042710785476991298e+01
3.310000000000000000e+02 1.068367500812187920e+01
3.320000000000000000e+02 1.001268603820256153e+01
3.330000000000000000e+02 1.060301179719309950e+01
3.340000000000000000e+02 9.865297440506783033e+00
3.350000000000000000e+02 1.007819678769686789e+01
3.360000000000000000e+02 1.040671840693149441e+01
3.370000000000000000e+02 9.910894070216391682e+00
3.380000000000000000e+02 1.045305404934161153e+01
3.390000000000000000e+02 1.012064478702000869e+01
3.400000000000000000e+02 1.037300733498484462e+01
3.410000000000000000e+02 9.758750100685338325e+00
3.420000000000000000e+02 9.410102641820248692e+00
3.430000000000000000e+02 9.445190876443053440e+00
3.440000000000000000e+02 1.017520498283297314e+01
3.450000000000000000e+02 9.320582417275355525e+00
3.460000000000000000e+02 9.766314227934172365e+00
3.470000000000000000e+02 9.597541190862759919e+00
3.480000000000000000e+02 9.681917568556379194e+00
3.490000000000000000e+02 9.631175085758229670e+00
3.500000000000000000e+02 9.715985153858314405e+00
3.510000000000000000e+02 9.223430103112612244e+00
3.520000000000000000e+02 9.055571363993221823e+00
3.530000000000000000e+02 9.647920800585159995e+00
3.540000000000000000e+02 9.169845233370935489e+00
3.550000000000000000e+02 8.826224001848466116e+00
3.560000000000000000e+02 9.119137050559514179e+00
3.570000000000000000e+02 9.221087385570653439e+00
3.580000000000000000e+02 8.995824587209193979e+00
3.590000000000000000e+02 9.079232416315285548e+00
3.600000000000000000e+02 9.039198273903808811e+00
3.610000000000000000e+02 8.777721534623069033e+00
3.620000000000000000e+02 9.104124638762339572e+00
3.630000000000000000e+02 8.699944422909046793e+00
3.640000000000000000e+02 9.096789157424320038e+00
3.650000000000000000e+02 8.467859846708572391e+00
3.660000000000000000e+02 8.757817881058107545e+00
3.670000000000000000e+02 8.859163770339350208e+00
3.680000000000000000e+02 8.632115025132332420e+00
3.690000000000000000e+02 8.646649642286890369e+00
3.700000000000000000e+02 8.361063277730760745e+00
3.710000000000000000e+02 8.506203722830878888e+00
3.720000000000000000e+02 8.574895307280405277e+00
3.730000000000000000e+02 7.935651591273201966e+00
3.740000000000000000e+02 8.444538180856831389e+00
3.750000000000000000e+02 8.897343016055581089e+00
3.760000000000000000e+02 8.327143133152185683e+00
3.770000000000000000e+02 8.239117646891292779e+00
3.780000000000000000e+02 8.351627993005362072e+00
3.790000000000000000e+02 8.334456425600219376e+00
3.800000000000000000e+02 8.440461769658607949e+00
3.810000000000000000e+02 8.468880724065469323e+00
3.820000000000000000e+02 8.012302913914002289e+00
3.830000000000000000e+02 8.058428484423583171e+00
3.840000000000000000e+02 8.616981905556876598e+00
3.850000000000000000e+02 8.443305474983841208e+00
3.860000000000000000e+02 7.747668424079583005e+00
3.870000000000000000e+02 7.869521947881471746e+00
3.880000000000000000e+02 8.047909703857961006e+00
3.890000000000000000e+02 7.768980199761038818e+00
3.900000000000000000e+02 8.013720249146198071e+00
3.910000000000000000e+02 7.876871640124933016e+00
3.920000000000000000e+02 7.719221450274894814e+00
3.930000000000000000e+02 7.734735383494929728e+00
3.940000000000000000e+02 7.841721591992471652e+00
3.950000000000000000e+02 8.089373724904151075e+00
3.960000000000000000e+02 8.226223535938522957e+00
3.970000000000000000e+02 7.727299025505501184e+00
3.980000000000000000e+02 7.629016254518573348e+00
3.990000000000000000e+02 7.703139568797571890e+00
4.000000000000000000e+02 7.743520525387747711e+00
4.010000000000000000e+02 7.627239960590069145e+00
4.020000000000000000e+02 7.308972411060485008e+00
4.030000000000000000e+02 7.768942581794094693e+00
4.040000000000000000e+02 7.238248460733768042e+00
4.050000000000000000e+02 7.455548558137546244e+00
4.060000000000000000e+02 7.607179024010051194e+00
4.070000000000000000e+02 7.248485005039619899e+00
4.080000000000000000e+02 7.296131559384114951e+00
4.090000000000000000e+02 7.287080801089671489e+00
4.100000000000000000e+02 7.252868058954422104e+00
4.110000000000000000e+02 7.123473803945224780e+00
4.120000000000000000e+02 7.294794843590799438e+00
4.130000000000000000e+02 7.703693714628721878e+00
4.140000000000000000e+02 7.168696709017018165e+00
4.150000000000000000e+02 7.312385158460251056e+00
4.160000000000000000e+02 7.277834704748804562e+00
4.170000000000000000e+02 7.607529110718400212e+00
4.180000000000000000e+02 6.902842083608806689e+00
4.190000000000000000e+02 7.321983321797956634e+00
4.200000000000000000e+02 7.269607169864513274e+00
4.210000000000000000e+02 6.750073649475865523e+00
4.220000000000000000e+02 7.278253448199006215e+00
4.230000000000000000e+02 7.137649261435096371e+00
4.240000000000000000e+02 6.950567116824613478e+00
4.250000000000000000e+02 7.009022081998786291e+00
4.260000000000000000e+02 6.985513707704580355e+00
4.270000000000000000e+02 7.040786037453458768e+00
4.280000000000000000e+02 7.294176767654552584e+00
4.290000000000000000e+02 6.834616772737929224e+00
4.300000000000000000e+02 6.797808413681105222e+00
4.310000000000000000e+02 6.528483445316050293e+00
4.320000000000000000e+02 6.918395210445972054e+00
4.330000000000000000e+02 6.601862761508014543e+00
4.340000000000000000e+02 6.731369665983488737e+00
4.350000000000000000e+02 7.146398330294420731e+00
4.360000000000000000e+02 6.843761164226672022e+00
4.370000000000000000e+02 6.717378959355452039e+00
4.380000000000000000e+02 6.684303830267331215e+00
4.390000000000000000e+02 6.933277109648264158e+00
4.400000000000000000e+02 6.686579339976523428e+00
4.410000000000000000e+02 6.808320627439480077e+00
4.420000000000000000e+02 6.509822442933019815e+00
4.430000000000000000e+02 6.754427999483732847e+00
4.440000000000000000e+02 6.624588203553908095e+00
4.450000000000000000e+02 6.694530087147938957e+00
4.460000000000000000e+02 6.751987521641477308e+00
4.470000000000000000e+02 6.488036871741750033e+00
4.480000000000000000e+02 6.545347138287149313e+00
4.490000000000000000e+02 6.795903465494292917e+00
4.500000000000000000e+02 6.178154797779246366e+00
4.510000000000000000e+02 6.311043377093487727e+00
4.520000000000000000e+02 6.517225906703195903e+00
4.530000000000000000e+02 6.383681090973714056e+00
4.540000000000000000e+02 6.438546631531745668e+00
4.550000000000000000e+02 6.361997234153764502e+00
4.560000000000000000e+02 6.586738592341975007e+00
4.570000000000000000e+02 6.418331020346635718e+00
4.580000000000000000e+02 6.168982265269499443e+00
4.590000000000000000e+02 6.283522133385797126e+00
4.600000000000000000e+02 6.155619840489666039e+00
4.610000000000000000e+02 6.223116497660608815e+00
4.620000000000000000e+02 6.253269819840396870e+00
4.630000000000000000e+02 6.250965384425861693e+00
4.640000000000000000e+02 5.918692349085672433e+00
4.650000000000000000e+02 6.251031377798830668e+00
4.660000000000000000e+02 6.205939207138021274e+00
4.670000000000000000e+02 6.079005518459059232e+00
4.680000000000000000e+02 6.052126335181597483e+00
4.690000000000000000e+02 6.117141902296998168e+00
4.700000000000000000e+02 5.880763568412572084e+00
4.710000000000000000e+02 6.159365782760303887e+00
4.720000000000000000e+02 6.077320269953551346e+00
4.730000000000000000e+02 6.045889360043237737e+00
4.740000000000000000e+02 6.128537583219907603e+00
4.750000000000000000e+02 6.138871990396909339e+00
4.760000000000000000e+02 5.869223104100867339e+00
4.770000000000000000e+02 6.022997868368503482e+00
4.780000000000000000e+02 5.969513899714440797e+00
4.790000000000000000e+02 5.867806434719553543e+00
4.800000000000000000e+02 5.709492680991462343e+00
4.810000000000000000e+02 6.065234608278021966e+00
4.820000000000000000e+02 5.919842247967314286e+00
4.830000000000000000e+02 5.852656645208210939e+00
4.840000000000000000e+02 6.075642514951264950e+00
4.850000000000000000e+02 5.673680660645089802e+00
4.860000000000000000e+02 5.754351965974233707e+00
4.870000000000000000e+02 6.059890579439849212e+00
4.880000000000000000e+02 5.843805452865134420e+00
4.890000000000000000e+02 5.818935906679049808e+00
4.900000000000000000e+02 5.829456611484798323e+00
4.910000000000000000e+02 5.744966294611015378e+00
4.920000000000000000e+02 5.660721960965917177e+00
4.930000000000000000e+02 5.743403518431074772e+00
4.940000000000000000e+02 5.649110786558587449e+00
4.950000000000000000e+02 5.696347252510419068e+00
4.960000000000000000e+02 5.874989256819368677e+00
4.970000000000000000e+02 5.653154956867829206e+00
4.980000000000000000e+02 5.803332911089959190e+00
4.990000000000000000e+02 5.698392292168817264e+00
5.000000000000000000e+02 5.631715251860939020e+00
5.010000000000000000e+02 5.717736274385289086e+00
5.020000000000000000e+02 5.424103911979925030e+00
5.030000000000000000e+02 5.533050602823554875e+00
5.040000000000000000e+02 5.570811918881149793e+00
5.050000000000000000e+02 5.432042615108228389e+00
5.060000000000000000e+02 5.492069334581283435e+00
5.070000000000000000e+02 5.538541323128286287e+00
5.080000000000000000e+02 5.515926510213376766e+00
5.090000000000000000e+02 5.473436347572062211e+00
5.100000000000000000e+02 5.487615656837226297e+00
5.110000000000000000e+02 5.532010591500783114e+00
5.120000000000000000e+02 5.503656999062870092e+00
5.130000000000000000e+02 5.459212245301283239e+00
5.140000000000000000e+02 5.511835431486707293e+00
5.150000000000000000e+02 5.419996279079635215e+00
5.160000000000000000e+02 5.451351142160808294e+00
5.170000000000000000e+02 5.569704869924785307e+00
5.180000000000000000e+02 5.346530521674665692e+00
5.190000000000000000e+02 5.342123248707586924e+00
5.200000000000000000e+02 5.385897385836312168e+00
5.210000000000000000e+02 5.525684074023987868e+00
5.220000000000000000e+02 5.473463136870440060e+00
5.230000000000000000e+02 5.325774468428918773e+00
5.240000000000000000e+02 5.412652839767070567e+00
5.250000000000000000e+02 5.310111014668962959e+00
5.260000000000000000e+02 5.476979622892553579e+00
5.270000000000000000e+02 5.309963277055051556e+00
5.280000000000000000e+02 5.426328124298023248e+00
5.290000000000000000e+02 5.236473162939845771e+00
5.300000000000000000e+02 5.281295515203590973e+00
5.310000000000000000e+02 5.307556168770582339e+00
5.320000000000000000e+02 5.284211354508997260e+00
5.330000000000000000e+02 5.353346817167980554e+00
5.340000000000000000e+02 5.314219261508903003e+00
5.350000000000000000e+02 5.396553520890853051e+00
5.360000000000000000e+02 5.292391683394185087e+00
5.370000000000000000e+02 5.238733099240302948e+00
5.380000000000000000e+02 5.346134352583939986e+00
5.390000000000000000e+02 5.244409736137541245e+00
5.400000000000000000e+02 5.208805569872243524e+00
5.410000000000000000e+02 5.228392907014031366e+00
5.420000000000000000e+02 5.151549805685844419e+00
5.430000000000000000e+02 5.177931367721393840e+00
5.440000000000000000e+02 5.083365800241458565e+00
5.450000000000000000e+02 5.129714248462627246e+00
5.460000000000000000e+02 5.143330157261292612e+00
5.470000000000000000e+02 5.139149222871410849e+00
5.480000000000000000e+02 5.134381916727932094e+00
5.490000000000000000e+02 5.125467322932609981e+00
5.500000000000000000e+02 5.200897207714701764e+00
5.510000000000000000e+02 5.086509291882366668e+00
5.520000000000000000e+02 5.031611872460624468e+00
5.530000000000000000e+02 5.053283088588728766e+00
5.540000000000000000e+02 4.991137976374375285e+00
5.550000000000000000e+02 5.028054668411952477e+00
5.560000000000000000e+02 4.984478188987106151e+00
5.570000000000000000e+02 4.925139497888617157e+00
5.580000000000000000e+02 5.097935843872577699e+00
5.590000000000000000e+02 4.887695634921604082e+00
5.600000000000000000e+02 4.974491202058142214e+00
5.610000000000000000e+02 4.972242437960884942e+00
5.620000000000000000e+02 4.862376797435429054e+00
5.630000000000000000e+02 4.968423871019923332e+00
5.640000000000000000e+02 4.889138799650658562e+00
5.650000000000000000e+02 4.902173529542968033e+00
5.660000000000000000e+02 4.939807467029669219e+00
5.670000000000000000e+02 5.068084999983374139e+00
5.680000000000000000e+02 4.895149752552504729e+00
5.690000000000000000e+02 4.831685530735139622e+00
5.700000000000000000e+02 4.855201696182224858e+00
5.710000000000000000e+02 4.874458181999988149e+00
5.720000000000000000e+02 4.838642675870493903e+00
5.730000000000000000e+02 4.956078692442984490e+00
5.740000000000000000e+02 4.909293828499833090e+00
5.750000000000000000e+02 4.953141144413606867e+00
5.760000000000000000e+02 4.994997684485025680e+00
5.770000000000000000e+02 4.833848600936537565e+00
5.780000000000000000e+02 4.870659344072444163e+00
5.790000000000000000e+02 4.911996645436526698e+00
5.800000000000000000e+02 4.818985594183983423e+00
5.810000000000000000e+02 4.909213398229630876e+00
5.820000000000000000e+02 4.810686442940630414e+00
5.830000000000000000e+02 4.799185229933406127e+00
5.840000000000000000e+02 4.760078767386013432e+00
5.850000000000000000e+02 4.768725259929539106e+00
5.860000000000000000e+02 4.781313106336149588e+00
5.870000000000000000e+02 4.644600879183902187e+00
5.880000000000000000e+02 4.811643928620776833e+00
5.890000000000000000e+02 4.808178659112956055e+00
5.900000000000000000e+02 4.799656262203379598e+00
5.910000000000000000e+02 4.805466247794967671e+00
5.920000000000000000e+02 4.666245994824783416e+00
5.930000000000000000e+02 4.833645795803358958e+00
5.940000000000000000e+02 4.734789734491362090e+00
5.950000000000000000e+02 4.857447886842054530e+00
5.960000000000000000e+02 4.667409978203249210e+00
5.970000000000000000e+02 4.736355816364175020e+00
5.980000000000000000e+02 4.709747921858598474e+00
5.990000000000000000e+02 4.780929455113495763e+00
6.000000000000000000e+02 4.602314347574020914e+00
6.010000000000000000e+02 4.626705114454498613e+00
6.020000000000000000e+02 4.655964776937467242e+00
6.030000000000000000e+02 4.707618822194840291e+00
6.040000000000000000e+02 4.741422575338444467e+00
6.050000000000000000e+02 4.639658471125657435e+00
6.060000000000000000e+02 4.575980559092910127e+00
6.070000000000000000e+02 4.684803540705240188e+00
6.080000000000000000e+02 4.601902453351275568e+00
6.090000000000000000e+02 4.593986781676404618e+00
6.100000000000000000e+02 4.625788381208720601e+00
6.110000000000000000e+02 4.690180300840583349e+00
6.120000000000000000e+02 4.581172543637463512e+00
6.130000000000000000e+02 4.582903925784476584e+00
6.140000000000000000e+02 4.688241513139868921e+00
6.150000000000000000e+02 4.514891510463220570e+00
6.160000000000000000e+02 4.700466725457761008e+00
6.170000000000000000e+02 4.508095264674620850e+00
6.180000000000000000e+02 4.579923039225508141e+00
6.190000000000000000e+02 4.626522023071522938e+00
6.200000000000000000e+02 4.606933494568861143e+00
6.210000000000000000e+02 4.558772274637747479e+00
6.220000000000000000e+02 4.589793069012187310e+00
6.230000000000000000e+02 4.553191825664172576e+00
6.240000000000000000e+02 4.502681345729722118e+00
6.250000000000000000e+02 4.603961513509549519e+00
6.260000000000000000e+02 4.581086194639399700e+00
6.270000000000000000e+02 4.452552296741026261e+00
6.280000000000000000e+02 4.552694811730583879e+00
6.290000000000000000e+02 4.504498503793381126e+00
6.300000000000000000e+02 4.579984605699787714e+00
6.310000000000000000e+02 4.550457948045517398e+00
6.320000000000000000e+02 4.480139651898956465e+00
6.330000000000000000e+02 4.507943449943451419e+00
6.340000000000000000e+02 4.518591574448354464e+00
6.350000000000000000e+02 4.553525038208579900e+00
6.360000000000000000e+02 4.458885069641540966e+00
6.370000000000000000e+02 4.545341158051287245e+00
6.380000000000000000e+02 4.449695917771746778e+00
6.390000000000000000e+02 4.443121233992352259e+00
6.400000000000000000e+02 4.434680372175014540e+00
6.410000000000000000e+02 4.541495925090620389e+00
6.420000000000000000e+02 4.399233785516777573e+00
6.430000000000000000e+02 4.515822557249861369e+00
6.440000000000000000e+02 4.342538443557486083e+00
6.450000000000000000e+02 4.447489050900196972e+00
6.460000000000000000e+02 4.485636093871760544e+00
6.470000000000000000e+02 4.508728168669374980e+00
6.480000000000000000e+02 4.435617736331137984e+00
6.490000000000000000e+02 4.573521897250887314e+00
6.500000000000000000e+02 4.423243424716558181e+00
6.510000000000000000e+02 4.392654663076513977e+00
6.520000000000000000e+02 4.455169900308623809e+00
6.530000000000000000e+02 4.480857935726241692e+00
6.540000000000000000e+02 4.375510216674498132e+00
6.550000000000000000e+02 4.373231752490998048e+00
6.560000000000000000e+02 4.389162026936042516e+00
6.570000000000000000e+02 4.381837895761000468e+00
6.580000000000000000e+02 4.380016317555012861e+00
6.590000000000000000e+02 4.430855490199786750e+00
6.600000000000000000e+02 4.355911628024955462e+00
6.610000000000000000e+02 4.347907785453513085e+00
6.620000000000000000e+02 4.439838920736855599e+00
6.630000000000000000e+02 4.433674788056089611e+00
6.640000000000000000e+02 4.345899095140845603e+00
6.650000000000000000e+02 4.354108903441224143e+00
6.660000000000000000e+02 4.327250556338653631e+00
6.670000000000000000e+02 4.310712053246810171e+00
6.680000000000000000e+02 4.455965768645417491e+00
6.690000000000000000e+02 4.385781603294542919e+00
6.700000000000000000e+02 4.253600522671271200e+00
6.710000000000000000e+02 4.465211762292835118e+00
6.720000000000000000e+02 4.350397922895615999e+00
6.730000000000000000e+02 4.417584501298138733e+00
6.740000000000000000e+02 4.343621125601750954e+00
6.750000000000000000e+02 4.317441674523462503e+00
6.760000000000000000e+02 4.311722768229478753e+00
6.770000000000000000e+02 4.322170767944016667e+00
6.780000000000000000e+02 4.373194766533612388e+00
6.790000000000000000e+02 4.286537520684674973e+00
6.800000000000000000e+02 4.282943144837489946e+00
6.810000000000000000e+02 4.296661787037733049e+00
6.820000000000000000e+02 4.142664342507462294e+00
6.830000000000000000e+02 4.412883404410767874e+00
6.840000000000000000e+02 4.282965444231786378e+00
6.850000000000000000e+02 4.310621671070316907e+00
6.860000000000000000e+02 4.344947558981927749e+00
6.870000000000000000e+02 4.264070155095541992e+00
6.880000000000000000e+02 4.274279864238857307e+00
6.890000000000000000e+02 4.320549246560895895e+00
6.900000000000000000e+02 4.330530296257729006e+00
6.910000000000000000e+02 4.304401959326487948e+00
6.920000000000000000e+02 4.306830173613239943e+00
6.930000000000000000e+02 4.333367824509255506e+00
6.940000000000000000e+02 4.264760268075391991e+00
6.950000000000000000e+02 4.319475113845697045e+00
6.960000000000000000e+02 4.344891981911517931e+00
6.970000000000000000e+02 4.271662498163160571e+00
6.980000000000000000e+02 4.445277551444256403e+00
6.990000000000000000e+02 4.371247651240568466e+00
7.000000000000000000e+02 4.246998617598455539e+00
7.010000000000000000e+02 4.352688187449608392e+00
7.020000000000000000e+02 4.307600416926864462e+00
7.030000000000000000e+02 4.310564506320870848e+00
7.040000000000000000e+02 4.251993902885568666e+00
7.050000000000000000e+02 4.254669519786886234e+00
7.060000000000000000e+02 4.306851765925756581e+00
7.070000000000000000e+02 4.230682790651039582e+00
7.080000000000000000e+02 4.329850848706258581e+00
7.090000000000000000e+02 4.236494353977028560e+00
7.100000000000000000e+02 4.282096430059113779e+00
7.110000000000000000e+02 4.325726135644251791e+00
7.120000000000000000e+02 4.240256293328234172e+00
7.130000000000000000e+02 4.362724780207430264e+00
7.140000000000000000e+02 4.367222274085086120e+00
7.150000000000000000e+02 4.305958315941295744e+00
7.160000000000000000e+02 4.233563959277025113e+00
7.170000000000000000e+02 4.288138041626044838e+00
7.180000000000000000e+02 4.282924025014950509e+00
7.190000000000000000e+02 4.217321769416175314e+00
7.200000000000000000e+02 4.310775930281941726e+00
7.210000000000000000e+02 4.294263759491395938e+00
7.220000000000000000e+02 4.244964047825070530e+00
7.230000000000000000e+02 4.235776690487592866e+00
7.240000000000000000e+02 4.219605404833148832e+00
7.250000000000000000e+02 4.255869022193819795e+00
7.260000000000000000e+02 4.253522032054379842e+00
7.270000000000000000e+02 4.281955417763107619e+00
7.280000000000000000e+02 4.258050748963881915e+00
7.290000000000000000e+02 4.212392294059522868e+00
7.300000000000000000e+02 4.189211056440881542e+00
7.310000000000000000e+02 4.212474574890704204e+00
7.320000000000000000e+02 4.391233306286987492e+00
7.330000000000000000e+02 4.323319805271310656e+00
7.340000000000000000e+02 4.165028740573061050e+00
7.350000000000000000e+02 4.184688584414493207e+00
7.360000000000000000e+02 4.182324530114295058e+00
7.370000000000000000e+02 4.247393240875803500e+00
7.380000000000000000e+02 4.298700523653834260e+00
7.390000000000000000e+02 4.151112215211817613e+00
7.400000000000000000e+02 4.215949531456534949e+00
7.410000000000000000e+02 4.294906953204149502e+00
7.420000000000000000e+02 4.210555491290725705e+00
7.430000000000000000e+02 4.201400392072494938e+00
7.440000000000000000e+02 4.246199606840129093e+00
7.450000000000000000e+02 4.253937784632870311e+00
7.460000000000000000e+02 4.287631093492104029e+00
7.470000000000000000e+02 4.187713311951760886e+00
7.480000000000000000e+02 4.234083158384488677e+00
7.490000000000000000e+02 4.227468067577727417e+00
7.500000000000000000e+02 4.227468067577788702e+00
7.510000000000000000e+02 4.234083158384415846e+00
7.520000000000000000e+02 4.187713311951846151e+00
7.530000000000000000e+02 4.287631093492196399e+00
7.540000000000000000e+02 4.253937784632882746e+00
7.550000000000000000e+02 4.246199606840191265e+00
7.560000000000000000e+02 4.201400392072500267e+00
7.570000000000000000e+02 4.210555491290755015e+00
7.580000000000000000e+02 4.294906953204135291e+00
7.590000000000000000e+02 4.215949531456612220e+00
7.600000000000000000e+02 4.151112215211844259e+00
7.610000000000000000e+02 4.298700523653822714e+00
7.620000000000000000e+02 4.247393240875779519e+00
7.630000000000000000e+02 4.182324530114293282e+00
7.640000000000000000e+02 4.184688584414582024e+00
7.650000000000000000e+02 4.165028740573066379e+00
7.660000000000000000e+02 4.323319805271314209e+00
7.670000000000000000e+02 4.391233306287041671e+00
7.680000000000000000e+02 4.212474574890678447e+00
7.690000000000000000e+02 4.189211056440907299e+00
7.700000000000000000e+02 4.212392294059550402e+00
7.710000000000000000e+02 4.258050748963806420e+00
7.720000000000000000e+02 4.281955417763072980e+00
7.730000000000000000e+02 4.253522032054339874e+00
7.740000000000000000e+02 4.255869022193762952e+00
7.750000000000000000e+02 4.219605404833162154e+00
7.760000000000000000e+02 4.235776690487526253e+00
7.770000000000000000e+02 4.244964047825066977e+00
7.780000000000000000e+02 4.294263759491439458e+00
7.790000000000000000e+02 4.310775930282036761e+00
7.800000000000000000e+02 4.217321769416052746e+00
7.810000000000000000e+02 4.282924025015033109e+00
7.820000000000000000e+02 4.288138041626039509e+00
7.830000000000000000e+02 4.233563959277011790e+00
7.840000000000000000e+02 4.305958315941232684e+00
7.850000000000000000e+02 4.367222274085182931e+00
7.860000000000000000e+02 4.362724780207395625e+00
7.870000000000000000e+02 4.240256293328343418e+00
7.880000000000000000e+02 4.325726135644289094e+00
7.890000000000000000e+02 4.282096430059104897e+00
7.900000000000000000e+02 4.236494353977035665e+00
7.910000000000000000e+02 4.329850848706301214e+00
7.920000000000000000e+02 4.230682790651084879e+00
7.930000000000000000e+02 4.306851765925777009e+00
7.940000000000000000e+02 4.254669519786825838e+00
7.950000000000000000e+02 4.251993902885559784e+00
7.960000000000000000e+02 4.310564506320771372e+00
7.970000000000000000e+02 4.307600416926836928e+00
7.980000000000000000e+02 4.352688187449632373e+00
7.990000000000000000e+02 4.246998617598596759e+00
8.000000000000000000e+02 4.371247651240588894e+00
8.010000000000000000e+02 4.445277551444344333e+00
8.020000000000000000e+02 4.271662498163103727e+00
8.030000000000000000e+02 4.344891981911513490e+00
8.040000000000000000e+02 4.319475113845717473e+00
8.050000000000000000e+02 4.264760268075439065e+00
8.060000000000000000e+02 4.333367824509257282e+00
8.070000000000000000e+02 4.306830173613225732e+00
8.080000000000000000e+02 4.304401959326422222e+00
8.090000000000000000e+02 4.330530296257657064e+00
8.100000000000000000e+02 4.320549246560895895e+00
8.110000000000000000e+02 4.274279864238805793e+00
8.120000000000000000e+02 4.264070155095474490e+00
8.130000000000000000e+02 4.344947558981956170e+00
8.140000000000000000e+02 4.310621671070294703e+00
8.150000000000000000e+02 4.282965444231817465e+00
8.160000000000000000e+02 4.412883404410652410e+00
8.170000000000000000e+02 4.142664342507507591e+00
8.180000000000000000e+02 4.296661787037729496e+00
8.190000000000000000e+02 4.282943144837543237e+00
8.200000000000000000e+02 4.286537520684722935e+00
8.210000000000000000e+02 4.373194766533569755e+00
8.220000000000000000e+02 4.322170767944035319e+00
8.230000000000000000e+02 4.311722768229419245e+00
8.240000000000000000e+02 4.317441674523608164e+00
8.250000000000000000e+02 4.343621125601728750e+00
8.260000000000000000e+02 4.417584501298127186e+00
8.270000000000000000e+02 4.350397922895625769e+00
8.280000000000000000e+02 4.465211762292829789e+00
8.290000000000000000e+02 4.253600522671355577e+00
8.300000000000000000e+02 4.385781603294566899e+00
8.310000000000000000e+02 4.455965768645429925e+00
8.320000000000000000e+02 4.310712053246875008e+00
8.330000000000000000e+02 4.327250556338574583e+00
8.340000000000000000e+02 4.354108903441246348e+00
8.350000000000000000e+02 4.345899095140851820e+00
8.360000000000000000e+02 4.433674788056042537e+00
8.370000000000000000e+02 4.439838920736860928e+00
8.380000000000000000e+02 4.347907785453538843e+00
8.390000000000000000e+02 4.355911628025173954e+00
8.400000000000000000e+02 4.430855490199784974e+00
8.410000000000000000e+02 4.380016317555148753e+00
8.420000000000000000e+02 4.381837895760959611e+00
8.430000000000000000e+02 4.389162026936142880e+00
8.440000000000000000e+02 4.373231752491032687e+00
8.450000000000000000e+02 4.375510216674525665e+00
8.460000000000000000e+02 4.480857935726294983e+00
8.470000000000000000e+02 4.455169900308567854e+00
8.480000000000000000e+02 4.392654663076426935e+00
8.490000000000000000e+02 4.423243424716703842e+00
8.500000000000000000e+02 4.573521897250840240e+00
8.510000000000000000e+02 4.435617736331181504e+00
8.520000000000000000e+02 4.508728168669213332e+00
8.530000000000000000e+02 4.485636093871753438e+00
8.540000000000000000e+02 4.447489050900266250e+00
8.550000000000000000e+02 4.342538443557518946e+00
8.560000000000000000e+02 4.515822557249784097e+00
8.570000000000000000e+02 4.399233785516764250e+00
8.580000000000000000e+02 4.541495925090599961e+00
8.590000000000000000e+02 4.434680372175053620e+00
8.600000000000000000e+02 4.443121233992298080e+00
8.610000000000000000e+02 4.449695917771746778e+00
8.620000000000000000e+02 4.545341158051352082e+00
8.630000000000000000e+02 4.458885069641586263e+00
8.640000000000000000e+02 4.553525038208697140e+00
8.650000000000000000e+02 4.518591574448299397e+00
8.660000000000000000e+02 4.507943449943496717e+00
8.670000000000000000e+02 4.480139651898897846e+00
8.680000000000000000e+02 4.550457948045495193e+00
8.690000000000000000e+02 4.579984605699823241e+00
8.700000000000000000e+02 4.504498503793460173e+00
8.710000000000000000e+02 4.552694811730615854e+00
8.720000000000000000e+02 4.452552296741024485e+00
8.730000000000000000e+02 4.581086194639319764e+00
8.740000000000000000e+02 4.603961513509604586e+00
8.750000000000000000e+02 4.502681345729548923e+00
8.760000000000000000e+02 4.553191825664136161e+00
8.770000000000000000e+02 4.589793069012153559e+00
8.780000000000000000e+02 4.558772274637787447e+00
8.790000000000000000e+02 4.606933494568849596e+00
8.800000000000000000e+02 4.626522023071589551e+00
8.810000000000000000e+02 4.579923039225471726e+00
8.820000000000000000e+02 4.508095264674545355e+00
8.830000000000000000e+02 4.700466725457774331e+00
8.840000000000000000e+02 4.514891510463217017e+00
8.850000000000000000e+02 4.688241513139823624e+00
8.860000000000000000e+02 4.582903925784558297e+00
8.870000000000000000e+02 4.581172543637408445e+00
8.880000000000000000e+02 4.690180300840578020e+00
8.890000000000000000e+02 4.625788381208672639e+00
8.900000000000000000e+02 4.593986781676502318e+00
8.910000000000000000e+02 4.601902453351138789e+00
8.920000000000000000e+02 4.684803540705297920e+00
8.930000000000000000e+02 4.575980559092791111e+00
8.940000000000000000e+02 4.639658471125663652e+00
8.950000000000000000e+02 4.741422575338549272e+00
8.960000000000000000e+02 4.707618822194730157e+00
8.970000000000000000e+02 4.655964776937240757e+00
8.980000000000000000e+02 4.626705114454445322e+00
8.990000000000000000e+02 4.602314347573751796e+00
9.000000000000000000e+02 4.780929455113168913e+00
9.010000000000000000e+02 4.709747921858731701e+00
9.020000000000000000e+02 4.736355816364242521e+00
9.030000000000000000e+02 4.667409978203170162e+00
9.040000000000000000e+02 4.857447886842080287e+00
9.050000000000000000e+02 4.734789734491383406e+00
9.060000000000000000e+02 4.833645795803406031e+00
9.070000000000000000e+02 4.666245994824800292e+00
9.080000000000000000e+02 4.805466247795063595e+00
9.090000000000000000e+02 4.799656262203441770e+00
9.100000000000000000e+02 4.808178659112929410e+00
9.110000000000000000e+02 4.811643928620657817e+00
9.120000000000000000e+02 4.644600879183882647e+00
9.130000000000000000e+02 4.781313106336159358e+00
9.140000000000000000e+02 4.768725259929480487e+00
9.150000000000000000e+02 4.760078767386046295e+00
9.160000000000000000e+02 4.799185229933365271e+00
9.170000000000000000e+02 4.810686442940615315e+00
9.180000000000000000e+02 4.909213398229693937e+00
9.190000000000000000e+02 4.818985594184024279e+00
9.200000000000000000e+02 4.911996645436567555e+00
9.210000000000000000e+02 4.870659344072390873e+00
9.220000000000000000e+02 4.833848600936654805e+00
9.230000000000000000e+02 4.994997684485030121e+00
9.240000000000000000e+02 4.953141144413427455e+00
9.250000000000000000e+02 4.909293828499878387e+00
9.260000000000000000e+02 4.956078692442939193e+00
9.270000000000000000e+02 4.838642675870558740e+00
9.280000000000000000e+02 4.874458181999909989e+00
9.290000000000000000e+02 4.855201696182305682e+00
9.300000000000000000e+02 4.831685530735184919e+00
9.310000000000000000e+02 4.895149752552524269e+00
9.320000000000000000e+02 5.068084999983338612e+00
9.330000000000000000e+02 4.939807467029617705e+00
9.340000000000000000e+02 4.902173529542899644e+00
9.350000000000000000e+02 4.889138799650665668e+00
9.360000000000000000e+02 4.968423871019868265e+00
9.370000000000000000e+02 4.862376797435419284e+00
9.380000000000000000e+02 4.972242437960827210e+00
9.390000000000000000e+02 4.974491202058090700e+00
9.400000000000000000e+02 4.887695634921733756e+00
9.410000000000000000e+02 5.097935843872543060e+00
9.420000000000000000e+02 4.925139497888569196e+00
9.430000000000000000e+02 4.984478188987173652e+00
9.440000000000000000e+02 5.028054668411968464e+00
9.450000000000000000e+02 4.991137976374383278e+00
9.460000000000000000e+02 5.053283088588588434e+00
9.470000000000000000e+02 5.031611872460712398e+00
9.480000000000000000e+02 5.086509291882356898e+00
9.490000000000000000e+02 5.200897207714754167e+00
9.500000000000000000e+02 5.125467322932571790e+00
9.510000000000000000e+02 5.134381916727908113e+00
9.520000000000000000e+02 5.139149222871425060e+00
9.530000000000000000e+02 5.143330157261258861e+00
9.540000000000000000e+02 5.129714248462597048e+00
9.550000000000000000e+02 5.083365800241346655e+00
9.560000000000000000e+02 5.177931367721495093e+00
9.570000000000000000e+02 5.151549805685806227e+00
9.580000000000000000e+02 5.228392907014073998e+00
9.590000000000000000e+02 5.208805569872407837e+00
9.600000000000000000e+02 5.244409736137522593e+00
9.610000000000000000e+02 5.346134352584130944e+00
9.620000000000000000e+02 5.238733099240247881e+00
9.630000000000000000e+02 5.292391683394160218e+00
9.640000000000000000e+02 5.396553520890821964e+00
9.650000000000000000e+02 5.314219261508847936e+00
9.660000000000000000e+02 5.353346817168023186e+00
9.670000000000000000e+02 5.284211354508954628e+00
9.680000000000000000e+02 5.307556168770641847e+00
9.690000000000000000e+02 5.281295515203581203e+00
9.700000000000000000e+02 5.236473162939740078e+00
9.710000000000000000e+02 5.426328124298023248e+00
9.720000000000000000e+02 5.309963277055172348e+00
9.730000000000000000e+02 5.476979622892483412e+00
9.740000000000000000e+02 5.310111014669039342e+00
9.750000000000000000e+02 5.412652839767031487e+00
9.760000000000000000e+02 5.325774468428879693e+00
9.770000000000000000e+02 5.473463136870576839e+00
9.780000000000000000e+02 5.525684074023898162e+00
9.790000000000000000e+02 5.385897385836324602e+00
9.800000000000000000e+02 5.342123248707630445e+00
9.810000000000000000e+02 5.346530521674700331e+00
9.820000000000000000e+02 5.569704869924877677e+00
9.830000000000000000e+02 5.451351142160991259e+00
9.840000000000000000e+02 5.419996279079691170e+00
9.850000000000000000e+02 5.511835431486786341e+00
9.860000000000000000e+02 5.459212245301303668e+00
9.870000000000000000e+02 5.503656999062839006e+00
9.880000000000000000e+02 5.532010591500793772e+00
9.890000000000000000e+02 5.487615656837182776e+00
9.900000000000000000e+02 5.473436347572103955e+00
9.910000000000000000e+02 5.515926510213366107e+00
9.920000000000000000e+02 5.538541323128347571e+00
9.930000000000000000e+02 5.492069334581213269e+00
9.940000000000000000e+02 5.432042615108187533e+00
9.950000000000000000e+02 5.570811918881104496e+00
9.960000000000000000e+02 5.533050602823521125e+00
9.970000000000000000e+02 5.424103911979857529e+00
9.980000000000000000e+02 5.717736274385319284e+00
9.990000000000000000e+02 5.631715251860998528e+00
1.000000000000000000e+03 5.698392292168791506e+00
1.001000000000000000e+03 5.803332911089889024e+00
1.002000000000000000e+03 5.653154956867890490e+00
1.003000000000000000e+03 5.874989256819454830e+00
1.004000000000000000e+03 5.696347252510385317e+00
1.005000000000000000e+03 5.649110786558679820e+00
1.006000000000000000e+03 5.743403518430995724e+00
1.007000000000000000e+03 5.660721960965802602e+00
1.008000000000000000e+03 5.744966294611051794e+00
1.009000000000000000e+03 5.829456611485006157e+00
1.010000000000000000e+03 5.818935906679064907e+00
1.011000000000000000e+03 5.843805452865213468e+00
1.012000000000000000e+03 6.059890579439853653e+00
1.013000000000000000e+03 5.754351965974310090e+00
1.014000000000000000e+03 5.673680660645064933e+00
1.015000000000000000e+03 6.075642514951227646e+00
1.016000000000000000e+03 5.852656645208232256e+00
1.017000000000000000e+03 5.919842247967406657e+00
1.018000000000000000e+03 6.065234608277801698e+00
1.019000000000000000e+03 5.709492680991384184e+00
1.020000000000000000e+03 5.867806434719486930e+00
1.021000000000000000e+03 5.969513899714608662e+00
1.022000000000000000e+03 6.022997868368476837e+00
1.023000000000000000e+03 5.869223104100935728e+00
1.024000000000000000e+03 6.138871990396873812e+00
1.025000000000000000e+03 6.128537583219880958e+00
1.026000000000000000e+03 6.045889360043218197e+00
1.027000000000000000e+03 6.077320269953656151e+00
1.028000000000000000e+03 6.159365782760226615e+00
1.029000000000000000e+03 5.880763568412620046e+00
1.030000000000000000e+03 6.117141902297205114e+00
1.031000000000000000e+03 6.052126335181540639e+00
1.032000000000000000e+03 6.079005518459035251e+00
1.033000000000000000e+03 6.205939207138129632e+00
1.034000000000000000e+03 6.251031377798843991e+00
1.035000000000000000e+03 5.918692349085443283e+00
1.036000000000000000e+03 6.250965384425922089e+00
1.037000000000000000e+03 6.253269819840349797e+00
1.038000000000000000e+03 6.223116497660592827e+00
1.039000000000000000e+03 6.155619840489747752e+00
1.040000000000000000e+03 6.283522133385699426e+00
1.041000000000000000e+03 6.168982265269400855e+00
1.042000000000000000e+03 6.418331020346631277e+00
1.043000000000000000e+03 6.586738592341920828e+00
1.044000000000000000e+03 6.361997234153648151e+00
1.045000000000000000e+03 6.438546631531727904e+00
1.046000000000000000e+03 6.383681090973635008e+00
1.047000000000000000e+03 6.517225906703163929e+00
1.048000000000000000e+03 6.311043377093467299e+00
1.049000000000000000e+03 6.178154797779241925e+00
1.050000000000000000e+03 6.795903465494294693e+00
1.051000000000000000e+03 6.545347138287065825e+00
1.052000000000000000e+03 6.488036871741818423e+00
1.053000000000000000e+03 6.751987521641608758e+00
1.054000000000000000e+03 6.694530087147819941e+00
1.055000000000000000e+03 6.624588203553928523e+00
1.056000000000000000e+03 6.754427999483725742e+00
1.057000000000000000e+03 6.509822442933031361e+00
1.058000000000000000e+03 6.808320627439429451e+00
1.059000000000000000e+03 6.686579339976518987e+00
1.060000000000000000e+03 6.933277109648257053e+00
1.061000000000000000e+03 6.684303830267319668e+00
1.062000000000000000e+03 6.717378959355428947e+00
1.063000000000000000e+03 6.843761164226662252e+00
1.064000000000000000e+03 7.146398330294330137e+00
1.065000000000000000e+03 6.731369665983438111e+00
1.066000000000000000e+03 6.601862761507924837e+00
1.067000000000000000e+03 6.918395210446042221e+00
1.068000000000000000e+03 6.528483445316061839e+00
1.069000000000000000e+03 6.797808413681207362e+00
1.070000000000000000e+03 6.834616772737880375e+00
1.071000000000000000e+03 7.294176767654538374e+00
1.072000000000000000e+03 7.040786037453444557e+00
1.073000000000000000e+03 6.985513707704568809e+00
1.074000000000000000e+03 7.009022081998837805e+00
1.075000000000000000e+03 6.950567116824447389e+00
1.076000000000000000e+03 7.137649261435099035e+00
1.077000000000000000e+03 7.278253448199037301e+00
1.078000000000000000e+03 6.750073649475925919e+00
1.079000000000000000e+03 7.269607169864563900e+00
1.080000000000000000e+03 7.321983321797937094e+00
1.081000000000000000e+03 6.902842083608580204e+00
1.082000000000000000e+03 7.607529110718358467e+00
1.083000000000000000e+03 7.277834704748773476e+00
1.084000000000000000e+03 7.312385158460275036e+00
1.085000000000000000e+03 7.168696709016825430e+00
1.086000000000000000e+03 7.703693714628795597e+00
1.087000000000000000e+03 7.294794843590770128e+00
1.088000000000000000e+03 7.123473803945253202e+00
1.089000000000000000e+03 7.252868058954269337e+00
1.090000000000000000e+03 7.287080801089554249e+00
1.091000000000000000e+03 7.296131559384199328e+00
1.092000000000000000e+03 7.248485005039677631e+00
1.093000000000000000e+03 7.607179024010083168e+00
1.094000000000000000e+03 7.455548558137609305e+00
1.095000000000000000e+03 7.238248460733729850e+00
1.096000000000000000e+03 7.768942581794298086e+00
1.097000000000000000e+03 7.308972411060475238e+00
1.098000000000000000e+03 7.627239960589887957e+00
1.099000000000000000e+03 7.743520525387792119e+00
1.100000000000000000e+03 7.703139568797840120e+00
1.101000000000000000e+03 7.629016254518477425e+00
1.102000000000000000e+03 7.727299025505604213e+00
1.103000000000000000e+03 8.226223535938689935e+00
1.104000000000000000e+03 8.089373724904046270e+00
1.105000000000000000e+03 7.841721591992519613e+00
1.106000000000000000e+03 7.734735383495038086e+00
1.107000000000000000e+03 7.719221450274897478e+00
1.108000000000000000e+03 7.876871640124885054e+00
1.109000000000000000e+03 8.013720249146235375e+00
1.110000000000000000e+03 7.768980199761152505e+00
1.111000000000000000e+03 8.047909703857962782e+00
1.112000000000000000e+03 7.869521947881391810e+00
1.113000000000000000e+03 7.747668424079581229e+00
1.114000000000000000e+03 8.443305474983931802e+00
1.115000000000000000e+03 8.616981905556794885e+00
1.116000000000000000e+03 8.058428484423533433e+00
1.117000000000000000e+03 8.012302913914139069e+00
1.118000000000000000e+03 8.468880724065487087e+00
1.119000000000000000e+03 8.440461769658597291e+00
1.120000000000000000e+03 8.334456425600253127e+00
1.121000000000000000e+03 8.351627993005420691e+00
1.122000000000000000e+03 8.239117646891299884e+00
1.123000000000000000e+03 8.327143133152196341e+00
1.124000000000000000e+03 8.897343016055652143e+00
1.125000000000000000e+03 8.444538180856929088e+00
1.126000000000000000e+03 7.935651591273119365e+00
1.127000000000000000e+03 8.574895307280399948e+00
1.128000000000000000e+03 8.506203722830830927e+00
1.129000000000000000e+03 8.361063277730702126e+00
1.130000000000000000e+03 8.646649642286782012e+00
1.131000000000000000e+03 8.632115025132305774e+00
1.132000000000000000e+03 8.859163770339430144e+00
1.133000000000000000e+03 8.757817881058121756e+00
1.134000000000000000e+03 8.467859846708410743e+00
1.135000000000000000e+03 9.096789157424325367e+00
1.136000000000000000e+03 8.699944422909128505e+00
1.137000000000000000e+03 9.104124638762248978e+00
1.138000000000000000e+03 8.777721534623017519e+00
1.139000000000000000e+03 9.039198273903904735e+00
1.140000000000000000e+03 9.079232416315209164e+00
1.141000000000000000e+03 8.995824587209144241e+00
1.142000000000000000e+03 9.221087385570619688e+00
1.143000000000000000e+03 9.119137050559634972e+00
1.144000000000000000e+03 8.826224001848551381e+00
1.145000000000000000e+03 9.169845233371038518e+00
1.146000000000000000e+03 9.647920800585152890e+00
1.147000000000000000e+03 9.055571363993175638e+00
1.148000000000000000e+03 9.223430103112573164e+00
1.149000000000000000e+03 9.715985153858090584e+00
1.150000000000000000e+03 9.631175085758059140e+00
1.151000000000000000e+03 9.681917568556455578e+00
1.152000000000000000e+03 9.597541190862703075e+00
1.153000000000000000e+03 9.766314227934289605e+00
1.154000000000000000e+03 9.320582417275415921e+00
1.155000000000000000e+03 1.017520498283303532e+01
1.156000000000000000e+03 9.445190876443026795e+00
1.157000000000000000e+03 9.410102641820218494e+00
1.158000000000000000e+03 9.758750100685400497e+00
1.159000000000000000e+03 1.037300733498505068e+01
1.160000000000000000e+03 1.012064478702011883e+01
1.161000000000000000e+03 1.045305404934169324e+01
1.162000000000000000e+03 9.910894070216302865e+00
1.163000000000000000e+03 1.040671840693153172e+01
1.164000000000000000e+03 1.007819678769695493e+01
1.165000000000000000e+03 9.865297440506772375e+00
1.166000000000000000e+03 1.060301179719295384e+01
1.167000000000000000e+03 1.001268603820256686e+01
1.168000000000000000e+03 1.068367500812183302e+01
1.169000000000000000e+03 1.042710785476988988e+01
1.170000000000000000e+03 1.017511889392513247e+01
1.171000000000000000e+03 1.027899308853312910e+01
1.172000000000000000e+03 1.089683554624853556e+01
1.173000000000000000e+03 1.136016025014635744e+01
1.174000000000000000e+03 1.087184869554543809e+01
1.175000000000000000e+03 1.102632101013369770e+01
1.176000000000000000e+03 1.075418413034341114e+01
1.177000000000000000e+03 1.153083611249576457e+01
1.178000000000000000e+03 1.140794924678528055e+01
1.179000000000000000e+03 1.087173809731030261e+01
1.180000000000000000e+03 1.015489238542229877e+01
1.181000000000000000e+03 1.135701743347009796e+01
1.182000000000000000e+03 1.086292542410359907e+01
1.183000000000000000e+03 1.178949303067902754e+01
1.184000000000000000e+03 1.142084647561382482e+01
1.185000000000000000e+03 1.192763150762176672e+01
1.186000000000000000e+03 1.037438046458988872e+01
1.187000000000000000e+03 1.097162685109139346e+01
1.188000000000000000e+03 1.113790197394790304e+01
1.189000000000000000e+03 1.144802660571436093e+01
1.190000000000000000e+03 1.146966217636701835e+01
1.191000000000000000e+03 1.093327317073313765e+01
1.192000000000000000e+03 1.190716566627210327e+01
1.193000000000000000e+03 1.126612296798330526e+01
1.194000000000000000e+03 1.268690010590621142e+01
1.195000000000000000e+03 1.163603330052352902e+01
1.196000000000000000e+03 1.211600769846619485e+01
1.197000000000000000e+03 1.208176346494559361e+01
1.198000000000000000e+03 1.256389862217758413e+01
1.199000000000000000e+03 1.079163254358820190e+01
1.200000000000000000e+03 1.205252317426498898e+01
1.201000000000000000e+03 1.456071692075219914e+01
1.202000000000000000e+03 1.268518057314728154e+01
1.203000000000000000e+03 1.281491322114525033e+01
1.204000000000000000e+03 1.255881094681905630e+01
1.205000000000000000e+03 1.327755183516748261e+01
1.206000000000000000e+03 1.269299914140702334e+01
1.207000000000000000e+03 1.237858660827562574e+01
1.208000000000000000e+03 1.273229355906868143e+01
1.209000000000000000e+03 1.231198667346273012e+01
1.210000000000000000e+03 1.374014729389724643e+01
1.211000000000000000e+03 1.279682969425299710e+01
1.212000000000000000e+03 1.268910391841293261e+01
1.213000000000000000e+03 1.377854562250836956e+01
1.214000000000000000e+03 1.289633201145295338e+01
1.215000000000000000e+03 1.262355533762896798e+01
1.216000000000000000e+03 1.395429490572629483e+01
1.217000000000000000e+03 1.379425417704802825e+01
1.218000000000000000e+03 1.271398145114233103e+01
1.219000000000000000e+03 1.446654368839888427e+01
1.220000000000000000e+03 1.330123365055604090e+01
1.221000000000000000e+03 1.417844691700436499e+01
1.222000000000000000e+03 1.442321910655057948e+01
1.223000000000000000e+03 1.394915883398642364e+01
1.224000000000000000e+03 1.426191882321900728e+01
1.225000000000000000e+03 1.422379688414188159e+01
1.226000000000000000e+03 1.448848041804310682e+01
1.227000000000000000e+03 1.387877397627660869e+01
1.228000000000000000e+03 1.484335344547760371e+01
1.229000000000000000e+03 1.481019145459747044e+01
1.230000000000000000e+03 1.602595020669895121e+01
1.231000000000000000e+03 1.614045577320545988e+01
1.232000000000000000e+03 1.538010957821913038e+01
1.233000000000000000e+03 1.323120015226048274e+01
1.234000000000000000e+03 1.417514614324381306e+01
1.235000000000000000e+03 1.485698491141239330e+01
1.236000000000000000e+03 1.589717269878513051e+01
1.237000000000000000e+03 1.496213761285935462e+01
1.238000000000000000e+03 1.548325658572107244e+01
1.239000000000000000e+03 1.472069087987797786e+01
1.240000000000000000e+03 1.771183300656717563e+01
1.241000000000000000e+03 1.573766706611359822e+01
1.242000000000000000e+03 1.629291207437155009e+01
1.243000000000000000e+03 1.600624270299036311e+01
1.244000000000000000e+03 1.599027153087556385e+01
1.245000000000000000e+03 1.668802716668365704e+01
1.246000000000000000e+03 1.700241975101730318e+01
1.247000000000000000e+03 1.822876150189048872e+01
1.248000000000000000e+03 1.649835893574027423e+01
1.249000000000000000e+03 1.632427587204958641e+01
1.250000000000000000e+03 1.619331477958412790e+01
1.251000000000000000e+03 1.690145023091993792e+01
1.252000000000000000e+03 1.840411323390859266e+01
1.253000000000000000e+03 1.700625648941683465e+01
1.254000000000000000e+03 1.483196509275383335e+01
1.255000000000000000e+03 2.039096970891044691e+01
1.256000000000000000e+03 1.749646405208974542e+01
1.257000000000000000e+03 1.782896320537698287e+01
1.258000000000000000e+03 1.648417598818753049e+01
1.259000000000000000e+03 1.944299332664590452e+01
1.260000000000000000e+03 1.849475149090021731e+01
1.261000000000000000e+03 1.860000706448115437e+01
1.262000000000000000e+03 1.895146559250632379e+01
1.263000000000000000e+03 2.022550228093351876e+01
1.264000000000000000e+03 2.071759454486445762e+01
1.265000000000000000e+03 1.610085457373554263e+01
1.266000000000000000e+03 2.011498110016486862e+01
1.267000000000000000e+03 2.102805849456574805e+01
1.268000000000000000e+03 1.884032321511895702e+01
1.269000000000000000e+03 1.834052133314454736e+01
1.270000000000000000e+03 2.267276058750012169e+01
1.271000000000000000e+03 1.794294273201330370e+01
1.272000000000000000e+03 2.176728117954254671e+01
1.273000000000000000e+03 1.653008940116231784e+01
1.274000000000000000e+03 2.173345100961597964e+01
1.275000000000000000e+03 1.869034031629436399e+01
1.276000000000000000e+03 2.090724380722763698e+01
1.277000000000000000e+03 2.278028951840009952e+01
1.278000000000000000e+03 2.486972714545246532e+01
1.279000000000000000e+03 2.305542440258495418e+01
1.280000000000000000e+03 2.134311598475922978e+01
1.281000000000000000e+03 2.527517252889176902e+01
1.282000000000000000e+03 1.977707408168289760e+01
1.283000000000000000e+03 2.500789992504891046e+01
1.284000000000000000e+03 2.086880364485948647e+01
1.285000000000000000e+03 2.412837559884960470e+01
1.286000000000000000e+03 2.433207668042746619e+01
1.287000000000000000e+03 2.577541200756493467e+01
1.288000000000000000e+03 2.278571495066375974e+01
1.289000000000000000e+03 1.986597144959885952e+01
1.290000000000000000e+03 2.531970318390872166e+01
1.291000000000000000e+03 2.314765263270360407e+01
1.292000000000000000e+03 2.175503797980167420e+01
1.293000000000000000e+03 2.380094422492487993e+01
1.294000000000000000e+03 2.281518241149058568e+01
1.295000000000000000e+03 2.474760658086374931e+01
1.296000000000000000e+03 2.823078047292005266e+01
1.297000000000000000e+03 2.347744330215454411e+01
1.298000000000000000e+03 2.718102965569766383e+01
1.299000000000000000e+03 2.701411925992305285e+01
1.300000000000000000e+03 2.706746767728386160e+01
1.301000000000000000e+03 2.732744183781984404e+01
1.302000000000000000e+03 2.736535394507744812e+01
1.303000000000000000e+03 2.786192750062870260e+01
1.304000000000000000e+03 3.116113905612624890e+01
1.305000000000000000e+03 3.349453382695062942e+01
1.306000000000000000e+03 2.333577277608551270e+01
1.307000000000000000e+03 2.973497265020314728e+01
1.308000000000000000e+03 2.301315219439651472e+01
1.309000000000000000e+03 2.836516700536335023e+01
1.310000000000000000e+03 2.142980726756535148e+01
1.311000000000000000e+03 3.234186304001396906e+01
1.312000000000000000e+03 3.021847653854730353e+01
1.313000000000000000e+03 2.798581826585286336e+01
1.314000000000000000e+03 2.860739036463114715e+01
1.315000000000000000e+03 2.614180932670955571e+01
1.316000000000000000e+03 2.713619222111771379e+01
1.317000000000000000e+03 3.067124757228410203e+01
1.318000000000000000e+03 3.383042924550318276e+01
1.319000000000000000e+03 2.993065800636131968e+01
1.320000000000000000e+03 2.989665994341567767e+01
1.321000000000000000e+03 2.936666305709205460e+01
1.322000000000000000e+03 3.562632403898527400e+01
1.323000000000000000e+03 2.981770441053630449e+01
1.324000000000000000e+03 2.846805082250055818e+01
1.325000000000000000e+03 3.995531610880360063e+01
1.326000000000000000e+03 3.403108630785051503e+01
1.327000000000000000e+03 3.350771618304931110e+01
1.328000000000000000e+03 3.591959296057978435e+01
1.329000000000000000e+03 3.734701959202661925e+01
1.330000000000000000e+03 3.227815952005466471e+01
1.331000000000000000e+03 2.850594401719113336e+01
1.332000000000000000e+03 4.234381362150701733e+01
1.333000000000000000e+03 3.960080902350009069e+01
1.334000000000000000e+03 4.404865446328307144e+01
1.335000000000000000e+03 3.178297807544759834e+01
1.336000000000000000e+03 4.302285406257938405e+01
1.337000000000000000e+03 3.801308790099346879e+01
1.338000000000000000e+03 3.912121254644012680e+01
1.339000000000000000e+03 3.557031659948171409e+01
1.340000000000000000e+03 3.454248414301716252e+01
1.341000000000000000e+03 2.635894554768821862e+01
1.342000000000000000e+03 4.401023231517714862e+01
1.343000000000000000e+03 3.820290503537292892e+01
1.344000000000000000e+03 4.949309588171975349e+01
1.345000000000000000e+03 4.606272387601281082e+01
1.346000000000000000e+03 5.009354067602156846e+01
1.347000000000000000e+03 4.853657227822375120e+01
1.348000000000000000e+03 4.622285273996418198e+01
1.349000000000000000e+03 5.296143554882656446e+01
1.350000000000000000e+03 4.558028593533292394e+01
1.351000000000000000e+03 5.163153399999880833e+01
1.352000000000000000e+03 4.707555747388549605e+01
1.353000000000000000e+03 4.399956137062255834e+01
1.354000000000000000e+03 5.194081540269736053e+01
1.355000000000000000e+03 4.930740110315889524e+01
1.356000000000000000e+03 4.672237752563293611e+01
1.357000000000000000e+03 5.658690647150973518e+01
1.358000000000000000e+03 5.889821512442273388e+01
1.359000000000000000e+03 6.201658094671353894e+01
1.360000000000000000e+03 8.019326782189048686e+01
1.361000000000000000e+03 4.392913741636961333e+01
1.362000000000000000e+03 5.814347774972599581e+01
1.363000000000000000e+03 6.732495115664686125e+01
1.364000000000000000e+03 5.878224679565838073e+01
1.365000000000000000e+03 5.348821359991735136e+01
1.366000000000000000e+03 5.396151749452477020e+01
1.367000000000000000e+03 6.492186738913416377e+01
1.368000000000000000e+03 5.566166463525902230e+01
1.369000000000000000e+03 7.195541825497190302e+01
1.370000000000000000e+03 7.770722158187865602e+01
1.371000000000000000e+03 5.816569584021466710e+01
1.372000000000000000e+03 4.930058422662885675e+01
1.373000000000000000e+03 7.135996631951294944e+01
1.374000000000000000e+03 7.604255224619421938e+01
1.375000000000000000e+03 8.353368794459423441e+01
1.376000000000000000e+03 5.252158252975574726e+01
1.377000000000000000e+03 8.875353466950895154e+01
1.378000000000000000e+03 7.165020994297263712e+01
1.379000000000000000e+03 7.626916843484288222e+01
1.380000000000000000e+03 5.186603402349891212e+01
1.381000000000000000e+03 6.848159768815027348e+01
1.382000000000000000e+03 8.923044510805107166e+01
1.383000000000000000e+03 8.260194702278403156e+01
1.384000000000000000e+03 9.997079643299771590e+01
1.385000000000000000e+03 5.541097194883629129e+01
1.386000000000000000e+03 4.956998607502688259e+01
1.387000000000000000e+03 6.576869122989242555e+01
1.388000000000000000e+03 7.428588494095789940e+01
1.389000000000000000e+03 5.749365546146552930e+01
1.390000000000000000e+03 1.060911119145024486e+02
1.391000000000000000e+03 1.098127174161803907e+02
1.392000000000000000e+03 8.458241625477150194e+01
1.393000000000000000e+03 7.867175809270048603e+01
1.394000000000000000e+03 8.326751733512067233e+01
1.395000000000000000e+03 9.622089769344414378e+01
1.396000000000000000e+03 6.133886130007410031e+01
1.397000000000000000e+03 1.054947123549401482e+02
1.398000000000000000e+03 9.090299256296870567e+01
1.399000000000000000e+03 1.059389719010949733e+02
1.400000000000000000e+03 1.074787990690566346e+02
1.401000000000000000e+03 6.940850366025027540e+01
1.402000000000000000e+03 9.235758111094042988e+01
1.403000000000000000e+03 1.144702836451921257e+02
1.404000000000000000e+03 9.121979756239942105e+01
1.405000000000000000e+03 1.108232101588450149e+02
1.406000000000000000e+03 6.787058170932760959e+01
1.407000000000000000e+03 8.345300670571832313e+01
1.408000000000000000e+03 1.424602765039295491e+02
1.409000000000000000e+03 1.420117627401946550e+02
1.410000000000000000e+03 1.873572244540701490e+02
1.411000000000000000e+03 1.762576772001269774e+02
1.412000000000000000e+03 1.453403232594241103e+02
1.413000000000000000e+03 1.255697126567536088e+02
1.414000000000000000e+03 1.865058984267004121e+02
1.415000000000000000e+03 2.428991133658325339e+02
1.416000000000000000e+03 1.016318659339958401e+02
1.417000000000000000e+03 1.291182133754463166e+02
1.418000000000000000e+03 1.676973932853861697e+02
1.419000000000000000e+03 1.719453893747759992e+02
1.420000000000000000e+03 1.498710470759216093e+02
1.421000000000000000e+03 1.351705480805618151e+02
1.422000000000000000e+03 1.511282944435147044e+02
1.423000000000000000e+03 1.669450435072876076e+02
1.424000000000000000e+03 1.772266018069355198e+02
1.425000000000000000e+03 9.890285601205319210e+01
1.426000000000000000e+03 1.899141145973307516e+02
1.427000000000000000e+03 2.854434999641281365e+02
1.428000000000000000e+03 1.658477450542621909e+02
1.429000000000000000e+03 2.218088662816506655e+02
1.430000000000000000e+03 1.480569511617527212e+02
1.431000000000000000e+03 2.845400051473608869e+02
1.432000000000000000e+03 2.564804810781185438e+02
1.433000000000000000e+03 2.973626952540839739e+02
1.434000000000000000e+03 2.528742199631035987e+02
1.435000000000000000e+03 2.159422472774330970e+02
1.436000000000000000e+03 3.227699773731062010e+02
1.437000000000000000e+03 2.201243675814174310e+02
1.438000000000000000e+03 2.020525212941791438e+02
1.439000000000000000e+03 3.350240180934974319e+02
1.440000000000000000e+03 2.429078265959209091e+02
1.441000000000000000e+03 3.348688558873892021e+02
1.442000000000000000e+03 3.644695727538434085e+02
1.443000000000000000e+03 3.910952572010640438e+02
1.444000000000000000e+03 4.402296806189454514e+02
1.445000000000000000e+03 2.630806099512950595e+02
1.446000000000000000e+03 2.829998817182695348e+02
1.447000000000000000e+03 5.067158706293803903e+02
1.448000000000000000e+03 2.329580215410979918e+02
1.449000000000000000e+03 2.982324022498178806e+02
1.450000000000000000e+03 3.314472179077059764e+02
1.451000000000000000e+03 2.488706952857276917e+02
1.452000000000000000e+03 5.242610032694229858e+02
1.453000000000000000e+03 2.763331885567098425e+02
1.454000000000000000e+03 4.436851256191031325e+02
1.455000000000000000e+03 3.916365135775589010e+02
1.456000000000000000e+03 5.468538705493634779e+02
1.457000000000000000e+03 8.614163556090247766e+02
1.458000000000000000e+03 7.303979751759875398e+02
1.459000000000000000e+03 5.158371305543300878e+02
1.460000000000000000e+03 6.271155854346377510e+02
1.461000000000000000e+03 5.092963372972250227e+02
1.462000000000000000e+03 8.327603151689127117e+02
1.463000000000000000e+03 1.322957903367049994e+03
1.464000000000000000e+03 7.250437323734305437e+02
1.465000000000000000e+03 6.143105254867600706e+02
1.466000000000000000e+03 1.021786825124435040e+03
1.467000000000000000e+03 7.631192319718087447e+02
1.468000000000000000e+03 1.018428244989551786e+03
1.469000000000000000e+03 9.212181359296861274e+02
1.470000000000000000e+03 1.124680015122313989e+03
1.471000000000000000e+03 1.062758655928795633e+03
1.472000000000000000e+03 8.345408258236711845e+02
1.473000000000000000e+03 1.012390183934370953e+03
1.474000000000000000e+03 1.456826351191488811e+03
1.475000000000000000e+03 1.102132956055717614e+03
1.476000000000000000e+03 2.231701089157711522e+03
1.477000000000000000e+03 1.819248770803195157e+03
1.478000000000000000e+03 1.618560514727954114e+03
1.479000000000000000e+03 2.145977495995251502e+03
1.480000000000000000e+03 2.831719945842519337e+03
1.481000000000000000e+03 3.846488547362130248e+03
1.482000000000000000e+03 2.918784872903150244e+03
1.483000000000000000e+03 3.194698405855255260e+03
1.484000000000000000e+03 4.465079350824568792e+03
1.485000000000000000e+03 3.877765781252894612e+03
1.486000000000000000e+03 6.987328978724403896e+03
1.487000000000000000e+03 7.451074218145856321e+03
1.488000000000000000e+03 9.721440798780204204e+03
1.489000000000000000e+03 8.876586237245150187e+03
1.490000000000000000e+03 1.031643839837442101e+04
1.491000000000000000e+03 1.324336952099038353e+04
1.492000000000000000e+03 2.142775747525398401e+04
1.493000000000000000e+03 2.559183013171250423e+04
1.494000000000000000e+03 4.443999432277405867e+04
1.495000000000000000e+03 6.428026303131599707e+04
1.496000000000000000e+03 9.849749986146517040e+04
1.497000000000000000e+03 1.846581825237851299e+05
1.498000000000000000e+03 5.592294329865025356e+05
