# size duration
7.050000000000000711e-03 1.141429180573867441e+00
7.300000000000028688e-03 1.094040221776715338e+00
4.699999999999981970e-03 4.934919851813438507e-01
1.084999999999997078e-02 2.449756550928354315e+00
7.050000000000000711e-03 1.019328512833178824e+00
1.067499999999999005e-02 1.719026623786553465e+00
1.067499999999999005e-02 1.850214466581137751e+00
6.624999999999992006e-03 8.915478077951806135e-01
6.025000000000058087e-03 7.406341385915615749e-01
6.375000000000019540e-03 7.539129343972499342e-01
