# size duration
2.000000000000000000e+00 3.623506046482619786e-02
2.000000000000000000e+00 2.498308012874961292e-02
2.000000000000000000e+00 2.366816001634930444e-02
2.000000000000000000e+00 2.245239227660000836e-02
2.000000000000000000e+00 2.832114061199852983e-02
2.000000000000000000e+00 2.900928870424834827e-02
2.000000000000000000e+00 2.969187386555027786e-02
2.000000000000000000e+00 5.250224578870010816e-02
4.000000000000000000e+00 7.504040463030037245e-02
1.200000000000000000e+01 7.301388337411100160e+00
2.000000000000000000e+00 3.616169813410063938e-02
2.000000000000000000e+00 2.409623476764988226e-02
2.000000000000000000e+00 2.069600762594969723e-02
2.000000000000000000e+00 4.373226470355007223e-02
2.000000000000000000e+00 6.245448684475007894e-02
2.000000000000000000e+00 2.222669170250046733e-02
2.000000000000000000e+00 2.206334388545005964e-02
1.000000000000000000e+01 4.525933715819484782e+00
2.000000000000000000e+00 6.517211876221473688e-02
2.000000000000000000e+00 2.492555718167022150e-02
2.000000000000000000e+00 4.550830316151976973e-02
2.000000000000000000e+00 3.748124435819022437e-02
2.000000000000000000e+00 3.191980865701005143e-02
2.000000000000000000e+00 4.607520923852970185e-02
2.000000000000000000e+00 3.185219119292437284e-02
4.000000000000000000e+00 6.329482489175486393e-02
4.000000000000000000e+00 1.232935582767495930e-01
2.000000000000000000e+00 2.409397932315027191e-02
4.000000000000000000e+00 5.296705284935043778e-02
2.000000000000000000e+00 2.384308635584986291e-02
2.000000000000000000e+00 3.438556581589935490e-02
2.000000000000000000e+00 2.177067587754955014e-02
2.000000000000000000e+00 2.953466615244959570e-02
2.000000000000000000e+00 3.518809260084942991e-02
2.000000000000000000e+00 3.024697213090021819e-02
4.000000000000000000e+00 6.756701822684973990e-02
2.000000000000000000e+00 3.020730805915050610e-02
4.000000000000000000e+00 1.067399044139500930e-01
2.000000000000000000e+00 2.974690877674923684e-02
4.000000000000000000e+00 7.166140486250061059e-02
2.000000000000000000e+00 3.070558444225035544e-02
2.000000000000000000e+00 2.313111477054974330e-02
2.000000000000000000e+00 2.407293770910001740e-02
2.000000000000000000e+00 4.031267032865049060e-02
2.000000000000000000e+00 6.251791103285064821e-02
4.000000000000000000e+00 6.001247910485041359e-02
2.000000000000000000e+00 2.525724501620008056e-02
2.000000000000000000e+00 2.454609335184976260e-02
2.000000000000000000e+00 4.328160440894990302e-02
2.000000000000000000e+00 7.668848971224928590e-02
4.000000000000000000e+00 8.596484572055018702e-02
2.000000000000000000e+00 4.909224748380047743e-02
4.000000000000000000e+00 6.895691559959971073e-02
2.000000000000000000e+00 2.454089928640001972e-02
2.000000000000000000e+00 3.319574037060046834e-02
1.200000000000000000e+01 1.247047305698005282e+01
4.000000000000000000e+00 1.884230368252299836e-01
4.000000000000000000e+00 1.120649072807149427e-01
2.000000000000000000e+00 2.528188017294485945e-02
2.000000000000000000e+00 2.800513462219988980e-02
2.000000000000000000e+00 6.684752462311505106e-02
4.000000000000000000e+00 1.892569077892150009e-01
2.000000000000000000e+00 3.063372278832510176e-02
2.000000000000000000e+00 2.770279119411012125e-02
2.000000000000000000e+00 3.796193666479008577e-02
4.000000000000000000e+00 1.736747233076949559e-01
4.000000000000000000e+00 4.435049482160979828e-02
2.000000000000000000e+00 1.994946570055988744e-02
2.000000000000000000e+00 3.190769137769500219e-02
2.000000000000000000e+00 2.225390872986499069e-02
2.000000000000000000e+00 5.972378672365996621e-02
2.000000000000000000e+00 3.163276182415497573e-02
4.000000000000000000e+00 7.946979286265998255e-02
4.000000000000000000e+00 8.799421283998509757e-02
2.000000000000000000e+00 2.138024087889012215e-02
2.000000000000000000e+00 7.052641591965502776e-02
8.000000000000000000e+00 4.101244801925498784e-01
4.000000000000000000e+00 7.333912363457018024e-02
2.000000000000000000e+00 4.873631999331995424e-02
2.000000000000000000e+00 3.267195456771498918e-02
2.000000000000000000e+00 2.394709654880000649e-02
2.000000000000000000e+00 2.507704114372999449e-02
2.000000000000000000e+00 4.344019648510988318e-02
2.000000000000000000e+00 2.228481538632509640e-02
2.000000000000000000e+00 2.081683213160001600e-02
2.000000000000000000e+00 3.677018186224501051e-02
4.000000000000000000e+00 6.499645216030502937e-02
4.000000000000000000e+00 5.731538591632956425e-02
2.000000000000000000e+00 4.010577144270488503e-02
4.000000000000000000e+00 7.880775994104949334e-02
2.000000000000000000e+00 4.127100328556476683e-02
6.000000000000000000e+00 1.836307549669946582e-01
2.000000000000000000e+00 7.604974952693011048e-02
2.000000000000000000e+00 3.718684327914001386e-02
8.000000000000000000e+00 4.167171356216248235e-01
2.000000000000000000e+00 5.796409991756501512e-02
2.000000000000000000e+00 3.720410606002477749e-02
2.000000000000000000e+00 2.674599133934485451e-02
2.000000000000000000e+00 5.235257872415477465e-02
2.000000000000000000e+00 2.692088260530001165e-02
2.000000000000000000e+00 3.457725256523014323e-02
2.000000000000000000e+00 3.549219086989019445e-02
2.000000000000000000e+00 5.010691770177988502e-02
6.000000000000000000e+00 1.362266427796696711e-01
4.000000000000000000e+00 4.946952270442972477e-02
4.000000000000000000e+00 5.990224465148985544e-02
2.000000000000000000e+00 2.428778751318994011e-02
2.000000000000000000e+00 2.019968732702004388e-02
2.000000000000000000e+00 4.801946576428495206e-02
2.000000000000000000e+00 3.349120008864003850e-02
2.000000000000000000e+00 2.973338228969968355e-02
4.000000000000000000e+00 5.429195197367508996e-02
2.000000000000000000e+00 2.042805210332510057e-02
2.000000000000000000e+00 2.643932345316013510e-02
2.000000000000000000e+00 1.999475636265968248e-02
2.000000000000000000e+00 2.011955419058475414e-02
4.000000000000000000e+00 6.086530164692982581e-02
2.000000000000000000e+00 2.911246832104996685e-02
2.000000000000000000e+00 5.345489369674494284e-02
2.000000000000000000e+00 7.122581011004491813e-02
2.000000000000000000e+00 8.145773044709514465e-02
4.000000000000000000e+00 9.308171911557971967e-02
4.000000000000000000e+00 9.482221344264507579e-02
2.000000000000000000e+00 4.875320763047996664e-02
8.000000000000000000e+00 2.423245804330464992e+00
4.000000000000000000e+00 6.485445458664518270e-02
2.000000000000000000e+00 2.300485444543998170e-02
6.000000000000000000e+00 4.645545309731451411e-01
4.000000000000000000e+00 7.852621713091556543e-02
4.000000000000000000e+00 5.030811323103849819e-01
4.000000000000000000e+00 1.430124510450649922e-01
2.000000000000000000e+00 5.413534288279508999e-02
4.000000000000000000e+00 7.475813102505513008e-02
2.000000000000000000e+00 4.773654820494988016e-02
2.000000000000000000e+00 5.515287980736527373e-02
2.000000000000000000e+00 9.329924929319988181e-02
2.000000000000000000e+00 7.413935997161980040e-02
2.000000000000000000e+00 9.082795631698470373e-02
2.000000000000000000e+00 6.599635869380504616e-02
2.000000000000000000e+00 2.143142646257478745e-02
2.000000000000000000e+00 3.129700544643476690e-02
2.000000000000000000e+00 2.345718984895972525e-02
2.000000000000000000e+00 4.401587447901000871e-02
2.000000000000000000e+00 4.879416637168976223e-02
4.000000000000000000e+00 7.554931453811475350e-02
4.000000000000000000e+00 8.833662925690566325e-02
1.600000000000000000e+01 4.754084152546202979e-01
6.000000000000000000e+00 6.749562898941998679e-01
2.000000000000000000e+00 4.300749125431990727e-02
4.000000000000000000e+00 9.300843181545470628e-02
2.000000000000000000e+00 3.212187454826009869e-02
4.000000000000000000e+00 6.074587718929524982e-02
2.000000000000000000e+00 9.036177543585477423e-02
8.000000000000000000e+00 2.728536835873550004e+00
6.000000000000000000e+00 2.500455302117550183e-01
4.000000000000000000e+00 1.480123554058050406e-01
4.000000000000000000e+00 9.237539070095501792e-02
2.000000000000000000e+00 3.798352752986000613e-02
2.000000000000000000e+00 4.470643685417496904e-02
4.000000000000000000e+00 6.164892123560006265e-02
4.000000000000000000e+00 1.303641098671299847e-01
2.000000000000000000e+00 4.525271903202998658e-02
4.000000000000000000e+00 1.681515434340749016e-01
4.000000000000000000e+00 2.070566483742849462e-01
2.000000000000000000e+00 7.019146904497497452e-02
2.000000000000000000e+00 4.444907119154506425e-02
4.000000000000000000e+00 1.375704853300048214e-01
2.000000000000000000e+00 5.627470923759014809e-02
2.000000000000000000e+00 8.780305118001519027e-02
2.000000000000000000e+00 3.327565317520497779e-02
2.000000000000000000e+00 3.632696664760493022e-02
2.000000000000000000e+00 5.095681422447495557e-02
2.000000000000000000e+00 4.012833989802988555e-02
2.000000000000000000e+00 4.246757740172002471e-02
2.000000000000000000e+00 6.529159585981014757e-02
2.000000000000000000e+00 2.566089667780491190e-02
4.000000000000000000e+00 9.280669918634498750e-02
2.000000000000000000e+00 2.446589897501993960e-02
2.000000000000000000e+00 3.015833324350980504e-02
2.000000000000000000e+00 3.260089813892497190e-02
2.000000000000000000e+00 2.980284191151505446e-02
2.000000000000000000e+00 4.961488784454015644e-02
2.000000000000000000e+00 9.741476743694987839e-02
4.000000000000000000e+00 8.670009851527993305e-02
4.000000000000000000e+00 5.713818021702499195e-02
2.000000000000000000e+00 3.815979164816507563e-02
2.000000000000000000e+00 2.021292706163002606e-02
6.000000000000000000e+00 7.158527548694504361e-02
2.000000000000000000e+00 8.664136849207504376e-02
2.000000000000000000e+00 4.478379062818005352e-02
4.000000000000000000e+00 6.045705974486992318e-02
2.000000000000000000e+00 4.090799326581495698e-02
2.000000000000000000e+00 3.031313245212996499e-02
2.000000000000000000e+00 3.593259142155513786e-02
4.000000000000000000e+00 9.868109089466514661e-02
2.000000000000000000e+00 2.799354131258979805e-02
4.000000000000000000e+00 1.192770957909552454e-01
2.000000000000000000e+00 5.804931002666502415e-02
4.000000000000000000e+00 1.153067330781798461e-01
6.000000000000000000e+00 5.683249432542951673e-01
4.000000000000000000e+00 1.098905715531899308e-01
2.000000000000000000e+00 5.439835047191010631e-02
2.000000000000000000e+00 2.026501526573487588e-02
2.000000000000000000e+00 2.634557327449482678e-02
2.000000000000000000e+00 2.170355878906482516e-02
2.000000000000000000e+00 4.563133614566505791e-02
4.000000000000000000e+00 9.570874017600017325e-02
4.000000000000000000e+00 8.147580124299524940e-02
2.000000000000000000e+00 1.994473353874504085e-02
2.000000000000000000e+00 2.820837188472014034e-02
2.000000000000000000e+00 2.426376156364007386e-02
2.000000000000000000e+00 3.593479975805990989e-02
2.000000000000000000e+00 2.565225630514023081e-02
4.000000000000000000e+00 1.010773639497499765e-01
2.000000000000000000e+00 2.541625478729514498e-02
2.000000000000000000e+00 2.546597367781000543e-02
2.000000000000000000e+00 2.958152803809488418e-02
4.000000000000000000e+00 4.664963036824465448e-02
4.000000000000000000e+00 6.302650281850441516e-02
4.000000000000000000e+00 8.573922612695561440e-02
2.000000000000000000e+00 2.670540809170995900e-02
4.000000000000000000e+00 1.870579457314596183e-01
2.000000000000000000e+00 2.384723360277529736e-02
4.000000000000000000e+00 6.279285352940000564e-02
2.000000000000000000e+00 7.605172534785520355e-02
2.000000000000000000e+00 2.421573769767526585e-02
4.000000000000000000e+00 1.669715462226046832e-01
6.000000000000000000e+00 5.114464327438752456e-01
2.000000000000000000e+00 6.584938558493025340e-02
2.000000000000000000e+00 2.516937208025993300e-02
2.000000000000000000e+00 2.567275365410992549e-02
4.000000000000000000e+00 9.234945953348994152e-02
4.000000000000000000e+00 1.722677236411751522e-01
4.000000000000000000e+00 5.041006440168516178e-02
2.000000000000000000e+00 2.131246818830012657e-02
4.000000000000000000e+00 6.023285137167500025e-02
2.000000000000000000e+00 3.841008122615008347e-02
2.000000000000000000e+00 3.353968566523013450e-02
2.000000000000000000e+00 2.864860905370036903e-02
2.000000000000000000e+00 2.670190414732998008e-02
2.000000000000000000e+00 3.671578836531486090e-02
4.000000000000000000e+00 9.610787224344452540e-02
4.000000000000000000e+00 1.765494727061551750e-01
2.000000000000000000e+00 4.709724750485033695e-02
4.000000000000000000e+00 8.399138895254010251e-02
2.000000000000000000e+00 4.141438287092524817e-02
2.000000000000000000e+00 4.745228038378535018e-02
4.000000000000000000e+00 3.262183319140898874e-01
2.000000000000000000e+00 2.185982704081501637e-02
2.000000000000000000e+00 6.454631317224013287e-02
4.000000000000000000e+00 8.214337901951473953e-02
2.000000000000000000e+00 2.430810185754994635e-02
2.000000000000000000e+00 2.186887196815012757e-02
2.000000000000000000e+00 4.023946713396009400e-02
2.000000000000000000e+00 2.323306497064026033e-02
4.000000000000000000e+00 1.595533544645499902e-01
1.200000000000000000e+01 2.184230371555465400e+00
4.000000000000000000e+00 1.028148139898448221e-01
6.000000000000000000e+00 6.201184432935451518e-01
4.000000000000000000e+00 7.968578369789991456e-02
2.000000000000000000e+00 6.318784627866502746e-02
2.000000000000000000e+00 2.899485220328479329e-02
2.000000000000000000e+00 3.756856881171977136e-02
4.000000000000000000e+00 1.222466840886147210e-01
2.000000000000000000e+00 6.268637523694531311e-02
6.000000000000000000e+00 3.258257966174049614e-01
4.000000000000000000e+00 5.281172574949000165e-02
4.000000000000000000e+00 7.825646895093019140e-02
2.000000000000000000e+00 2.280291568903480837e-02
2.000000000000000000e+00 3.302866408853999403e-02
2.000000000000000000e+00 3.683972866567497562e-02
2.000000000000000000e+00 5.115207587130488065e-02
4.000000000000000000e+00 8.875596340987002009e-02
2.000000000000000000e+00 2.619116866160009494e-02
2.000000000000000000e+00 3.005257062100508136e-02
2.000000000000000000e+00 2.825528305718982836e-02
4.000000000000000000e+00 1.071947760336495747e-01
2.000000000000000000e+00 3.567605237349491532e-02
2.000000000000000000e+00 3.821546348096482859e-02
4.000000000000000000e+00 9.993970439687505092e-02
4.000000000000000000e+00 8.383324977770456599e-02
4.000000000000000000e+00 1.219940255355553838e-01
2.000000000000000000e+00 3.188586631156997697e-02
1.000000000000000000e+01 3.354207598572970017e+00
2.000000000000000000e+00 2.692093163139497314e-02
4.000000000000000000e+00 9.935403526806507735e-02
1.000000000000000000e+01 3.799899375626649700e-01
2.000000000000000000e+00 2.177503955219495246e-02
2.000000000000000000e+00 5.581872393027009771e-02
4.000000000000000000e+00 4.581395151248490727e-02
4.000000000000000000e+00 9.225487223707506956e-02
2.000000000000000000e+00 3.229638996495509673e-02
2.000000000000000000e+00 3.794249232859003840e-02
2.000000000000000000e+00 5.544381736004999617e-02
2.000000000000000000e+00 5.378381981801494405e-02
2.000000000000000000e+00 2.832623577712989338e-02
4.000000000000000000e+00 1.126915765170199979e-01
2.000000000000000000e+00 2.009357663379507386e-02
2.000000000000000000e+00 2.398331092091510186e-02
2.000000000000000000e+00 2.188874510187499567e-02
2.000000000000000000e+00 4.649636894159003830e-02
2.000000000000000000e+00 4.090970942985494574e-02
4.000000000000000000e+00 1.027146433938199710e-01
2.000000000000000000e+00 2.098844464536986365e-02
2.000000000000000000e+00 7.404944893308007536e-02
4.000000000000000000e+00 6.357472815395492916e-02
2.000000000000000000e+00 6.598242297768486253e-02
4.000000000000000000e+00 1.176047551056256246e-01
4.000000000000000000e+00 4.965779484239529751e-02
2.000000000000000000e+00 4.344114081961469864e-02
2.000000000000000000e+00 3.701886876946502980e-02
2.000000000000000000e+00 4.079099294922006180e-02
2.000000000000000000e+00 4.797873608053970784e-02
2.000000000000000000e+00 2.032728908235492682e-02
2.000000000000000000e+00 2.450701162818980094e-02
4.000000000000000000e+00 7.507977121747533289e-02
2.000000000000000000e+00 3.952147334966982228e-02
2.000000000000000000e+00 2.293695413870011635e-02
2.000000000000000000e+00 4.864390542249985572e-02
2.000000000000000000e+00 3.639029401271498543e-02
2.000000000000000000e+00 4.601241196631011832e-02
4.000000000000000000e+00 1.163645556231900358e-01
2.000000000000000000e+00 2.914632212059009575e-02
4.000000000000000000e+00 6.039610486264512801e-02
2.000000000000000000e+00 4.209954886756506198e-02
4.000000000000000000e+00 7.138897138473021542e-02
2.000000000000000000e+00 2.303625555086030730e-02
2.000000000000000000e+00 2.779983006881492358e-02
2.000000000000000000e+00 3.269256381208984763e-02
2.000000000000000000e+00 2.361551707067510719e-02
2.000000000000000000e+00 5.765939167358480333e-02
2.000000000000000000e+00 2.425575752346986746e-02
2.000000000000000000e+00 3.243243574039977872e-02
2.000000000000000000e+00 2.877248579066504774e-02
2.000000000000000000e+00 4.688855843237460519e-02
2.000000000000000000e+00 3.038161098725966625e-02
4.000000000000000000e+00 1.098073228651648137e-01
2.000000000000000000e+00 6.383419694972980452e-02
6.000000000000000000e+00 6.624853532677601464e-01
2.000000000000000000e+00 2.249767484979297016e-01
6.000000000000000000e+00 1.862943158499299479e-01
2.000000000000000000e+00 7.689741884699996533e-02
4.000000000000000000e+00 5.565577231029017469e-02
2.000000000000000000e+00 2.825362232676997820e-02
2.000000000000000000e+00 2.363542978079502532e-02
4.000000000000000000e+00 7.901713887975025941e-02
4.000000000000000000e+00 7.732521348247978210e-02
2.000000000000000000e+00 9.113256919272494372e-02
2.000000000000000000e+00 2.847377596857514348e-02
1.000000000000000000e+01 3.773556403440850637e+00
4.000000000000000000e+00 2.531982771250549380e-01
4.000000000000000000e+00 6.478776527148011333e-02
4.000000000000000000e+00 1.022632913759897733e-01
2.000000000000000000e+00 4.844508084562004768e-02
4.000000000000000000e+00 7.035499985619009244e-02
2.000000000000000000e+00 4.130457828004496790e-02
2.000000000000000000e+00 2.955798774595508327e-02
2.000000000000000000e+00 4.198256100925501499e-02
2.000000000000000000e+00 4.114340460501519914e-02
2.000000000000000000e+00 2.339895736791497427e-02
2.000000000000000000e+00 3.081406954513488117e-02
2.000000000000000000e+00 2.299081376558520518e-02
2.000000000000000000e+00 1.993606276878523431e-02
4.000000000000000000e+00 5.251857968477002814e-02
2.000000000000000000e+00 2.639372024542474549e-02
2.000000000000000000e+00 5.376961306880989611e-02
2.000000000000000000e+00 2.977245441088971489e-02
2.000000000000000000e+00 4.608866002578970722e-02
2.000000000000000000e+00 2.196410110059021648e-02
2.000000000000000000e+00 3.160159946695495492e-02
2.000000000000000000e+00 3.122257234656489189e-02
4.000000000000000000e+00 5.507190272165995992e-02
6.000000000000000000e+00 1.841341708373298580e-01
2.000000000000000000e+00 4.449326389467511689e-02
2.000000000000000000e+00 2.259574655934493137e-02
2.000000000000000000e+00 2.278488356377517121e-02
2.000000000000000000e+00 3.632390555559039669e-02
2.000000000000000000e+00 2.149436015378469733e-02
4.000000000000000000e+00 5.921208849239523175e-02
2.000000000000000000e+00 2.729554674957501703e-02
4.000000000000000000e+00 6.821043051244490840e-02
2.000000000000000000e+00 4.566492089225970830e-02
2.000000000000000000e+00 3.140785696133008287e-02
4.000000000000000000e+00 1.713293261838897408e-01
2.000000000000000000e+00 4.850751028241973017e-02
2.000000000000000000e+00 2.121500135177001312e-02
2.000000000000000000e+00 7.773354522706021896e-02
4.000000000000000000e+00 7.415150968792882935e-02
2.000000000000000000e+00 3.587979938716490125e-02
2.000000000000000000e+00 6.352069953781480649e-02
2.000000000000000000e+00 5.419413067911005299e-02
4.000000000000000000e+00 9.801361950749054586e-02
4.000000000000000000e+00 2.267457283622258402e-01
2.000000000000000000e+00 2.115926637134535326e-02
2.000000000000000000e+00 2.403824400388998583e-02
2.000000000000000000e+00 5.832245266247504389e-02
1.400000000000000000e+01 3.337731874123099907e+00
2.000000000000000000e+00 2.051827289149521505e-02
4.000000000000000000e+00 7.467575312956498124e-02
2.000000000000000000e+00 6.845560736425504444e-02
2.000000000000000000e+00 2.524558857748493423e-02
4.000000000000000000e+00 1.096546085081495647e-01
2.000000000000000000e+00 5.567334138403001731e-02
2.000000000000000000e+00 2.851113584915498933e-02
8.000000000000000000e+00 3.319171220940995148e-01
2.000000000000000000e+00 6.677417696330500974e-02
2.000000000000000000e+00 1.034273393503353233e-01
2.000000000000000000e+00 3.625623145038492368e-02
2.000000000000000000e+00 3.963958657485999737e-02
2.000000000000000000e+00 2.656371863356499219e-02
2.000000000000000000e+00 1.130587540839051996e-01
4.000000000000000000e+00 1.534982569513849704e-01
8.000000000000000000e+00 2.058983861119698666e-01
4.000000000000000000e+00 1.537514202305549915e-01
2.000000000000000000e+00 4.501679783606027385e-02
4.000000000000000000e+00 7.127114361171038581e-02
8.000000000000000000e+00 6.191161187538392063e-01
2.000000000000000000e+00 2.879918669975989332e-02
2.000000000000000000e+00 7.985719500435983775e-02
4.000000000000000000e+00 1.356016945188200928e-01
2.000000000000000000e+00 9.117112449205011515e-02
2.000000000000000000e+00 4.324235880029991819e-02
2.000000000000000000e+00 4.557380497214502668e-02
2.000000000000000000e+00 8.410998738686537024e-02
4.000000000000000000e+00 1.298259869268245659e-01
2.000000000000000000e+00 4.885632736920531016e-02
4.000000000000000000e+00 7.192361579083472733e-02
2.000000000000000000e+00 6.060068387662465028e-02
2.000000000000000000e+00 5.646755578314532897e-02
4.000000000000000000e+00 7.327673709977000627e-02
2.000000000000000000e+00 5.188725189695997386e-02
4.000000000000000000e+00 8.096646093709036762e-02
4.000000000000000000e+00 1.193039066176098117e-01
4.000000000000000000e+00 8.843340780004993462e-02
4.000000000000000000e+00 7.730101902386987689e-02
2.000000000000000000e+00 5.395421315474502322e-02
2.000000000000000000e+00 2.385562369794991255e-02
4.000000000000000000e+00 1.834443123132647457e-01
2.000000000000000000e+00 2.670128553661488269e-02
4.000000000000000000e+00 4.881611129491014722e-02
2.000000000000000000e+00 5.180877712765985521e-02
2.000000000000000000e+00 3.173903954793511062e-02
2.000000000000000000e+00 3.555115467069480673e-02
4.000000000000000000e+00 1.287100462467201112e-01
4.000000000000000000e+00 7.234905131900548625e-02
2.000000000000000000e+00 5.513577712242989648e-02
4.000000000000000000e+00 1.055306926971950610e-01
2.000000000000000000e+00 4.804976606854971521e-02
2.000000000000000000e+00 2.936418632190473943e-02
2.000000000000000000e+00 4.698279067623500893e-02
2.000000000000000000e+00 2.661761178122024063e-02
8.000000000000000000e+00 1.629697521500652613e-01
2.000000000000000000e+00 2.348360304368002360e-02
2.000000000000000000e+00 7.988277847200020432e-02
2.000000000000000000e+00 3.667888230225013757e-02
2.000000000000000000e+00 5.037815946696477809e-02
4.000000000000000000e+00 1.069093760705448481e-01
2.000000000000000000e+00 5.210668698317499903e-02
2.000000000000000000e+00 3.398299436089002867e-02
2.000000000000000000e+00 4.216652239021989601e-02
4.000000000000000000e+00 1.137907958735149272e-01
2.000000000000000000e+00 3.475134657291478746e-02
2.000000000000000000e+00 4.625835099344000056e-02
4.000000000000000000e+00 7.689531260732485052e-02
2.000000000000000000e+00 4.742859822549982951e-02
2.000000000000000000e+00 1.215216940171246485e-01
2.000000000000000000e+00 3.356187380802477804e-02
2.000000000000000000e+00 5.575599391034513630e-02
2.000000000000000000e+00 4.369720956430001024e-02
4.000000000000000000e+00 3.611461072546298112e-01
8.000000000000000000e+00 9.549524713274553100e-01
4.000000000000000000e+00 1.216793947248544949e+00
2.000000000000000000e+00 7.110711190319518593e-02
2.000000000000000000e+00 6.814241440924506676e-02
2.000000000000000000e+00 9.671428639737511546e-02
6.000000000000000000e+00 2.412979123716501029e-01
2.000000000000000000e+00 3.036083464987493485e-02
2.000000000000000000e+00 6.336188637610984387e-02
2.000000000000000000e+00 3.376209464754964529e-02
2.000000000000000000e+00 4.942513222461508704e-02
2.000000000000000000e+00 6.084819959542508983e-02
2.000000000000000000e+00 2.352869772640486801e-02
4.000000000000000000e+00 8.999197191179986177e-02
4.000000000000000000e+00 5.530390388840489280e-02
4.000000000000000000e+00 7.000131052105995622e-02
2.000000000000000000e+00 3.224047500133009336e-02
4.000000000000000000e+00 8.788702444821527848e-02
4.000000000000000000e+00 6.824693841709983388e-02
2.000000000000000000e+00 2.594110738055999121e-02
2.000000000000000000e+00 1.175269282277899840e-01
4.000000000000000000e+00 2.618966039091255027e-01
8.000000000000000000e+00 2.668549833979652064e-01
2.000000000000000000e+00 1.192468870724701091e-01
4.000000000000000000e+00 1.545318824552595061e-01
1.400000000000000000e+01 3.380254363785584637e+00
2.000000000000000000e+00 4.534743434665511330e-02
4.000000000000000000e+00 5.975439981607999496e-02
6.000000000000000000e+00 8.476178313141002896e-02
1.000000000000000000e+01 2.218825879285100111e-01
2.000000000000000000e+00 4.951035135559012090e-02
2.000000000000000000e+00 4.645076288205496340e-02
4.000000000000000000e+00 7.482795598276004156e-02
2.000000000000000000e+00 6.338230097908992278e-02
2.000000000000000000e+00 2.397294671656990950e-02
2.000000000000000000e+00 6.800222090093499538e-02
2.000000000000000000e+00 3.634821732651993820e-02
2.000000000000000000e+00 3.714875809116002792e-02
4.000000000000000000e+00 7.377236383155016952e-02
2.000000000000000000e+00 4.363421411854995213e-02
2.000000000000000000e+00 6.132140730496504766e-02
2.000000000000000000e+00 2.015203016999000951e-02
4.000000000000000000e+00 1.015046020607601740e-01
4.000000000000000000e+00 1.173419348967250642e-01
2.000000000000000000e+00 4.065774509247499502e-02
2.000000000000000000e+00 6.155573058341001769e-02
2.000000000000000000e+00 8.098489031762512447e-02
4.000000000000000000e+00 1.068846982961899617e-01
2.000000000000000000e+00 4.201951552433502712e-02
2.000000000000000000e+00 9.520346406963509089e-02
2.000000000000000000e+00 3.357031868278492759e-02
4.000000000000000000e+00 1.007679725852597130e-01
4.000000000000000000e+00 8.133021821720509692e-02
2.000000000000000000e+00 2.183782301200487552e-02
4.000000000000000000e+00 1.401504020440449416e-01
4.000000000000000000e+00 6.442187527947984549e-02
4.000000000000000000e+00 1.111637857610550117e-01
4.000000000000000000e+00 1.235794128916600787e-01
4.000000000000000000e+00 1.217395044455149566e-01
2.000000000000000000e+00 7.090424102164494258e-02
4.000000000000000000e+00 1.295761309401251005e-01
6.000000000000000000e+00 1.404726911576648085e-01
6.000000000000000000e+00 1.710764587394149050e-01
4.000000000000000000e+00 9.420058937629982587e-02
6.000000000000000000e+00 1.603429332983048461e-01
2.000000000000000000e+00 3.154928618464514223e-02
8.000000000000000000e+00 1.491827207177449655e-01
4.000000000000000000e+00 1.484794799192450387e-01
2.000000000000000000e+00 9.255007804734005639e-02
2.000000000000000000e+00 4.805268496927994626e-02
2.000000000000000000e+00 1.045267682593249425e-01
2.000000000000000000e+01 2.548032224939249080e+00
2.000000000000000000e+00 4.229699212350052084e-02
2.000000000000000000e+00 6.298700247267147168e-02
2.000000000000000000e+00 4.384483584592901995e-02
4.000000000000000000e+00 6.162720549070255238e-02
4.000000000000000000e+00 8.328923368839014074e-02
2.000000000000000000e+00 3.493938282025499387e-02
2.000000000000000000e+00 2.547878766104505477e-02
2.000000000000000000e+00 2.006910874162504133e-02
4.000000000000000000e+00 8.924966293989500254e-02
2.000000000000000000e+00 2.421717655679500592e-02
2.000000000000000000e+00 2.411562010086498731e-02
2.000000000000000000e+00 3.494014486806995556e-02
2.000000000000000000e+00 3.255207734018006338e-02
2.000000000000000000e+00 2.472645366777492804e-02
2.000000000000000000e+00 2.718010618617516805e-02
2.000000000000000000e+00 2.296348413399007526e-02
2.000000000000000000e+00 2.159590852231008107e-02
2.000000000000000000e+00 4.769697551904505950e-02
2.000000000000000000e+00 2.206442235009986597e-02
2.000000000000000000e+00 2.473441978170010103e-02
2.000000000000000000e+00 2.197563090047993661e-02
2.000000000000000000e+00 4.048906901794002700e-02
4.000000000000000000e+00 4.442632595821494057e-02
4.000000000000000000e+00 1.143045435317349146e-01
2.000000000000000000e+00 2.851676222665489036e-02
2.000000000000000000e+00 3.527545995791991906e-02
2.000000000000000000e+00 2.293834792568505421e-02
2.000000000000000000e+00 2.549066557204993089e-02
2.000000000000000000e+00 2.214629528176503825e-02
4.000000000000000000e+00 6.961492627539489497e-02
2.000000000000000000e+00 4.631301421849998157e-02
2.000000000000000000e+00 3.304382076821488212e-02
4.000000000000000000e+00 5.345649521388495806e-02
2.000000000000000000e+00 2.319997431174480873e-02
2.000000000000000000e+00 2.232012876456002104e-02
4.000000000000000000e+00 5.543941842567479128e-02
2.000000000000000000e+00 3.450359231462996057e-02
2.000000000000000000e+00 6.023263050199023638e-02
4.000000000000000000e+00 8.348345578975502335e-02
2.000000000000000000e+00 5.369515224362020334e-02
2.000000000000000000e+00 2.998270580147499587e-02
2.000000000000000000e+00 2.222134288612487296e-02
2.000000000000000000e+00 4.641391430188468448e-02
2.000000000000000000e+00 2.884778070990501320e-02
4.000000000000000000e+00 1.273407840055651441e-01
2.000000000000000000e+00 9.201338493777999616e-02
2.000000000000000000e+00 2.209217788061490495e-02
2.000000000000000000e+00 4.723543302757526874e-02
4.000000000000000000e+00 5.608627903308516238e-02
2.000000000000000000e+00 2.947626301943495619e-02
2.000000000000000000e+00 2.717330973976528341e-02
2.000000000000000000e+00 5.681779927562979893e-02
4.000000000000000000e+00 7.226527625579004521e-02
2.000000000000000000e+00 2.430489170128025123e-02
2.000000000000000000e+00 6.163917152809528233e-02
4.000000000000000000e+00 6.850777200404012390e-02
2.000000000000000000e+00 2.833304879119502573e-02
2.000000000000000000e+00 3.192489481517002403e-02
4.000000000000000000e+00 5.107919989694531537e-02
2.000000000000000000e+00 3.672623288334975200e-02
2.000000000000000000e+00 4.570837915956005304e-02
2.000000000000000000e+00 2.157018837949031820e-02
2.000000000000000000e+00 2.544537213205000370e-02
2.000000000000000000e+00 9.690641230840979503e-02
2.000000000000000000e+00 3.359332869487996476e-02
2.000000000000000000e+00 2.201834109313516308e-02
2.000000000000000000e+00 3.372568483548521456e-02
6.000000000000000000e+00 1.309435801741201111e-01
8.000000000000000000e+00 2.924567767814498787e-01
4.000000000000000000e+00 1.514496569761751843e-01
1.000000000000000000e+01 1.039911101609364508e+00
2.000000000000000000e+00 3.858946524169493131e-02
2.000000000000000000e+00 2.106750963393499987e-02
2.000000000000000000e+00 2.214987857241501601e-02
2.000000000000000000e+00 6.506113943220004359e-02
2.000000000000000000e+00 4.508301772318024092e-02
4.000000000000000000e+00 8.352715064792448629e-02
2.000000000000000000e+00 2.003804800346520310e-02
4.000000000000000000e+00 9.750467933380990715e-02
2.000000000000000000e+00 6.387530930176499311e-02
2.000000000000000000e+00 1.214721166509451500e-01
4.000000000000000000e+00 9.227820366601502400e-02
4.000000000000000000e+00 9.489401007342035399e-02
2.000000000000000000e+00 6.248238452137488963e-02
2.000000000000000000e+00 3.441253208961514432e-02
2.000000000000000000e+00 2.000244947608020851e-02
2.000000000000000000e+00 2.278070758909978011e-02
2.000000000000000000e+00 4.135897382214004381e-02
2.000000000000000000e+00 6.125773926020983140e-02
4.000000000000000000e+00 7.495965840412965875e-02
2.000000000000000000e+00 4.189297721302986943e-02
2.000000000000000000e+00 7.804535730240491631e-02
2.000000000000000000e+00 6.185494628095034031e-02
2.000000000000000000e+00 3.585530996875485599e-02
2.000000000000000000e+00 4.537719646270499396e-02
2.000000000000000000e+00 5.194029504974517764e-02
6.000000000000000000e+00 3.866781393799598732e-01
2.000000000000000000e+00 3.181415813552490590e-02
4.000000000000000000e+00 5.585248883521520824e-02
2.000000000000000000e+00 4.965356023115008455e-02
2.000000000000000000e+00 2.359671568862475866e-02
2.000000000000000000e+00 3.233631531188985164e-02
2.000000000000000000e+00 4.729384227190003287e-02
2.000000000000000000e+00 4.606060371401010656e-02
6.000000000000000000e+00 1.064708319201099762e-01
4.000000000000000000e+00 4.792421355050979770e-02
2.000000000000000000e+00 2.820100529417990387e-02
2.000000000000000000e+00 3.110320184818471390e-02
4.000000000000000000e+00 7.483654811736029089e-02
2.000000000000000000e+00 3.488573772173531040e-02
2.000000000000000000e+00 5.231054391139000614e-02
2.000000000000000000e+00 2.089383870249017505e-02
2.000000000000000000e+00 5.770333464935983869e-02
2.000000000000000000e+00 2.413293660848481181e-02
2.000000000000000000e+00 2.463824218070964633e-02
4.000000000000000000e+00 1.082266061747905184e-01
4.000000000000000000e+00 1.064493864831796976e-01
2.000000000000000000e+00 3.987819846507001387e-02
2.000000000000000000e+00 5.372687642866980084e-02
2.000000000000000000e+00 2.815744888014970471e-02
4.000000000000000000e+00 7.806226468349031222e-02
4.000000000000000000e+00 5.474996043879976071e-02
2.000000000000000000e+00 2.690331503355025689e-02
4.000000000000000000e+00 4.926775643594005771e-02
4.000000000000000000e+00 7.040538495949499875e-02
6.000000000000000000e+00 1.177156827457452870e-01
2.000000000000000000e+00 2.594002968020969746e-02
4.000000000000000000e+00 9.204522727594977027e-02
4.000000000000000000e+00 1.206319429628250894e-01
4.000000000000000000e+00 8.606093703756512170e-02
4.000000000000000000e+00 6.028568919610988175e-02
4.000000000000000000e+00 4.457326762364806072e-01
2.000000000000000000e+00 1.266482075009149888e-01
4.000000000000000000e+00 5.565896848692997168e-02
4.000000000000000000e+00 1.046255248231298118e-01
6.000000000000000000e+00 6.399261846449944002e-01
4.000000000000000000e+00 1.532556795216497569e-01
2.000000000000000000e+00 6.224383907340014233e-02
4.000000000000000000e+00 7.664481356609043061e-02
2.000000000000000000e+00 4.826124235924522665e-02
2.000000000000000000e+00 2.132977670729019337e-02
2.000000000000000000e+00 5.279212687832002260e-02
2.000000000000000000e+00 4.323327418227984609e-02
4.000000000000000000e+00 1.191397338554249785e-01
2.000000000000000000e+00 2.269903268090001092e-02
2.000000000000000000e+00 6.272412635429969185e-02
2.000000000000000000e+00 5.862061106238503072e-02
4.000000000000000000e+00 2.295666478728000115e-01
4.000000000000000000e+00 1.010306708138051235e-01
4.000000000000000000e+00 7.226960870606990994e-02
2.000000000000000000e+00 9.996558076919992430e-02
6.000000000000000000e+00 1.356972819540747111e-01
2.000000000000000000e+00 5.231844199897484060e-02
2.000000000000000000e+00 8.240519026824477677e-02
8.000000000000000000e+00 9.812657610581703160e-01
6.000000000000000000e+00 5.450390108823897073e-01
2.000000000000000000e+00 3.034533897487490250e-02
2.000000000000000000e+00 6.781862384119996534e-02
4.000000000000000000e+00 5.499058714071480836e-02
4.000000000000000000e+00 1.319392906915650698e-01
2.000000000000000000e+00 8.936992788234476848e-02
4.000000000000000000e+00 2.168259479741601048e-01
4.000000000000000000e+00 4.708708711723019746e-02
2.000000000000000000e+00 3.103795228694528063e-02
2.000000000000000000e+00 3.219158782810982444e-02
8.000000000000000000e+00 1.034940190981299857e+00
4.000000000000000000e+00 1.504473124468050926e-01
4.000000000000000000e+00 8.451450654804482099e-02
1.000000000000000000e+01 4.003879260736046497e+00
2.000000000000000000e+00 2.073711538043698788e-02
6.000000000000000000e+00 7.893320436527798134e-02
4.000000000000000000e+00 5.701357111298649416e-02
4.000000000000000000e+00 6.578733593664903845e-02
2.000000000000000000e+00 2.274573224584902631e-02
4.000000000000000000e+00 6.231669449596843879e-02
4.000000000000000000e+00 7.458637168177495447e-02
2.000000000000000000e+00 4.531126950218500316e-02
2.000000000000000000e+00 4.147097293010004737e-02
2.000000000000000000e+00 2.930077293923993853e-02
2.000000000000000000e+00 2.715629209135994593e-02
4.000000000000000000e+00 9.911062498290501566e-02
4.000000000000000000e+00 9.641954212318015749e-02
2.000000000000000000e+00 3.198521606645998716e-02
4.000000000000000000e+00 7.964130255830503824e-02
2.000000000000000000e+00 6.683606854015999854e-02
4.000000000000000000e+00 1.163508276282401166e-01
2.000000000000000000e+00 2.506798798241505200e-02
4.000000000000000000e+00 5.241409807820496258e-02
4.000000000000000000e+00 4.566748470601500465e-02
2.000000000000000000e+00 2.720310499835010276e-02
2.000000000000000000e+00 3.301530244708494877e-02
2.000000000000000000e+00 4.243944481244010802e-02
4.000000000000000000e+00 8.921042551495994566e-02
2.000000000000000000e+00 4.455072922559999427e-02
2.000000000000000000e+00 3.201881851711996241e-02
2.000000000000000000e+00 3.083389414079507063e-02
2.000000000000000000e+00 4.544018557503015643e-02
2.000000000000000000e+00 3.143612823748487273e-02
2.000000000000000000e+00 3.072285177320499550e-02
2.000000000000000000e+00 3.691981441631519978e-02
2.000000000000000000e+00 2.966687478032992153e-02
4.000000000000000000e+00 8.611121121666998057e-02
2.000000000000000000e+00 4.247373722472502777e-02
4.000000000000000000e+00 1.247380325581251004e-01
2.000000000000000000e+00 2.669610891060503199e-02
2.000000000000000000e+00 2.831821919144994482e-02
2.000000000000000000e+00 5.812209282578995051e-02
2.000000000000000000e+00 2.701327910746997851e-02
4.000000000000000000e+00 6.700728473195494139e-02
2.000000000000000000e+00 3.493283045521988761e-02
2.000000000000000000e+00 3.746064545716509819e-02
2.000000000000000000e+00 2.019217563156505690e-02
2.000000000000000000e+00 2.048307928878490003e-02
2.000000000000000000e+00 2.621438974746492789e-02
2.000000000000000000e+00 3.371073184885009510e-02
2.000000000000000000e+00 2.000504032909500296e-02
2.000000000000000000e+00 3.110602948002494372e-02
2.000000000000000000e+00 4.167490402970486230e-02
2.000000000000000000e+00 4.069853141806012431e-02
2.000000000000000000e+00 3.390894765268015476e-02
2.000000000000000000e+00 2.580440151134499871e-02
2.000000000000000000e+00 3.563333162323978343e-02
4.000000000000000000e+00 5.399548316152991134e-02
2.000000000000000000e+00 4.480939825675989141e-02
4.000000000000000000e+00 9.363696932239529147e-02
6.000000000000000000e+00 8.875941813615506604e-02
4.000000000000000000e+00 1.468825164382501214e-01
2.000000000000000000e+00 2.380726374645503185e-02
2.000000000000000000e+00 2.298984130333003861e-02
2.000000000000000000e+00 2.445326379388035321e-02
2.000000000000000000e+00 2.873235820191011314e-02
2.000000000000000000e+00 2.504143163841998643e-02
2.000000000000000000e+00 2.001800614245485832e-02
2.000000000000000000e+00 2.937781917307002999e-02
2.000000000000000000e+00 4.663466581623509910e-02
2.000000000000000000e+00 2.568766395509980427e-02
2.000000000000000000e+00 2.841304819224488298e-02
2.000000000000000000e+00 2.164332174692029653e-02
2.000000000000000000e+00 2.566712618886013431e-02
2.000000000000000000e+00 3.913522199511465516e-02
2.000000000000000000e+00 3.983579636522005529e-02
2.000000000000000000e+00 3.605777596603498836e-02
2.000000000000000000e+00 5.082376468030513905e-02
2.000000000000000000e+00 4.226911268440947111e-02
2.000000000000000000e+00 2.940548519636454472e-02
2.000000000000000000e+00 2.195168688161519555e-02
2.000000000000000000e+00 2.398922720459051305e-02
4.000000000000000000e+00 6.272679219019394736e-02
2.000000000000000000e+00 4.190741197440051025e-02
2.000000000000000000e+00 3.004049515935047765e-02
2.000000000000000000e+00 2.121202144729483763e-02
2.000000000000000000e+00 3.594460333881510650e-02
2.000000000000000000e+00 2.535175611057471912e-02
2.000000000000000000e+00 4.058342241337520306e-02
2.000000000000000000e+00 5.322960505538976150e-02
2.000000000000000000e+00 2.343995243109997517e-02
2.000000000000000000e+00 2.358801689860001716e-02
2.000000000000000000e+00 5.009121046285081036e-02
2.000000000000000000e+00 2.852992718050018084e-02
2.000000000000000000e+00 4.592160367000008847e-02
8.000000000000000000e+00 5.018587180178490925e+00
2.000000000000000000e+00 1.055084444341449768e-01
4.000000000000000000e+00 2.315546750359098738e-01
2.000000000000000000e+00 3.917457713236993655e-02
2.000000000000000000e+00 4.169033151677492555e-02
2.000000000000000000e+00 4.319218697608517843e-02
2.000000000000000000e+00 2.924208823531015966e-02
4.000000000000000000e+00 1.067618756695503102e-01
2.000000000000000000e+00 8.048176722521516169e-02
6.000000000000000000e+00 1.452444798789795932e-01
2.000000000000000000e+00 4.059456363911007060e-02
2.000000000000000000e+00 2.420766922045469727e-02
8.000000000000000000e+00 3.988182139058999987e-01
4.000000000000000000e+00 1.303694039017200268e-01
2.000000000000000000e+00 3.222735149753486183e-02
2.000000000000000000e+00 8.479977454094500544e-02
2.000000000000000000e+00 2.131948214536993902e-02
4.000000000000000000e+00 1.293932303845499732e-01
4.000000000000000000e+00 3.847703258979553453e-01
2.000000000000000000e+00 4.231565032574469143e-02
2.000000000000000000e+00 2.344833069330976016e-02
2.000000000000000000e+00 2.054071561805459467e-02
8.000000000000000000e+00 5.555010959042913754e+00
2.000000000000000000e+00 5.415559796886992849e-02
8.000000000000000000e+00 1.322013268117701035e-01
4.000000000000000000e+00 1.154858451967151201e-01
4.000000000000000000e+00 1.197278231557599160e-01
2.000000000000000000e+00 2.603531093319499945e-02
4.000000000000000000e+00 1.233593881649948099e-01
4.000000000000000000e+00 1.140292599525749573e-01
2.000000000000000000e+00 2.348330791919983618e-02
8.000000000000000000e+00 1.996172504046498375e-01
2.000000000000000000e+00 2.987351735977505918e-02
4.000000000000000000e+00 4.513023373606506183e-02
2.000000000000000000e+00 2.327265028800007407e-02
4.000000000000000000e+00 5.096925110511496548e-02
2.000000000000000000e+00 2.388561288437496266e-02
2.000000000000000000e+00 2.394322252005509633e-02
2.000000000000000000e+00 4.497038052770485628e-02
2.000000000000000000e+00 2.039081465251491032e-02
2.000000000000000000e+00 5.091230527968493291e-02
2.000000000000000000e+00 5.045642340797007463e-02
2.000000000000000000e+00 5.947016839940499899e-02
2.000000000000000000e+00 4.914582191066507733e-02
2.000000000000000000e+00 3.696753092317006661e-02
4.000000000000000000e+00 8.232244472985494887e-02
4.000000000000000000e+00 7.074045176479981656e-02
4.000000000000000000e+00 1.679572430895599489e-01
2.000000000000000000e+00 2.384737104463496848e-02
2.000000000000000000e+00 2.031570386186509758e-02
4.000000000000000000e+00 1.257445214185350935e-01
2.000000000000000000e+00 5.214685343780001148e-02
4.000000000000000000e+00 1.178889297934249125e-01
2.000000000000000000e+00 4.253333457328523082e-02
6.000000000000000000e+00 1.551149375252298679e-01
2.000000000000000000e+00 2.190338186944029708e-02
1.200000000000000000e+01 6.056574738531150803e-01
4.000000000000000000e+00 1.804305487518551576e-01
4.000000000000000000e+00 1.099086368207951026e-01
2.000000000000000000e+00 7.112895491609516618e-02
4.000000000000000000e+00 1.083113311718599814e-01
2.000000000000000000e+00 2.472728573579496825e-02
2.000000000000000000e+00 9.116119269658007340e-02
4.000000000000000000e+00 4.319383482506000682e-02
2.000000000000000000e+00 4.148046498699509144e-02
4.000000000000000000e+00 5.223659049693996081e-02
2.000000000000000000e+00 3.929619340490986268e-02
2.000000000000000000e+00 2.097387816720486242e-02
4.000000000000000000e+00 8.807273135035509348e-02
2.000000000000000000e+00 1.525798632603250216e-01
2.000000000000000000e+00 7.285479191416510680e-02
2.000000000000000000e+00 5.342190474022001645e-02
2.000000000000000000e+00 1.201269273679650418e-01
2.000000000000000000e+00 2.272610309179490251e-02
4.000000000000000000e+00 9.782312732571507574e-02
2.000000000000000000e+00 2.428273725058494037e-02
4.000000000000000000e+00 1.482352826470449969e-01
2.000000000000000000e+00 5.317894116576504793e-02
4.000000000000000000e+00 2.390331550568403074e-01
4.000000000000000000e+00 1.972440742019949678e-01
2.000000000000000000e+00 8.399931442184005448e-02
4.000000000000000000e+00 8.391788362014507285e-02
4.000000000000000000e+00 1.301965691676452153e-01
4.000000000000000000e+00 1.703243665513198835e-01
2.000000000000000000e+00 7.193401508964503144e-02
6.000000000000000000e+00 1.078143958875060093e+00
2.000000000000000000e+00 2.384390632210497962e-02
2.000000000000000000e+00 2.161376106396994956e-02
2.000000000000000000e+00 2.782592739317002462e-02
2.000000000000000000e+00 5.083727534189508290e-02
2.000000000000000000e+00 5.095870718789496934e-02
2.000000000000000000e+00 4.202279553247501021e-02
4.000000000000000000e+00 7.080430809932014569e-02
2.000000000000000000e+00 4.064145308539490742e-02
2.000000000000000000e+00 3.309963274888994000e-02
2.000000000000000000e+00 2.397938009711997331e-02
2.000000000000000000e+00 5.210812131858499896e-02
6.000000000000000000e+00 1.675615402458847658e-01
4.000000000000000000e+00 1.036929428541650822e-01
4.000000000000000000e+00 7.897143777170523293e-02
4.000000000000000000e+00 1.508699200755749814e-01
2.000000000000000000e+00 3.097403108296004071e-02
4.000000000000000000e+00 1.025886503116850701e-01
2.000000000000000000e+00 3.286527631032498675e-02
2.000000000000000000e+00 7.670911860204499000e-02
2.000000000000000000e+00 7.494768421534003799e-02
4.000000000000000000e+00 6.900756920691009100e-02
2.000000000000000000e+00 5.919661781220986185e-02
2.000000000000000000e+00 3.218206674556500779e-02
1.400000000000000000e+01 3.909458407460325358e+00
4.000000000000000000e+00 1.025941382867635032e-01
2.000000000000000000e+00 3.209830094257751232e-02
2.000000000000000000e+00 4.541125043017449348e-02
2.000000000000000000e+00 4.986414573691150265e-02
2.000000000000000000e+00 6.880600476369175267e-02
4.000000000000000000e+00 9.101071480612074605e-02
2.000000000000000000e+00 2.182579482465349385e-02
2.000000000000000000e+00 2.964541578610370431e-02
2.000000000000000000e+00 2.885816005693865247e-02
2.000000000000000000e+00 2.142497648852945136e-02
4.000000000000000000e+00 6.128170402319969151e-02
2.000000000000000000e+00 2.240794576409249617e-02
2.000000000000000000e+00 2.500237983904948780e-02
4.000000000000000000e+00 4.928033596339251310e-02
2.000000000000000000e+00 2.535208842652852956e-02
2.000000000000000000e+00 2.082775250038448878e-02
2.000000000000000000e+00 3.556305160486000760e-02
2.000000000000000000e+00 2.616660551313754191e-02
4.000000000000000000e+00 5.686560272435609020e-02
2.000000000000000000e+00 1.996625477834501616e-02
2.000000000000000000e+00 5.445314434748005361e-02
2.000000000000000000e+00 2.674572587021994963e-02
4.000000000000000000e+00 5.876967431161994604e-02
2.000000000000000000e+00 2.763376421545504780e-02
4.000000000000000000e+00 6.366070813304003373e-02
2.000000000000000000e+00 2.980219082601498481e-02
2.000000000000000000e+00 4.173575020235997801e-02
2.000000000000000000e+00 2.194504135957997537e-02
2.000000000000000000e+00 2.754195792434999124e-02
2.000000000000000000e+00 4.700109667143992365e-02
2.000000000000000000e+00 3.761728907417993817e-02
2.000000000000000000e+00 2.400412016680997240e-02
2.000000000000000000e+00 2.068627108145504323e-02
4.000000000000000000e+00 6.858840621794515258e-02
4.000000000000000000e+00 6.182936165753005753e-02
2.000000000000000000e+00 2.302115921730996106e-02
2.000000000000000000e+00 3.854568052874984829e-02
2.000000000000000000e+00 3.129949627438999293e-02
4.000000000000000000e+00 5.576687933271506914e-02
2.000000000000000000e+00 4.072248287800483979e-02
2.000000000000000000e+00 2.375718032059515039e-02
2.000000000000000000e+00 2.247289484598002929e-02
2.000000000000000000e+00 3.353110362115008236e-02
2.000000000000000000e+00 2.402543291717984530e-02
4.000000000000000000e+00 7.959224108689499921e-02
4.000000000000000000e+00 7.033203385574515742e-02
2.000000000000000000e+00 2.415325559226499941e-02
2.000000000000000000e+00 2.787472843386495924e-02
2.000000000000000000e+00 3.131397160991999939e-02
2.000000000000000000e+00 2.602105761892481439e-02
2.000000000000000000e+00 3.798186361403987910e-02
2.000000000000000000e+00 3.602649895351994758e-02
2.000000000000000000e+00 2.533992463018996943e-02
2.000000000000000000e+00 2.222442663759993664e-02
4.000000000000000000e+00 6.202903542317939056e-02
4.000000000000000000e+00 6.180579732771018797e-02
4.000000000000000000e+00 5.832493789034520759e-02
2.000000000000000000e+00 2.547455738444970308e-02
2.000000000000000000e+00 2.131880261637464358e-02
2.000000000000000000e+00 2.878095988937001692e-02
2.000000000000000000e+00 4.036478679880994846e-02
4.000000000000000000e+00 5.983662838771008907e-02
2.000000000000000000e+00 2.869978636528003335e-02
2.000000000000000000e+00 2.960931947839995360e-02
4.000000000000000000e+00 6.510827122911555520e-02
2.000000000000000000e+00 2.750643342612502096e-02
2.000000000000000000e+00 2.193900492084033260e-02
2.000000000000000000e+00 2.149904075856490238e-02
2.000000000000000000e+00 2.018568892049010799e-02
2.000000000000000000e+00 4.511115571768975485e-02
2.000000000000000000e+00 3.168654410564464285e-02
4.000000000000000000e+00 6.783751980475516419e-02
2.000000000000000000e+00 3.086475922317521992e-02
2.000000000000000000e+00 2.562930727504486583e-02
6.000000000000000000e+00 4.371168106611000859e-01
2.000000000000000000e+00 2.118703098711494093e-02
2.000000000000000000e+00 3.782668536432476358e-02
2.000000000000000000e+00 2.709337573701997570e-02
4.000000000000000000e+00 9.386566625511516548e-02
4.000000000000000000e+00 6.194656581631496906e-02
2.000000000000000000e+00 2.128000885311509549e-02
