# size duration
3.250000000000000000e+00 9.306900620267324342e+00
1.250000000000000000e-01 2.172088115626191751e-02
1.750000000000000000e+00 4.539865935305916977e+00
3.750000000000000000e-01 9.666245326627764811e-02
7.500000000000000000e-01 4.332062686226025860e-01
1.125000000000000000e+00 8.059367858225665593e-01
1.250000000000000000e-01 2.145169070922525734e-02
2.500000000000000000e-01 6.738214721883339919e-02
1.250000000000000000e-01 1.882175116078466104e-02
2.500000000000000000e-01 5.595397091481224550e-02
2.500000000000000000e-01 4.855030017757400174e-02
2.500000000000000000e-01 6.985835960477437823e-02
2.500000000000000000e-01 3.749991404757757607e-02
2.500000000000000000e-01 3.765209859573648288e-02
3.750000000000000000e-01 1.152342476161489770e-01
2.000000000000000000e+00 1.082840677817721975e+00
1.000000000000000000e+00 4.402811604336989149e-01
1.000000000000000000e+00 5.678658146863169165e-01
6.250000000000000000e-01 2.039124707402981684e-01
5.000000000000000000e-01 1.543044077844832884e-01
5.000000000000000000e-01 1.684841368683800411e-01
1.250000000000000000e-01 2.116832864811257764e-02
3.750000000000000000e-01 8.696300391876743419e-02
3.750000000000000000e-01 7.282949899064217192e-02
2.500000000000000000e-01 7.256116193837502948e-02
1.250000000000000000e-01 1.896728114107837371e-02
1.250000000000000000e-01 1.852638866335531986e-02
1.250000000000000000e-01 1.754175467935858990e-02
3.250000000000000000e+00 8.118644541882879651e+00
8.750000000000000000e-01 1.158448977780757394e+00
6.250000000000000000e-01 2.800019029650839819e-01
6.250000000000000000e-01 3.175543498463264669e-01
1.375000000000000000e+00 1.738382247412880721e+00
2.500000000000000000e-01 4.976618813399913410e-02
2.500000000000000000e-01 5.520610067819387012e-02
3.750000000000000000e-01 9.902869372394995651e-02
2.500000000000000000e-01 5.124327510881454550e-02
2.500000000000000000e-01 9.435849689011344132e-02
2.500000000000000000e-01 4.401864573741853803e-02
2.500000000000000000e-01 3.893382787894039687e-02
1.250000000000000000e-01 2.339324669057152306e-02
1.250000000000000000e-01 2.108909085204424549e-02
1.250000000000000000e-01 1.815463165667852152e-02
2.500000000000000000e-01 4.389040238412400541e-02
2.500000000000000000e-01 4.414940522164956249e-02
2.500000000000000000e-01 3.896074859046105843e-02
5.000000000000000000e-01 1.234105303851782409e-01
2.500000000000000000e-01 4.987918921776124392e-02
3.750000000000000000e-01 1.040454186059127650e-01
2.500000000000000000e-01 3.938958278463733365e-02
2.500000000000000000e-01 3.821625149442819946e-02
1.250000000000000000e-01 1.797285939680381972e-02
2.500000000000000000e-01 4.893151847179666447e-02
2.500000000000000000e-01 4.093670580279429316e-02
5.500000000000000000e+00 7.235879872577644534e+00
3.750000000000000000e-01 1.343345512433615774e-01
1.250000000000000000e-01 3.069298981256851633e-02
2.500000000000000000e-01 6.640377293478927356e-02
6.250000000000000000e-01 4.150541499547726332e-01
3.750000000000000000e-01 1.592492321368377262e-01
2.500000000000000000e-01 3.876602386002891976e-02
2.500000000000000000e-01 4.970458926636167618e-02
2.500000000000000000e-01 4.565962578828886009e-02
1.250000000000000000e-01 2.141535300474428638e-02
4.375000000000000000e+00 6.694978010913255950e+00
6.250000000000000000e-01 1.689983181830995163e-01
3.750000000000000000e-01 1.030467250861896722e-01
7.500000000000000000e-01 3.360899276708593786e-01
6.250000000000000000e-01 2.532812221356078863e-01
6.250000000000000000e-01 1.310330280032084294e-01
2.500000000000000000e-01 3.976988756203209130e-02
2.500000000000000000e-01 4.124896858952820100e-02
5.000000000000000000e-01 9.016952100110928181e-02
2.500000000000000000e-01 4.169621575297216554e-02
2.500000000000000000e-01 4.263253652398646398e-02
2.500000000000000000e-01 4.422860187655186515e-02
7.500000000000000000e-01 2.116923062586892890e-01
1.250000000000000000e-01 2.012220169771916645e-02
1.250000000000000000e-01 2.204391756310108974e-02
1.250000000000000000e-01 1.975544305469512096e-02
5.000000000000000000e-01 1.842390747313782384e-01
2.500000000000000000e-01 5.126816633730602035e-02
1.250000000000000000e-01 1.778992820883695813e-02
1.250000000000000000e-01 1.979464598702129763e-02
3.750000000000000000e-01 8.039468033670038594e-02
2.500000000000000000e-01 4.292260580895224109e-02
7.500000000000000000e-01 3.762389742893823552e-01
1.250000000000000000e-01 1.866139750300011002e-02
6.250000000000000000e-01 1.914358014281489773e-01
5.000000000000000000e-01 1.928657691002273467e-01
1.250000000000000000e-01 2.399758047653310911e-02
1.250000000000000000e-01 2.148766215280950576e-02
1.250000000000000000e-01 2.146642910846807695e-02
2.500000000000000000e-01 5.757701137523252299e-02
3.000000000000000000e+00 4.115975972003653283e+00
5.000000000000000000e-01 8.413497139672498903e-02
2.500000000000000000e-01 4.623741595563091167e-02
1.250000000000000000e-01 2.119155301970687688e-02
1.250000000000000000e-01 1.871348210206580376e-02
1.250000000000000000e-01 1.811527836914894607e-02
1.250000000000000000e-01 1.734436769045011317e-02
2.375000000000000000e+00 8.514098494563286934e-01
1.625000000000000000e+00 6.971212171117677769e-01
1.250000000000000000e-01 1.890519072900964659e-02
1.250000000000000000e-01 2.991759962435835973e-02
2.500000000000000000e-01 6.064426552277790705e-02
4.750000000000000000e+00 4.788710474772463144e+00
1.625000000000000000e+00 7.596171879413846639e-01
7.500000000000000000e-01 2.566764282890039439e-01
5.000000000000000000e-01 1.557024894965106654e-01
3.750000000000000000e-01 1.010533588910487168e-01
3.750000000000000000e-01 1.256603486097493949e-01
2.500000000000000000e-01 7.339769629981818255e-02
1.250000000000000000e-01 1.793257234128553534e-02
2.500000000000000000e-01 5.117614778418433374e-02
2.500000000000000000e-01 6.479701638381785145e-02
2.500000000000000000e-01 5.378011972347884750e-02
1.250000000000000000e-01 2.706915686443611690e-02
2.500000000000000000e-01 3.814415125053027822e-02
1.250000000000000000e-01 2.086437168039623202e-02
2.500000000000000000e-01 5.278835051516050925e-02
2.500000000000000000e-01 5.650480358263720859e-02
6.250000000000000000e-01 4.296332269426494932e-01
1.250000000000000000e-01 1.866473255802025832e-02
2.500000000000000000e-01 4.270721477065064775e-02
5.000000000000000000e-01 1.343617481424801419e-01
2.500000000000000000e-01 4.121663205789305451e-02
2.500000000000000000e-01 4.353414692381463169e-02
2.500000000000000000e-01 5.035019356344072605e-02
3.750000000000000000e-01 6.172116538806804442e-02
2.500000000000000000e-01 3.721992602562274044e-02
1.250000000000000000e-01 3.083999650633728606e-02
2.500000000000000000e-01 6.176580804511733191e-02
3.750000000000000000e-01 1.277075228715380817e-01
1.250000000000000000e-01 1.779442838598921384e-02
4.375000000000000000e+00 4.250777381667592891e+00
1.375000000000000000e+00 5.885408744382196744e-01
3.750000000000000000e-01 7.953043219904643024e-02
5.000000000000000000e-01 2.149271550359932448e-01
3.750000000000000000e-01 1.144995744844301555e-01
3.750000000000000000e-01 6.438994752017146439e-02
3.750000000000000000e-01 6.784520862856657786e-02
2.500000000000000000e-01 4.618254657942610919e-02
1.250000000000000000e-01 2.164028989117916524e-02
5.000000000000000000e-01 1.322867275332351156e-01
1.250000000000000000e-01 1.855644495433272922e-02
1.250000000000000000e-01 1.927696855620375516e-02
2.500000000000000000e-01 7.190516652044642854e-02
2.500000000000000000e-01 3.557663072283734351e-02
2.500000000000000000e-01 3.546983230548272914e-02
3.750000000000000000e-01 1.756755571269739136e-01
3.750000000000000000e-01 9.608645318861963602e-02
2.500000000000000000e-01 6.383378474100531719e-02
2.500000000000000000e-01 3.979001300426032728e-02
2.500000000000000000e-01 4.908061993234991149e-02
2.500000000000000000e-01 6.131234794100892671e-02
1.125000000000000000e+00 2.680499660315489585e-01
5.000000000000000000e-01 2.771940328117996621e-01
5.000000000000000000e-01 1.206034545786942580e-01
2.500000000000000000e-01 4.761081606912798136e-02
1.250000000000000000e-01 1.946723552879570107e-02
1.250000000000000000e-01 1.877167919436040222e-02
1.000000000000000000e+00 5.671979301111700345e-01
5.000000000000000000e-01 1.071356270051819770e-01
2.875000000000000000e+00 2.353573782246441315e+00
2.500000000000000000e-01 4.582187588883357421e-02
2.500000000000000000e-01 6.035347618224529143e-02
6.250000000000000000e-01 2.714585725603169131e-01
2.500000000000000000e-01 5.573553660821106703e-02
1.250000000000000000e-01 1.835725791339948287e-02
1.250000000000000000e-01 2.310096215368773187e-02
2.500000000000000000e-01 4.038976247252890062e-02
3.750000000000000000e-01 1.017237402453567974e-01
1.250000000000000000e-01 2.197551526469654348e-02
3.750000000000000000e-01 1.272875326988254230e-01
3.750000000000000000e-01 1.391549451948748128e-01
5.000000000000000000e-01 1.681529722669399263e-01
2.500000000000000000e-01 4.461034470925140383e-02
3.750000000000000000e-01 1.122619479177067170e-01
3.750000000000000000e-01 8.212084056017010525e-02
1.250000000000000000e-01 1.996662850590569249e-02
1.250000000000000000e-01 1.889556531960989716e-02
2.500000000000000000e-01 4.271934998138604556e-02
2.500000000000000000e-01 6.228860116989620721e-02
3.250000000000000000e+00 2.156484566518560797e+00
6.250000000000000000e-01 2.462674849348305273e-01
1.375000000000000000e+00 7.856329458318904724e-01
5.000000000000000000e-01 2.981919963783432603e-01
3.750000000000000000e-01 7.091105256933749601e-02
3.750000000000000000e-01 6.429942294286150606e-02
1.250000000000000000e-01 1.867422035379306955e-02
2.500000000000000000e-01 4.518315536650097108e-02
1.250000000000000000e-01 1.932765724094043236e-02
2.500000000000000000e-01 4.711587847852527489e-02
2.500000000000000000e-01 5.889143173352051619e-02
2.500000000000000000e-01 4.990780109799874964e-02
1.250000000000000000e-01 1.843536769988762813e-02
1.250000000000000000e-01 2.624991551233124554e-02
2.500000000000000000e-01 5.287740289878861688e-02
2.500000000000000000e-01 5.756155092311487920e-02
2.500000000000000000e-01 6.126837488346348337e-02
2.500000000000000000e-01 3.588282271597487139e-02
3.750000000000000000e-01 6.518616116191733312e-02
3.750000000000000000e-01 6.944148395613591873e-02
2.500000000000000000e-01 5.077668573775451222e-02
3.750000000000000000e-01 7.720317353902927948e-02
2.500000000000000000e-01 3.929683021340713012e-02
6.250000000000000000e-01 1.570419689357827053e-01
2.500000000000000000e-01 4.769744965057842734e-02
1.250000000000000000e-01 1.888469004396142736e-02
1.250000000000000000e-01 2.049244765817093139e-02
5.000000000000000000e-01 1.646172423294216536e-01
7.500000000000000000e-01 3.808636816380732704e-01
5.000000000000000000e-01 1.261910284021392492e-01
2.500000000000000000e-01 5.781584728765087888e-02
2.500000000000000000e-01 3.888395190582016880e-02
2.500000000000000000e-01 6.024279768014428882e-02
3.750000000000000000e-01 7.067128702605396384e-02
3.750000000000000000e-01 1.058179088984307903e-01
2.500000000000000000e-01 4.333040181486280673e-02
2.500000000000000000e-01 5.596977265259095446e-02
7.500000000000000000e-01 3.571959000636359960e-01
7.500000000000000000e-01 3.229164697517097338e-01
2.250000000000000000e+00 1.328394841632329904e+00
6.250000000000000000e-01 2.671514008532187567e-01
8.750000000000000000e-01 7.531688846986877017e-01
5.000000000000000000e-01 1.588877131867110215e-01
2.500000000000000000e-01 6.176528679173154401e-02
3.750000000000000000e-01 1.353780409137828045e-01
2.500000000000000000e-01 5.379327983972981286e-02
2.500000000000000000e-01 6.404977594549743358e-02
2.500000000000000000e-01 5.170548975439492878e-02
1.250000000000000000e-01 2.072551434167646534e-02
2.500000000000000000e-01 5.892075057704060370e-02
1.250000000000000000e-01 2.263042108185064905e-02
1.250000000000000000e-01 1.775628724262823255e-02
2.500000000000000000e-01 3.978092716553227604e-02
3.750000000000000000e-01 7.351978783356383218e-02
1.250000000000000000e-01 1.863053973491624049e-02
1.250000000000000000e-01 2.138282503518817990e-02
1.250000000000000000e-01 1.924502811296946447e-02
1.250000000000000000e-01 1.894923297554784725e-02
8.750000000000000000e-01 3.269163545115172376e-01
3.750000000000000000e-01 6.877056434807826690e-02
1.875000000000000000e+00 1.221549815619733970e+00
5.000000000000000000e-01 1.237963505567853950e-01
3.750000000000000000e-01 6.946837315532139456e-02
5.000000000000000000e-01 1.800778288008872963e-01
2.500000000000000000e-01 5.028748741192856642e-02
3.750000000000000000e-01 1.476212640946008570e-01
3.750000000000000000e-01 8.451725841675861162e-02
2.625000000000000000e+00 2.148373532006050635e+00
5.000000000000000000e-01 1.795269556838194891e-01
5.000000000000000000e-01 1.274680531185399257e-01
2.500000000000000000e-01 4.575400860404466030e-02
3.750000000000000000e-01 1.426317961931586886e-01
3.750000000000000000e-01 9.704885348032288306e-02
2.500000000000000000e-01 4.777976778985637552e-02
2.500000000000000000e-01 8.323852541147180872e-02
3.750000000000000000e-01 9.557769632606394339e-02
8.750000000000000000e-01 4.040945620758762402e-01
3.750000000000000000e-01 1.240478017893318352e-01
3.750000000000000000e-01 6.715929202184334201e-02
3.750000000000000000e-01 1.194807362681356011e-01
3.750000000000000000e-01 1.278799207812642003e-01
2.500000000000000000e-01 4.669033981966386193e-02
1.250000000000000000e-01 2.059728361961488119e-02
2.500000000000000000e-01 4.725912826293576785e-02
2.500000000000000000e-01 5.959026693747526693e-02
2.500000000000000000e-01 5.106533398045209893e-02
2.500000000000000000e-01 4.195184688811215423e-02
5.000000000000000000e-01 1.555799690662436063e-01
6.250000000000000000e-01 2.391517957159474683e-01
3.750000000000000000e-01 1.135578417704086185e-01
5.000000000000000000e-01 1.439418157541898502e-01
3.750000000000000000e-01 7.164633653130314528e-02
8.750000000000000000e-01 5.742023875138948519e-01
6.250000000000000000e-01 1.783732796441688251e-01
1.500000000000000000e+00 5.805995525116347533e-01
6.250000000000000000e-01 2.541802713149314830e-01
1.000000000000000000e+00 4.235850618475285323e-01
3.750000000000000000e-01 8.766978176448070315e-02
2.500000000000000000e-01 4.057143263037721326e-02
2.375000000000000000e+00 1.177480414970208056e+00
2.500000000000000000e-01 6.301492674767361635e-02
3.750000000000000000e-01 8.355479118783915027e-02
5.000000000000000000e-01 1.237048061478676075e-01
1.250000000000000000e-01 2.145217922324071935e-02
1.250000000000000000e-01 1.811825064048733225e-02
1.250000000000000000e-01 2.650366343268162339e-02
1.250000000000000000e-01 2.399565662565628088e-02
3.750000000000000000e-01 1.126690059592250215e-01
2.500000000000000000e-01 4.370661120016960943e-02
3.750000000000000000e-01 7.134976792442282445e-02
2.500000000000000000e-01 3.789175165370428644e-02
2.500000000000000000e-01 4.092506994853950530e-02
3.750000000000000000e-01 1.059780692942138280e-01
2.500000000000000000e-01 4.155113620864625545e-02
3.750000000000000000e-01 9.225299393108388202e-02
3.750000000000000000e-01 6.124752443081282749e-02
2.500000000000000000e-01 4.900345965851515828e-02
3.750000000000000000e-01 8.503578013540291636e-02
2.500000000000000000e-01 4.838303888944661679e-02
1.250000000000000000e-01 2.290580506599271260e-02
1.750000000000000000e+00 7.160272131231981696e-01
2.500000000000000000e-01 5.122025168480703883e-02
6.250000000000000000e-01 1.992415218533234444e-01
2.500000000000000000e-01 4.496394009513204892e-02
3.750000000000000000e-01 8.862279600657441136e-02
2.500000000000000000e-01 5.601734381010503583e-02
2.500000000000000000e-01 4.394170481386217020e-02
3.750000000000000000e-01 1.196654013967100028e-01
3.750000000000000000e-01 7.725958451065384480e-02
1.250000000000000000e-01 1.895886841431559944e-02
2.500000000000000000e-01 9.389522047252585324e-02
2.500000000000000000e-01 4.627267733349782475e-02
3.750000000000000000e-01 6.526328315490070864e-02
3.750000000000000000e-01 8.786581000416759935e-02
1.250000000000000000e-01 1.857091127944610065e-02
1.250000000000000000e-01 1.888373711729851578e-02
2.500000000000000000e-01 3.963122085650949700e-02
1.250000000000000000e-01 2.007855594590512993e-02
2.500000000000000000e-01 4.034606717282507304e-02
2.500000000000000000e-01 4.778618962353586852e-02
1.250000000000000000e-01 2.356531450250676230e-02
3.375000000000000000e+00 1.500926834442668500e+00
7.500000000000000000e-01 4.349338618288816072e-01
2.250000000000000000e+00 8.037772207886559883e-01
5.000000000000000000e-01 1.413020292951956414e-01
3.750000000000000000e-01 1.377054429154918047e-01
2.500000000000000000e-01 5.956039638450283391e-02
3.750000000000000000e-01 7.277063396675087503e-02
3.750000000000000000e-01 9.123245890133846459e-02
2.500000000000000000e-01 4.176800492852228430e-02
5.000000000000000000e-01 2.126816068156722750e-01
1.375000000000000000e+00 6.335304729907078602e-01
5.000000000000000000e-01 1.565946465623970774e-01
1.250000000000000000e-01 1.737805379166523778e-02
1.250000000000000000e-01 2.455106030099152292e-02
2.500000000000000000e-01 4.384480051758066210e-02
1.250000000000000000e-01 2.469183725643642191e-02
2.500000000000000000e-01 6.817337155842562169e-02
3.750000000000000000e-01 6.432320012031489398e-02
3.750000000000000000e-01 9.884419558723900323e-02
2.500000000000000000e-01 4.713412373002290323e-02
2.500000000000000000e-01 4.033806453261812308e-02
2.500000000000000000e-01 6.070938577522966284e-02
2.500000000000000000e-01 5.337446976503423812e-02
1.250000000000000000e-01 2.091770927210134801e-02
1.250000000000000000e-01 2.300546292245986280e-02
2.500000000000000000e-01 4.758500850069413701e-02
5.000000000000000000e-01 9.640999437628305913e-02
3.750000000000000000e+00 4.045048096088107670e+00
6.250000000000000000e-01 2.603277723669870092e-01
6.250000000000000000e-01 1.964854804325510962e-01
3.750000000000000000e-01 7.619275732576058502e-02
1.250000000000000000e-01 2.267750767924514577e-02
3.750000000000000000e-01 1.548839491963667214e-01
3.750000000000000000e-01 8.069826106903388308e-02
2.500000000000000000e-01 6.136832364725774980e-02
2.500000000000000000e-01 4.656038471445045346e-02
2.500000000000000000e-01 4.462519605355197427e-02
8.750000000000000000e-01 2.700009392148592369e-01
3.750000000000000000e-01 7.132509845755530264e-02
2.500000000000000000e-01 5.603518948470487260e-02
1.250000000000000000e-01 2.660166978267097804e-02
5.000000000000000000e-01 1.145712180891269583e-01
2.500000000000000000e-01 4.168419438466353100e-02
3.750000000000000000e-01 7.548763795220159167e-02
1.250000000000000000e-01 1.821941655578784847e-02
2.500000000000000000e-01 7.002568291481781060e-02
1.250000000000000000e-01 2.027054387936289004e-02
2.500000000000000000e-01 5.016035981970023983e-02
3.750000000000000000e-01 9.503932077650123489e-02
1.250000000000000000e-01 1.774456363992982233e-02
2.500000000000000000e-01 5.523741951390892524e-02
2.500000000000000000e-01 5.996554839213130705e-02
2.500000000000000000e-01 8.006208402009029612e-02
1.250000000000000000e-01 1.774047077430429553e-02
3.750000000000000000e-01 8.779323781333481236e-02
2.500000000000000000e-01 4.300162749370173287e-02
2.500000000000000000e-01 4.976278289383628817e-02
5.000000000000000000e-01 1.326998336295424075e-01
2.500000000000000000e-01 4.256263396166293234e-02
2.500000000000000000e-01 6.712054415860002621e-02
5.000000000000000000e-01 1.229465516582535223e-01
6.250000000000000000e-01 2.935495893378363697e-01
1.250000000000000000e-01 1.922589733546820057e-02
2.500000000000000000e-01 4.523668814188930298e-02
2.500000000000000000e-01 4.954837452794080832e-02
2.500000000000000000e-01 6.435046572671954124e-02
2.500000000000000000e-01 4.265783053555693982e-02
1.625000000000000000e+00 6.309222711122721705e-01
5.875000000000000000e+00 5.884148145106577132e+00
7.500000000000000000e-01 2.087895043849121723e-01
2.500000000000000000e-01 6.810682765523157212e-02
6.250000000000000000e-01 2.746404769050321271e-01
1.250000000000000000e-01 1.834321430514540552e-02
5.000000000000000000e-01 1.395119803554796256e-01
2.500000000000000000e-01 7.921100841198636111e-02
3.750000000000000000e-01 7.410779864780669968e-02
1.250000000000000000e-01 2.168258994125693562e-02
3.750000000000000000e-01 8.749928427154674004e-02
2.875000000000000000e+00 2.089566210434562699e+00
1.375000000000000000e+00 7.313923874451844220e-01
6.250000000000000000e-01 1.396868984451972162e-01
1.250000000000000000e-01 2.059924616119651608e-02
5.000000000000000000e-01 2.354326386768336166e-01
2.500000000000000000e-01 6.532208749786516666e-02
2.500000000000000000e-01 4.353704272693226240e-02
5.000000000000000000e-01 9.132758035408317099e-02
1.250000000000000000e-01 2.015423866943377718e-02
2.500000000000000000e-01 5.454585799576117111e-02
2.500000000000000000e-01 4.987608225921147387e-02
2.500000000000000000e-01 4.644964299615694792e-02
2.500000000000000000e-01 4.334694503253611053e-02
1.250000000000000000e-01 1.971413215353434722e-02
2.500000000000000000e-01 5.005804609812813943e-02
2.500000000000000000e-01 5.062138755059186757e-02
1.250000000000000000e-01 2.000763787181902842e-02
2.500000000000000000e-01 3.663391785504943599e-02
2.500000000000000000e-01 3.552050786666827165e-02
5.000000000000000000e-01 1.250817144796334546e-01
1.000000000000000000e+00 2.375889340452850274e-01
2.500000000000000000e-01 3.828611836885764674e-02
1.250000000000000000e-01 1.934216695128077035e-02
1.250000000000000000e-01 1.810961604196137387e-02
