# size duration
8.400000000000018563e-03 4.744422113556605036e-01
2.799999999999969180e-03 1.017661457018672194e-01
6.800000000000028244e-03 4.743003402084299824e-01
8.000000000000229150e-04 1.986472500815127801e-02
3.999999999999559464e-04 1.008199158066888992e-02
7.599999999999995648e-03 3.039052189738028487e-01
4.000000000000114575e-04 1.097992356805438732e-02
7.999999999999674039e-04 2.179267223763367914e-02
3.600000000000047606e-03 2.045388385829848832e-01
2.400000000000013234e-03 1.134252319702189760e-01
1.599999999999990319e-03 4.251438350940499322e-02
3.599999999999992095e-03 1.702791459772660387e-01
8.000000000000229150e-04 2.102036843399970184e-02
2.000000000000001776e-03 6.287220871310036929e-02
2.799999999999969180e-03 1.078643309594886357e-01
1.599999999999990319e-03 5.940010336617333742e-02
2.000000000000001776e-03 6.502233588062442116e-02
2.000000000000001776e-03 6.225606402556961572e-02
2.000000000000001776e-03 7.328850054333498065e-02
2.000000000000001776e-03 6.736340780239964687e-02
2.400000000000013234e-03 9.259608185568443672e-02
1.599999999999934808e-03 4.498027123785772186e-02
2.000000000000001776e-03 5.460202775322021973e-02
2.000000000000001776e-03 6.834578649879832768e-02
7.999999999999118927e-04 2.422585078865328520e-02
2.000000000000001776e-03 6.236640817213068289e-02
1.599999999999934808e-03 4.352804893552337379e-02
1.599999999999934808e-03 5.038678779833820343e-02
7.999999999999118927e-04 2.031609747666292612e-02
2.800000000000024691e-03 1.411019762189411331e-01
1.599999999999934808e-03 4.479742254943940710e-02
2.000000000000001776e-03 8.577670844515457305e-02
2.000000000000001776e-03 7.710456969669449157e-02
1.199999999999978861e-03 3.679630699016543660e-02
2.000000000000001776e-03 7.753223781385468194e-02
3.599999999999936584e-03 1.511992848437306025e-01
2.399999999999957723e-03 9.441808469144014060e-02
3.599999999999936584e-03 1.738061094132631601e-01
3.599999999999936584e-03 1.701003364207481772e-01
3.199999999999980638e-03 1.876344547673526875e-01
8.000000000000229150e-04 2.125296893776036297e-02
1.599999999999934808e-03 4.556791096721386769e-02
2.400000000000068745e-03 1.155368783102611319e-01
2.399999999999957723e-03 1.040418192442791739e-01
2.000000000000001776e-03 7.074170864359204114e-02
1.600000000000045830e-03 4.825707370549713049e-02
1.599999999999934808e-03 4.557407661390336373e-02
4.799999999999915445e-03 3.143245822126423672e-01
2.399999999999957723e-03 8.097724869065810183e-02
2.000000000000001776e-03 6.026154086975005209e-02
2.399999999999957723e-03 8.536206173500429650e-02
3.199999999999980638e-03 9.143701805397219662e-02
