9.897600719364997579e-03 2.787857999999998962e-03
1.514000330251192086e-02 1.115583000000000199e-02
1.982347431497797838e-02 6.927982025113518967e-03
2.499944999394954070e-02 7.471251988868663103e-03
2.885847516761992984e-02 5.385812999999998844e-03
3.590205704413080429e-02 7.290896000000000703e-03
4.202893408117566038e-02 5.211148999999999989e-03
5.374015723832788194e-02 5.256643000000000947e-03
6.436958030333063407e-02 4.625588415315826790e-03
7.738149145366106374e-02 4.738625844553989025e-03
9.022848495701384086e-02 4.947413771520329726e-03
1.146499406890365419e-01 4.279225000000000216e-03
1.369280369391166208e-01 5.244304999999999453e-03
1.655909333266782080e-01 4.511407000000001132e-03
2.041667969531544558e-01 4.355603868889596116e-03
2.488853215840636790e-01 4.257616000000000525e-03
2.976870695881818629e-01 4.164018000000000233e-03
3.662191174693102957e-01 4.031377999999999524e-03
4.434801732884959824e-01 3.779899000000000193e-03
5.410349134760178424e-01 3.831058999999999940e-03
6.526327512468226288e-01 3.602327000000000220e-03
7.952611317674209701e-01 3.611098000000001387e-03
9.660099107152069209e-01 3.718383000000000885e-03
1.170856670007047073e+00 3.749159999999998778e-03
1.425169495358358684e+00 3.613673000000000406e-03
1.731798228059986844e+00 3.550571269096282779e-03
2.100168885827997212e+00 3.518527999999999500e-03
2.543899113172532367e+00 3.621414000000000317e-03
3.068616082601404393e+00 3.657041999999998370e-03
3.689616140467727234e+00 3.516418999999998928e-03
4.423071376001070476e+00 3.543970999999999493e-03
