0.000000	-387.940006	-0.011817
0.000000	-339.300210	-0.010909
0.000000	-307.081367	-0.009993
0.000000	-280.183291	-0.009084
0.000000	-238.429829	-0.008177
0.000000	-203.226108	-0.007270
0.000000	-170.888510	-0.006361
0.000000	-141.037355	-0.005452
0.000000	-111.950942	-0.004545
0.000000	-65.000053	-0.003639
0.000000	-40.027217	-0.002725
0.000000	-13.240232	-0.001816
0.000000	-0.681220	-0.000906
0.000000	0.000000	0.000000
0.000000	0.263235	0.000907
0.000000	0.479806	0.001814
0.000000	0.646205	0.002721
0.000000	0.788705	0.003624
0.000000	1.324401	0.004532
0.000000	1.343170	0.005441
0.000000	1.268447	0.006347
0.000000	1.803224	0.007261
0.000000	2.322418	0.008169
0.000000	2.150211	0.009075
0.000000	1.717340	0.009982
0.000000	2.632208	0.010893
0.000000	2.288378	0.010893
0.110887	2.622602	0.010894
0.161279	3.691039	0.035869
0.213227	5.777071	0.061789
0.264944	8.742857	0.087728
0.314464	13.586876	0.112448
0.366312	18.100466	0.138348
0.416671	21.162093	0.163604
0.466686	25.193067	0.188549
0.516567	29.378697	0.213474
0.566718	33.598053	0.238503
0.616446	36.449012	0.263480
0.666583	39.856950	0.288477
0.716133	41.528298	0.313229
0.766767	43.941584	0.338528
0.816106	47.072762	0.363342
0.866567	50.147595	0.388463
0.916603	53.099595	0.413487
0.968846	56.048103	0.439603
1.019833	58.930398	0.464999
1.072486	60.975512	0.491092
1.122080	64.279250	0.516107
1.174217	67.181631	0.542249
1.223928	68.846354	0.567231
1.273997	71.309574	0.592217
1.323834	72.868468	0.617172
1.374829	74.805985	0.642252
1.425046	77.428480	0.667714
1.475389	78.826940	0.692719
1.524974	80.122879	0.717653
1.574560	82.494091	0.742446
1.623945	85.878948	0.767236
1.673788	87.881720	0.792070
1.726633	89.868383	0.817375
1.776241	91.010003	0.843340
1.826541	91.427316	0.868437
1.876569	92.542877	0.893441
1.926870	94.632775	0.918636
1.976201	95.481934	0.943393
2.026597	97.570323	0.968441
2.076545	99.577010	0.993225
2.126282	101.394943	1.018357
2.177737	103.175047	1.044046
2.227782	104.974893	1.069060
2.278550	106.092617	1.094456
2.328893	108.155802	1.119619
2.378907	110.741319	1.144661
2.430141	112.719210	1.170085
2.480084	114.403885	1.195134
2.529749	116.515866	1.220021
2.579601	118.014301	1.244978
2.628953	120.637195	1.269673
2.679108	121.565582	1.294713
2.729021	121.803841	1.319659
2.779395	123.311497	1.344562
2.828719	127.411437	1.369553
2.878729	131.786292	1.394648
2.929080	132.903004	1.419713
2.979050	135.401305	1.444658
3.029610	136.281873	1.469692
3.079411	136.909961	1.494718
3.131746	138.179576	1.520801
3.182429	138.300465	1.546372
3.232334	138.743464	1.571199
3.282239	139.278489	1.596290
3.331532	140.795855	1.621011
3.381927	141.832641	1.646063
3.431760	143.350000	1.671098
3.482598	144.882624	1.696088
3.532176	145.972656	1.721251
3.582447	147.506715	1.746402
3.632111	148.380196	1.771201
3.682270	148.831505	1.796277
3.732443	148.832978	1.821411
3.782138	149.668079	1.846286
3.832675	152.968411	1.871317
3.882639	154.819191	1.896451
3.932015	157.051421	1.921286
3.982497	159.052617	1.946472
4.032741	159.749055	1.971677
4.082192	160.098988	1.996326
4.131969	160.463380	2.021145
4.182671	161.594935	2.046336
4.233892	164.146230	2.072246
4.284248	165.308920	2.097320
4.333712	167.866288	2.122145
4.383920	169.275320	2.147233
4.434353	169.696132	2.172401
4.484386	170.048656	2.197385
4.534795	170.117357	2.222356
4.584705	170.784246	2.247546
4.635427	171.234123	2.272819
4.685010	172.518480	2.297603
4.736294	173.320908	2.323204
4.786237	174.853050	2.348273
4.837065	176.232024	2.373468
4.887780	176.655287	2.398854
4.937875	177.260388	2.423961
4.988037	177.937515	2.449088
5.038634	178.972967	2.474597
5.089780	180.535397	2.500040
5.139937	182.168782	2.525049
5.189865	183.973410	2.550131
5.240670	185.014796	2.575524
5.290914	185.774296	2.600663
5.341015	186.172872	2.625813
5.391333	186.697828	2.650898
5.441457	187.324576	2.675953
5.491605	187.653697	2.701021
5.541358	188.114180	2.725905
5.591131	188.528226	2.750794
5.641367	189.169970	2.775849
5.691361	189.983494	2.800874
5.741471	191.615918	2.825924
5.791533	193.548292	2.850971
5.841209	194.494921	2.875813
5.892079	195.177185	2.901208
5.942355	195.522651	2.926360
5.992443	195.532271	2.951438
6.042945	196.415683	2.976674
6.094408	196.570727	3.002350
6.144900	196.993743	3.027645
6.194522	198.273501	3.052386
6.245162	199.534379	3.077747
6.296647	200.518184	3.103445
6.347334	201.016761	3.128782
6.397475	201.363165	3.153890
6.447360	201.970439	3.178882
6.496900	202.897320	3.203615
6.547301	204.079067	3.228794
6.599059	204.906781	3.254546
6.649823	205.646488	3.280109
6.699608	206.210962	3.304982
6.750395	207.103832	3.330283
6.800923	207.776610	3.355645
6.851038	208.099887	3.380744
6.901163	208.338045	3.405795
6.951256	208.579551	3.430902
7.002197	209.182906	3.456146
7.052627	209.737711	3.481374
7.102806	210.388856	3.506471
7.154488	210.874472	3.532236
7.204725	211.105321	3.557623
7.256413	211.951576	3.583216
7.307051	212.816370	3.608663
7.357708	213.120220	3.633993
7.408472	212.611260	3.659546
7.458883	214.376928	3.684798
7.510119	215.602754	3.710190
7.561114	216.244634	3.735709
7.611857	216.199863	3.761165
7.661283	216.588180	3.785884
7.711744	217.902791	3.811100
7.762462	218.510534	3.836446
7.813010	219.160857	3.861709
7.863918	219.721206	3.887163
7.914705	220.260030	3.912331
7.964558	220.443353	3.937458
8.015326	220.939597	3.962879
8.066081	220.706442	3.988382
8.116312	221.098589	4.013362
8.166562	221.808769	4.038477
8.216514	222.344695	4.063421
8.267185	222.558357	4.088827
8.319402	222.923186	4.114654
8.369260	222.864942	4.139720
8.419475	223.699335	4.164800
8.469907	224.054993	4.190216
8.519659	224.269410	4.214932
8.570573	224.851871	4.240201
8.621491	225.225263	4.266043
8.671112	225.607519	4.290853
8.721376	225.980424	4.315940
8.771203	226.582006	4.340771
8.820654	226.979851	4.365622
8.871258	227.087512	4.390826
8.921337	227.315791	4.415709
8.971170	227.887870	4.440813
9.021269	228.330269	4.465873
9.071229	228.587024	4.490748
9.122016	228.852380	4.516289
9.172587	229.332852	4.541470
9.223186	230.082139	4.566762
9.274793	230.533405	4.592428
9.325302	231.199599	4.617851
9.376390	232.117783	4.643365
9.426884	232.631181	4.668643
9.477709	233.274369	4.694043
9.527475	233.399360	4.718969
9.578898	233.935423	4.744654
9.629258	234.410614	4.769692
9.679154	234.273666	4.794702
9.728947	235.123387	4.819727
9.779164	235.859857	4.844739
9.829096	236.182815	4.869723
9.878803	236.623168	4.894616
9.929172	237.158628	4.919759
9.979061	237.803842	4.944702
10.028934	238.165495	4.969662
10.078977	239.029384	4.994648
10.128679	239.319290	5.000000
12.259776	244.370599	4.999997
12.311755	244.476401	4.948320
12.361624	244.195782	4.898256
12.410823	243.845022	4.848583
12.460061	244.368035	4.799263
12.509292	243.658573	4.750191
12.557610	243.277237	4.701781
12.607087	243.460295	4.652712
12.655223	243.136186	4.604098
12.703479	243.012384	4.555689
12.752655	242.682173	4.506837
12.801351	242.981309	4.458299
12.850424	242.735479	4.409168
12.899066	242.434661	4.360484
12.948564	242.399403	4.311002
12.998096	242.255239	4.261370
13.048076	241.747218	4.211602
13.096433	242.069560	4.162891
13.145024	242.117868	4.114389
13.194351	241.700666	4.065157
13.242883	241.486212	4.016592
13.291401	241.537581	3.968152
13.339990	240.956161	3.919439
13.389209	241.055140	3.870323
13.437412	240.767982	3.821954
13.487017	240.725277	3.773134
13.536021	240.288711	3.723344
13.585109	240.302401	3.674135
13.634339	240.313329	3.625143
13.683907	240.045210	3.575957
13.732728	239.605872	3.526589
13.781284	239.407388	3.478175
13.829654	239.490503	3.429631
13.878753	239.345297	3.380782
13.927738	238.939372	3.331781
13.976725	238.970108	3.282944
14.025508	238.964716	3.234213
14.074206	238.668844	3.185321
14.123464	238.753092	3.136108
14.171589	238.129765	3.087797
14.220365	238.116295	3.038920
14.268877	238.213985	2.990423
14.317329	238.092404	2.942266
14.366034	237.842105	2.893465
14.414939	237.755982	2.844424
14.464513	237.269328	2.795025
14.513185	236.988707	2.746229
14.561559	236.981024	2.697718
14.610160	236.694943	2.649254
14.658919	236.271301	2.600527
14.707807	236.249479	2.551708
14.757619	236.245123	2.502057
14.806059	236.120216	2.453386
14.855096	235.733439	2.404427
14.904299	235.900377	2.355104
14.952227	235.753539	2.306919
15.000988	235.566569	2.258644
15.049431	235.291640	2.210112
15.098444	235.005174	2.161066
15.147022	234.508269	2.112459
15.196289	234.516897	2.063126
15.244850	233.756130	2.014672
15.294049	233.813947	1.965458
15.343128	234.116167	1.916709
15.392393	233.452685	1.866966
15.440929	233.486797	1.818468
15.489891	232.957721	1.769292
15.538486	232.787018	1.720807
15.588022	232.859283	1.671474
15.636270	232.804466	1.623201
15.684480	232.418759	1.574939
15.733475	231.841934	1.526359
15.782625	231.851767	1.476851
15.831396	231.757726	1.428015
15.880059	231.631337	1.379303
15.928809	231.189466	1.330703
15.977306	230.937761	1.282263
16.026069	230.426844	1.233263
16.075007	230.642333	1.184398
16.124229	230.219776	1.135291
16.174028	229.942987	1.085310
16.222621	229.839529	1.036907
16.271383	229.262447	0.988303
16.319806	228.965730	0.939783
16.368255	228.650728	0.891152
16.417053	228.682003	0.842446
16.466443	227.713247	0.793401
16.516005	227.952500	0.743641
16.564903	227.652690	0.694477
16.614355	227.543778	0.645084
16.663703	227.046530	0.595724
16.712822	226.743771	0.546565
16.761431	226.063920	0.498911
76.895786	222.055471	0.498909
76.945003	221.920486	0.450316
76.994525	221.178868	0.400922
77.044080	220.481961	0.351357
77.093697	220.755752	0.301680
77.142141	220.540323	0.252860
77.190994	220.153222	0.204297
77.239426	219.907799	0.155891
77.288889	218.937969	0.106405
77.336918	217.971493	0.058380
77.385295	216.837627	0.009906
77.434482	214.463270	0.000000
