# size duration
1.200000000000089884e-04 2.399815614468481240e-02
2.399999999999902212e-04 2.957183608273226266e-02
7.199999999999984190e-04 2.287137011504285500e-01
7.199999999999984190e-04 1.628383421093849148e-01
1.200000000000089884e-04 2.096687673640521693e-02
3.599999999999992095e-04 6.006762211859243555e-02
3.599999999999992095e-04 8.865463526376698988e-02
3.599999999999992095e-04 1.281591352439343245e-01
7.199999999999984190e-04 1.504278117398538672e-01
2.399999999999902212e-04 3.866271506247570544e-02
6.000000000000171863e-04 9.371184738677203196e-02
5.999999999999894307e-04 1.387796595932928589e-01
2.400000000000179767e-04 6.917422335177975112e-02
5.999999999999894307e-04 2.129028346674173289e-01
2.400000000000179767e-04 8.727455471714928859e-02
2.399999999999902212e-04 2.954988634460233715e-02
8.400000000000074074e-04 1.496365251890452164e-01
3.599999999999992095e-04 7.526674311522110750e-02
3.599999999999992095e-04 1.125881986449658173e-01
2.399999999999902212e-04 4.149206303770913012e-02
4.800000000000081979e-04 1.010843281065059024e-01
3.599999999999992095e-04 7.599702035638708497e-02
1.200000000000089884e-04 2.418225485734604510e-02
1.200000000000089884e-04 1.841724280381683981e-02
3.599999999999992095e-04 1.233295839601497301e-01
1.200000000000089884e-04 2.295475056815744416e-02
1.200000000000089884e-04 1.535854140195251974e-02
1.200000000000089884e-04 2.140363025771526914e-02
1.200000000000089884e-04 1.426312816668015744e-02
2.399999999999902212e-04 4.269862383288047791e-02
2.399999999999902212e-04 5.115177940067807544e-02
2.400000000000179767e-04 5.550863476289458892e-02
2.400000000000179767e-04 6.266137569573390631e-02
2.399999999999902212e-04 4.963585488928527745e-02
3.599999999999992095e-04 7.674850662138110735e-02
7.199999999999984190e-04 1.689079375115760673e-01
1.199999999999812328e-04 1.432791345838960867e-02
4.800000000000081979e-04 9.845681799722222349e-02
3.599999999999992095e-04 9.138466446715476366e-02
3.600000000000269651e-04 8.666858187763175347e-02
3.599999999999992095e-04 6.570382468511806739e-02
1.200000000000367439e-04 2.356033319743198323e-02
5.999999999999894307e-04 1.855528735512383953e-01
3.599999999999714539e-04 7.378349255808373808e-02
1.200000000000089884e-04 1.452483329610527660e-02
5.999999999999894307e-04 1.524566461668475648e-01
2.400000000000179767e-04 3.362510433953477818e-02
2.400000000000179767e-04 4.196378014838492154e-02
4.800000000000359535e-04 1.577300866822245462e-01
2.399999999999624656e-04 3.464198363824150945e-02
2.400000000000179767e-04 4.162442925098139984e-02
1.199999999999534772e-04 1.655370582711997857e-02
2.399999999999624656e-04 6.221485258109910738e-02
3.599999999999714539e-04 7.317859221073196030e-02
1.200000000000089884e-04 1.941863955441993153e-02
1.200000000000089884e-04 1.752727323822371799e-02
1.200000000000089884e-04 2.281586901832441047e-02
2.400000000000179767e-04 5.768933611863011346e-02
1.200000000000089884e-04 1.873723934313524520e-02
3.600000000000269651e-04 5.887295467771419544e-02
2.399999999999624656e-04 4.424033427073801455e-02
3.600000000000269651e-04 8.568387995903453680e-02
1.200000000000089884e-04 2.275904927499486363e-02
3.599999999999714539e-04 5.383197025607191349e-02
2.400000000000179767e-04 8.376724981018547622e-02
1.200000000000089884e-04 1.517671622516497329e-02
3.600000000000269651e-04 9.565474013442031020e-02
2.399999999999624656e-04 4.169418863826053478e-02
1.200000000000089884e-04 1.668845108820963402e-02
3.600000000000269651e-04 8.057422685058518441e-02
2.400000000000179767e-04 5.676515177707540383e-02
1.199999999999534772e-04 1.728750915151845355e-02
1.199999999999534772e-04 2.690002729195145950e-02
2.400000000000179767e-04 4.259554312348946825e-02
3.600000000000269651e-04 7.564510812406034790e-02
2.400000000000179767e-04 4.605705959102498331e-02
2.399999999999624656e-04 3.761542627771323477e-02
1.200000000000089884e-04 2.932544993162549546e-02
2.399999999999624656e-04 5.336061829437331594e-02
2.400000000000179767e-04 6.401390514975995039e-02
1.200000000000089884e-04 1.410980673592526942e-02
1.199999999999534772e-04 2.040904377403881739e-02
1.200000000000089884e-04 1.593494747573017886e-02
2.400000000000179767e-04 3.529909078440980619e-02
2.400000000000179767e-04 4.899374845791640287e-02
1.200000000000089884e-04 2.253451227680003041e-02
3.599999999999714539e-04 8.546129354233630848e-02
4.799999999999804423e-04 9.782986791852479880e-02
3.600000000000269651e-04 6.402410723542531490e-02
3.599999999999714539e-04 9.088866365371772726e-02
1.200000000000089884e-04 2.933108788645012732e-02
3.599999999999714539e-04 9.003949904715215224e-02
2.400000000000179767e-04 4.024762439811015863e-02
2.399999999999624656e-04 3.702339290225761803e-02
5.999999999999894307e-04 1.136892467583152377e-01
4.800000000000359535e-04 1.278259637528264825e-01
3.599999999999714539e-04 9.621025185545718783e-02
1.200000000000089884e-04 3.226119987560546742e-02
2.399999999999624656e-04 4.332464046694825544e-02
1.200000000000089884e-04 1.690082276574971995e-02
1.200000000000089884e-04 1.968080899303853784e-02
2.400000000000179767e-04 3.853250468344993074e-02
3.600000000000269651e-04 7.428373655132923525e-02
2.399999999999624656e-04 4.971648056973617530e-02
3.600000000000269651e-04 7.072911857367558675e-02
2.400000000000179767e-04 3.235035452309394099e-02
5.999999999999894307e-04 1.457370253272655403e-01
3.600000000000269651e-04 9.625046345905596823e-02
1.200000000000089884e-04 1.968478450268508831e-02
3.600000000000269651e-04 6.875899987239963984e-02
2.400000000000179767e-04 5.237471736867983785e-02
2.399999999999624656e-04 3.243908508612547426e-02
1.199999999999534772e-04 1.895878846363069706e-02
1.200000000000089884e-04 2.012779615219542281e-02
5.999999999999894307e-04 9.810544817085653513e-02
2.400000000000179767e-04 4.721292792762532553e-02
1.200000000000089884e-04 2.253593621471512709e-02
5.999999999999894307e-04 1.112092792493507010e-01
1.200000000000089884e-04 1.654011140950991873e-02
2.400000000000179767e-04 5.967366144388430022e-02
3.599999999999714539e-04 8.720972204959764884e-02
2.400000000000179767e-04 2.983482071789234080e-02
2.399999999999624656e-04 3.298494708108656859e-02
3.600000000000269651e-04 5.503311188195939008e-02
2.399999999999624656e-04 3.282372391605192785e-02
2.400000000000179767e-04 4.866995824510974428e-02
3.599999999999714539e-04 6.917857308155311857e-02
1.200000000000089884e-04 1.822748054601999734e-02
2.400000000000179767e-04 3.268212031974003506e-02
1.200000000000089884e-04 1.676403205922944936e-02
3.599999999999714539e-04 1.078895052447725184e-01
1.200000000000089884e-04 1.921648702091957941e-02
1.199999999999534772e-04 1.727761990694605052e-02
3.600000000000269651e-04 1.081069026386842075e-01
1.200000000000089884e-04 1.834304325448137332e-02
2.400000000000179767e-04 6.243628582538063992e-02
2.400000000000179767e-04 2.915505449199525326e-02
1.199999999999534772e-04 1.823363301728697997e-02
2.399999999999624656e-04 3.657384219404272163e-02
1.200000000000089884e-04 1.434956039962990114e-02
3.600000000000269651e-04 8.199347847350556273e-02
3.600000000000269651e-04 5.894665854284457385e-02
6.000000000000449418e-04 1.456074367849901074e-01
1.200000000000089884e-04 1.486717143698532140e-02
4.799999999999804423e-04 1.142645793407566501e-01
7.199999999999984190e-04 1.824806257089239825e-01
3.599999999999714539e-04 5.989517162363050540e-02
3.599999999999714539e-04 1.182853580611635536e-01
2.400000000000179767e-04 3.935536300409050309e-02
4.799999999999804423e-04 1.099101357975499765e-01
2.400000000000179767e-04 5.193331673731513970e-02
3.599999999999714539e-04 1.335361792887264920e-01
3.600000000000269651e-04 9.856126566789996657e-02
7.199999999999984190e-04 1.523591563678460548e-01
4.800000000000359535e-04 1.116420561764849828e-01
2.400000000000179767e-04 4.207599799090001869e-02
2.400000000000179767e-04 4.499581779975446449e-02
2.400000000000179767e-04 3.333076736300472770e-02
4.800000000000359535e-04 9.089425019326514976e-02
1.199999999999534772e-04 1.805571849748796240e-02
1.200000000000089884e-04 2.073932784287996559e-02
1.200000000000089884e-04 1.406240060690953919e-02
2.400000000000179767e-04 7.412469660236051250e-02
1.199999999999534772e-04 1.858215825136132551e-02
3.600000000000269651e-04 7.955083119830813621e-02
1.200000000000089884e-04 1.521685077319021029e-02
3.599999999999714539e-04 9.775983427057474695e-02
2.400000000000179767e-04 3.536520442241689044e-02
3.600000000000269651e-04 7.853111534519011117e-02
3.599999999999714539e-04 7.353157626847620087e-02
2.399999999999624656e-04 5.148942414370589332e-02
2.400000000000179767e-04 6.036698494951475008e-02
5.999999999999894307e-04 1.906004760247628216e-01
2.400000000000179767e-04 3.734916309167023163e-02
3.599999999999714539e-04 8.721945822669943671e-02
3.599999999999714539e-04 9.277417192177871141e-02
2.399999999999624656e-04 5.039414856800744635e-02
1.199999999999534772e-04 1.497461274806964615e-02
3.599999999999714539e-04 8.747930031510250948e-02
2.400000000000179767e-04 3.516739115160047446e-02
4.799999999999804423e-04 1.140374803113821944e-01
4.799999999999804423e-04 1.366334124301804287e-01
1.200000000000089884e-04 1.537506477818473792e-02
1.200000000000089884e-04 1.570104793002859156e-02
1.200000000000089884e-04 2.247177318371003721e-02
2.399999999999624656e-04 4.863946414111793709e-02
1.200000000000089884e-04 2.134608042657520563e-02
3.600000000000269651e-04 8.079149024365463172e-02
2.399999999999624656e-04 5.782394099802409815e-02
3.600000000000269651e-04 6.957861624599635808e-02
2.400000000000179767e-04 4.357505492723029450e-02
1.199999999999534772e-04 3.039511301711827693e-02
3.599999999999714539e-04 7.892967111579191064e-02
6.000000000000449418e-04 1.089808095707759106e-01
2.400000000000179767e-04 3.231590083277560699e-02
2.399999999999624656e-04 3.716916093706324614e-02
3.599999999999714539e-04 7.752181659066091635e-02
5.999999999999894307e-04 1.552602994926999824e-01
1.200000000000089884e-04 1.499425455067695569e-02
3.600000000000269651e-04 1.121906709113251049e-01
2.399999999999624656e-04 4.715284083523316183e-02
3.600000000000269651e-04 8.864983954053425041e-02
3.600000000000269651e-04 7.104231712799033427e-02
3.599999999999714539e-04 6.444391498734615420e-02
3.599999999999714539e-04 4.437773226364370716e-02
2.399999999999624656e-04 3.702809068928685637e-02
2.400000000000179767e-04 6.931125137558485916e-02
1.199999999999534772e-04 1.840333518016573633e-02
1.199999999999534772e-04 1.742964182929246028e-02
2.400000000000179767e-04 5.393103752337029266e-02
3.600000000000269651e-04 8.570800409305456835e-02
3.600000000000269651e-04 1.275519035738390539e-01
2.400000000000179767e-04 8.001729594491563402e-02
4.799999999999804423e-04 1.319683745127305241e-01
2.400000000000179767e-04 5.312524190552479764e-02
3.600000000000269651e-04 7.564249261057498508e-02
1.200000000000089884e-04 1.534299275757015739e-02
2.399999999999624656e-04 4.956879936941727127e-02
3.599999999999714539e-04 1.349755879667728919e-01
2.399999999999624656e-04 5.472287856597248673e-02
2.399999999999624656e-04 3.883457327488137878e-02
3.600000000000269651e-04 7.661734786221006954e-02
1.200000000000089884e-04 1.791276843583520031e-02
4.799999999999804423e-04 1.613160252236326975e-01
1.200000000000089884e-04 1.570276079506483652e-02
2.400000000000179767e-04 4.431951929054525618e-02
1.200000000000089884e-04 2.220766013865976482e-02
4.800000000000359535e-04 2.099399217846274757e-01
2.400000000000179767e-04 5.895092939283493039e-02
2.399999999999624656e-04 3.480912754992293578e-02
2.400000000000179767e-04 5.503713884652000621e-02
3.599999999999714539e-04 7.950105459524714480e-02
2.400000000000179767e-04 4.118954388209235956e-02
1.200000000000089884e-04 1.520090153585141809e-02
3.599999999999714539e-04 6.404807679718085844e-02
1.200000000000089884e-04 1.783085231802552725e-02
3.600000000000269651e-04 7.770221502819504855e-02
2.399999999999624656e-04 3.986916489638844818e-02
2.399999999999624656e-04 3.504544053103780116e-02
3.600000000000269651e-04 5.403199537861027441e-02
1.200000000000089884e-04 2.018408877170824872e-02
2.400000000000179767e-04 6.413381394724419760e-02
4.800000000000359535e-04 9.316965809322470815e-02
1.200000000000089884e-04 1.764005508394025229e-02
2.400000000000179767e-04 6.526811342800473148e-02
4.799999999999804423e-04 1.244113396692622525e-01
4.800000000000359535e-04 8.302891264850975617e-02
2.399999999999624656e-04 3.619240240412512771e-02
2.400000000000179767e-04 4.124507641822037357e-02
5.999999999999894307e-04 1.344549529349667871e-01
4.799999999999804423e-04 1.256915365629519554e-01
4.799999999999804423e-04 1.102866574951622269e-01
3.600000000000269651e-04 1.274451634115150445e-01
3.599999999999714539e-04 1.015877831182848412e-01
5.999999999999894307e-04 1.325409966142381546e-01
1.199999999999534772e-04 1.479318840797671716e-02
3.599999999999714539e-04 8.531430995367070280e-02
6.000000000000449418e-04 1.273450499519631074e-01
2.400000000000179767e-04 5.182305345819523956e-02
2.399999999999624656e-04 4.952500975516987980e-02
2.400000000000179767e-04 6.728421763049484416e-02
2.399999999999624656e-04 5.242509881124671894e-02
1.200000000000089884e-04 2.225741806020501215e-02
2.400000000000179767e-04 5.281727706556495205e-02
1.199999999999534772e-04 2.457021329543015303e-02
7.200000000000539302e-04 1.701099255250363984e-01
2.399999999999624656e-04 4.719731169477922594e-02
1.199999999999534772e-04 2.038421232886586040e-02
2.399999999999624656e-04 3.436829852067729840e-02
3.600000000000269651e-04 6.506457957560990435e-02
4.800000000000359535e-04 9.930210850517107168e-02
3.600000000000269651e-04 1.163012545650067286e-01
3.600000000000269651e-04 9.230204366638505853e-02
2.399999999999069544e-04 5.819113029099957923e-02
3.600000000000269651e-04 9.489263153014490526e-02
2.400000000000179767e-04 5.486745358107993076e-02
2.400000000000179767e-04 4.344199377890513997e-02
1.200000000000089884e-04 3.583857307599478542e-02
1.200000000000089884e-04 1.631810518387507083e-02
1.200000000000089884e-04 1.481185545058005988e-02
2.400000000000179767e-04 3.801105510298527501e-02
2.400000000000179767e-04 6.901777724990504348e-02
5.999999999999339195e-04 1.254092205758194356e-01
3.600000000000269651e-04 1.209036410482549756e-01
2.400000000000179767e-04 2.904847314387493801e-02
2.400000000000179767e-04 4.716307984134521236e-02
2.400000000000179767e-04 6.348669577191506930e-02
3.600000000000269651e-04 1.000191484268398850e-01
3.600000000000269651e-04 1.226092677945398723e-01
1.200000000000089884e-04 2.436525618230007961e-02
1.200000000000089884e-04 1.406198062699000502e-02
4.800000000000359535e-04 7.198077907155006616e-02
2.400000000000179767e-04 6.529195815398526614e-02
2.400000000000179767e-04 8.190056312089483148e-02
7.200000000000539302e-04 1.858450257276249018e-01
1.200000000000089884e-04 3.519720314186489812e-02
2.400000000000179767e-04 4.649883767845486293e-02
4.800000000000359535e-04 1.265531422854997978e-01
3.600000000000269651e-04 1.187428767292697113e-01
1.199999999998979661e-04 1.773321774586415073e-02
2.400000000000179767e-04 7.281530262412480581e-02
2.400000000000179767e-04 7.180753987767005131e-02
2.400000000000179767e-04 7.490378519095998444e-02
1.200000000000089884e-04 1.644617230804520241e-02
4.800000000000359535e-04 1.370969283053999899e-01
4.799999999999249312e-04 7.829770517121729945e-02
1.200000000000089884e-04 2.450103751946023853e-02
3.600000000000269651e-04 1.276936116460449244e-01
2.400000000000179767e-04 4.230047700479980244e-02
7.200000000000539302e-04 1.645752624930000019e-01
2.400000000000179767e-04 3.494224963756503710e-02
2.400000000000179767e-04 5.579890258511517598e-02
2.400000000000179767e-04 4.372535911319995472e-02
2.400000000000179767e-04 4.339193133088001253e-02
1.200000000000089884e-04 1.411854311531508116e-02
2.400000000000179767e-04 3.551124950904498145e-02
3.600000000000269651e-04 6.971883940319995032e-02
6.000000000000449418e-04 1.970453509711550533e-01
1.200000000000089884e-04 1.696855151732281144e-02
2.400000000000179767e-04 3.695971893790010732e-02
2.400000000000179767e-04 3.099679372794016119e-02
2.400000000000179767e-04 5.808509281110002531e-02
4.799999999999249312e-04 1.383540577934423976e-01
2.399999999999069544e-04 4.727166897214182817e-02
1.200000000000089884e-04 2.257730693886007486e-02
7.199999999999429079e-04 2.044740170272855984e-01
1.200000000000089884e-04 2.003499957659017269e-02
1.200000000000089884e-04 2.238525963178006686e-02
5.999999999999339195e-04 1.238221657497083489e-01
1.200000000000089884e-04 1.816063325711996662e-02
6.000000000000449418e-04 1.263014358068998144e-01
4.800000000000359535e-04 1.256756001849299587e-01
2.400000000000179767e-04 3.627500752136484513e-02
2.400000000000179767e-04 3.268540618219460681e-02
2.400000000000179767e-04 4.653769419588002498e-02
4.800000000000359535e-04 7.239445019564486050e-02
1.200000000000089884e-04 2.712567983395506796e-02
1.200000000000089884e-04 3.598086268986481345e-02
3.600000000000269651e-04 8.973089184599458701e-02
2.400000000000179767e-04 3.809680721564496358e-02
1.200000000000089884e-04 2.908470885294991287e-02
1.200000000000089884e-04 3.470253910104000028e-02
2.399999999999069544e-04 6.405110055886734099e-02
3.600000000000269651e-04 1.667783070270195955e-01
1.200000000000089884e-04 1.674222261850978610e-02
3.599999999999159428e-04 8.231016630457159422e-02
2.400000000000179767e-04 4.605153980502520172e-02
1.200000000000089884e-04 1.581307393106015646e-02
2.400000000000179767e-04 3.942130903212510973e-02
4.799999999999249312e-04 1.277827016152617290e-01
5.999999999999339195e-04 1.576967282072292420e-01
7.199999999999429079e-04 2.100791057896009562e-01
1.200000000000089884e-04 1.716042274238503001e-02
2.400000000000179767e-04 4.737501472737493113e-02
2.400000000000179767e-04 4.393801367052999757e-02
1.200000000000089884e-04 1.735303443449009997e-02
6.000000000000449418e-04 1.613440654994051093e-01
2.399999999999069544e-04 4.679478322023445519e-02
4.800000000000359535e-04 9.963175858084487302e-02
2.400000000000179767e-04 6.743829298042011700e-02
2.400000000000179767e-04 5.171486130317005242e-02
3.599999999999159428e-04 7.690732134007152720e-02
4.799999999999249312e-04 1.081093436075762221e-01
2.400000000000179767e-04 3.653890648808996722e-02
2.399999999999069544e-04 4.185071204135602102e-02
3.600000000000269651e-04 6.919377208181287653e-02
3.599999999999159428e-04 9.963467773389407534e-02
3.600000000000269651e-04 6.824038088984520078e-02
3.600000000000269651e-04 1.309990781692584871e-01
3.599999999999159428e-04 8.467520527818496456e-02
1.200000000000089884e-04 2.106422382541508001e-02
1.200000000000089884e-04 1.594378713038993242e-02
3.600000000000269651e-04 1.586925753097053748e-01
4.800000000000359535e-04 1.689534594088149544e-01
3.600000000000269651e-04 6.308633572276026169e-02
2.400000000000179767e-04 4.534858133216967957e-02
2.400000000000179767e-04 4.793469607680973105e-02
2.400000000000179767e-04 7.943812678491019019e-02
2.400000000000179767e-04 3.633621447927502801e-02
1.200000000000089884e-04 1.594411101164161168e-02
2.400000000000179767e-04 4.735961130419510945e-02
2.400000000000179767e-04 4.057367505998996093e-02
5.999999999999339195e-04 1.339410624185484733e-01
3.600000000000269651e-04 8.045267938914976713e-02
2.400000000000179767e-04 6.655375865573998073e-02
3.600000000000269651e-04 8.294025480671519956e-02
3.600000000000269651e-04 8.848973023594822185e-02
3.600000000000269651e-04 6.429854702792001109e-02
2.399999999999069544e-04 3.512066040722606336e-02
3.600000000000269651e-04 5.376105702627482358e-02
3.599999999999159428e-04 6.831877170152825252e-02
2.400000000000179767e-04 4.178788626169494674e-02
4.800000000000359535e-04 9.816536620232013677e-02
2.399999999999069544e-04 3.737041798290435118e-02
3.600000000000269651e-04 1.058596477798449537e-01
2.400000000000179767e-04 8.773871646774367150e-02
1.200000000000089884e-04 1.454632268254026604e-02
2.400000000000179767e-04 3.926531339197975728e-02
2.400000000000179767e-04 1.017682331513797278e-01
1.200000000000089884e-04 1.447468954707517054e-02
4.799999999999249312e-04 1.184671493609424225e-01
4.800000000000359535e-04 9.860427525538037474e-02
1.200000000000089884e-04 2.771292322857527371e-02
1.200000000000089884e-04 1.642668229677990074e-02
4.800000000000359535e-04 9.839728740566994203e-02
2.400000000000179767e-04 6.879167036214027531e-02
2.400000000000179767e-04 5.624534047376567730e-02
5.999999999999339195e-04 1.383313065133199571e-01
2.400000000000179767e-04 4.077094224513486131e-02
3.599999999999159428e-04 6.700038900464133640e-02
5.999999999999339195e-04 9.908142032577862968e-02
4.800000000000359535e-04 1.055071833691748617e-01
1.199999999998979661e-04 1.601237525237119222e-02
1.200000000000089884e-04 2.537117173057006764e-02
2.400000000000179767e-04 3.495843359718506238e-02
1.200000000000089884e-04 1.979391765353512647e-02
1.200000000000089884e-04 1.834420530534995944e-02
2.400000000000179767e-04 5.214279120996002936e-02
4.800000000000359535e-04 1.701603891567947668e-01
2.400000000000179767e-04 3.639962203152219411e-02
4.799999999999249312e-04 1.328835676201949312e-01
2.400000000000179767e-04 4.660127377424003181e-02
1.200000000000089884e-04 3.042162555416990169e-02
3.600000000000269651e-04 8.859200783892508257e-02
2.400000000000179767e-04 5.064840307138955555e-02
4.800000000000359535e-04 8.126313012299002381e-02
1.200000000000089884e-04 1.573107194594531091e-02
3.599999999999159428e-04 8.461858706063229985e-02
3.600000000000269651e-04 1.009422018926449394e-01
4.800000000000359535e-04 1.069298782075897847e-01
1.200000000000089884e-04 1.519600444318010973e-02
2.400000000000179767e-04 6.589585884662009507e-02
1.200000000000089884e-04 1.456227394059482309e-02
1.200000000000089884e-04 1.789265416042998616e-02
1.200000000000089884e-04 3.353417611410496046e-02
3.600000000000269651e-04 9.526466203985518855e-02
5.999999999999339195e-04 1.037738366952943581e-01
2.400000000000179767e-04 4.131736454830509109e-02
3.600000000000269651e-04 8.739622369381977451e-02
2.400000000000179767e-04 3.489234745549510408e-02
2.400000000000179767e-04 3.382066107413970318e-02
3.600000000000269651e-04 9.994773649089525036e-02
3.600000000000269651e-04 8.607555968260499624e-02
2.400000000000179767e-04 5.170399357484509878e-02
2.399999999999069544e-04 7.435402022505074870e-02
7.199999999999429079e-04 1.650872101240706824e-01
1.200000000000089884e-04 2.083348232652005791e-02
2.400000000000179767e-04 6.707707129164008908e-02
2.400000000000179767e-04 4.843388285597013954e-02
4.800000000000359535e-04 1.135507046584047774e-01
2.400000000000179767e-04 5.272366014525485534e-02
1.200000000000089884e-04 2.224393105436006657e-02
1.200000000000089884e-04 1.547513277334480741e-02
2.400000000000179767e-04 5.984853629721507973e-02
4.800000000000359535e-04 1.171312405124402406e-01
7.199999999999429079e-04 1.772607401769007718e-01
4.800000000000359535e-04 1.184075281530849177e-01
1.200000000000089884e-04 2.862105756334512585e-02
3.600000000000269651e-04 5.805792536894498201e-02
3.600000000000269651e-04 8.442435273380498317e-02
1.200000000000089884e-04 1.450470946724496946e-02
1.200000000000089884e-04 1.466642527036995242e-02
2.400000000000179767e-04 5.757129904900388367e-02
2.400000000000179767e-04 6.664886831584536375e-02
2.400000000000179767e-04 3.908607414617983056e-02
1.200000000000089884e-04 1.959551568281015996e-02
2.400000000000179767e-04 7.005875219287518996e-02
3.599999999999159428e-04 7.513710837983153534e-02
4.800000000000359535e-04 1.341793961634948906e-01
4.800000000000359535e-04 1.058436997986400147e-01
3.600000000000269651e-04 7.330718248097004008e-02
1.200000000000089884e-04 1.494762163279479000e-02
3.600000000000269651e-04 9.787527583258516517e-02
1.200000000000089884e-04 1.801887910558475081e-02
1.200000000000089884e-04 1.513671700355993972e-02
3.600000000000269651e-04 8.044656018862077207e-02
1.200000000000089884e-04 2.157909532033498029e-02
2.400000000000179767e-04 3.630930773532995565e-02
2.400000000000179767e-04 3.767805877058503367e-02
2.400000000000179767e-04 4.486391254516487043e-02
2.399999999999069544e-04 3.788576734099140253e-02
1.200000000000089884e-04 1.475365212343503554e-02
4.800000000000359535e-04 1.159864977445850126e-01
2.400000000000179767e-04 4.613215976970971854e-02
4.800000000000359535e-04 1.016366696524697716e-01
6.000000000000449418e-04 1.114892175658149659e-01
2.400000000000179767e-04 5.110943636380482769e-02
3.600000000000269651e-04 6.783322142031966706e-02
3.600000000000269651e-04 9.435612167516527204e-02
1.199999999998979661e-04 1.790944222421019319e-02
2.399999999999069544e-04 8.279946696195476796e-02
2.400000000000179767e-04 5.846195041997002961e-02
3.600000000000269651e-04 1.160904313655151399e-01
2.400000000000179767e-04 4.469006484543548707e-02
2.400000000000179767e-04 7.584214850318560242e-02
1.200000000000089884e-04 1.603390711327014329e-02
2.400000000000179767e-04 4.270439971550513136e-02
2.400000000000179767e-04 5.709125265742505395e-02
1.200000000000089884e-04 1.511467944066495483e-02
2.400000000000179767e-04 6.291596352278995552e-02
1.200000000000089884e-04 1.424736833915992394e-02
2.400000000000179767e-04 4.474959125373018098e-02
3.600000000000269651e-04 1.036511692178951338e-01
2.400000000000179767e-04 4.558509120431997186e-02
2.400000000000179767e-04 3.008939269968992358e-02
5.999999999999339195e-04 1.842487402486478187e-01
3.600000000000269651e-04 8.314498666756507672e-02
1.200000000000089884e-04 1.836696962510002071e-02
7.199999999999429079e-04 1.311037593054887040e-01
2.400000000000179767e-04 4.934121012341484425e-02
6.000000000000449418e-04 1.154304802794999529e-01
2.399999999999069544e-04 5.397926734860712672e-02
2.400000000000179767e-04 5.824913518945002561e-02
1.200000000000089884e-04 1.534988573653018121e-02
1.200000000000089884e-04 1.551704553598508805e-02
1.200000000000089884e-04 2.263264891513007068e-02
1.200000000000089884e-04 2.322766995581484681e-02
2.400000000000179767e-04 6.218731195941574336e-02
2.400000000000179767e-04 5.139496591337533449e-02
1.200000000000089884e-04 2.100339488589515052e-02
2.400000000000179767e-04 4.480485246238503916e-02
1.200000000000089884e-04 1.636437128498494445e-02
1.200000000000089884e-04 1.467525694422679335e-02
1.200000000000089884e-04 1.673178535991495450e-02
3.600000000000269651e-04 1.007476357558304697e-01
2.400000000000179767e-04 8.961634520330642728e-02
2.400000000000179767e-04 5.091339927898490270e-02
3.600000000000269651e-04 1.016824653094247910e-01
1.200000000000089884e-04 1.929092468478483050e-02
2.400000000000179767e-04 3.833528679596517885e-02
2.400000000000179767e-04 4.813165712898979931e-02
3.600000000000269651e-04 8.709867394787257355e-02
2.400000000000179767e-04 6.834517605457995915e-02
2.400000000000179767e-04 5.241760592538979857e-02
3.600000000000269651e-04 1.548101081744199803e-01
2.400000000000179767e-04 5.215469041253481541e-02
2.400000000000179767e-04 6.084943168926479351e-02
3.600000000000269651e-04 8.339586935150508640e-02
2.400000000000179767e-04 3.958584189177991042e-02
3.600000000000269651e-04 8.504651307946503591e-02
4.800000000000359535e-04 1.208143814398299210e-01
1.200000000000089884e-04 2.400137772451356455e-02
