# freq power
0.000000000000000000e+00 2.309313879134319234e-25
1.000000000000000000e+00 3.855424768115247134e+05
2.000000000000000000e+00 1.854144202441494563e+05
3.000000000000000000e+00 8.842294246552705590e+04
4.000000000000000000e+00 9.063384248640084115e+04
5.000000000000000000e+00 6.151275342952518986e+04
6.000000000000000000e+00 4.455453835910696216e+04
7.000000000000000000e+00 3.064816081980351737e+04
8.000000000000000000e+00 2.116931129548337776e+04
9.000000000000000000e+00 2.279958053362421560e+04
1.000000000000000000e+01 1.976511086237460040e+04
1.100000000000000000e+01 1.468293852326857268e+04
1.200000000000000000e+01 1.452249617020674668e+04
1.300000000000000000e+01 1.125237457893923602e+04
1.400000000000000000e+01 9.359524710649337067e+03
1.500000000000000000e+01 8.465695341343889595e+03
1.600000000000000000e+01 6.045346454166648073e+03
1.700000000000000000e+01 6.316723698177735059e+03
1.800000000000000000e+01 6.013952072070282156e+03
1.900000000000000000e+01 5.351694439897482880e+03
2.000000000000000000e+01 4.059346251614955236e+03
2.100000000000000000e+01 3.911118308717083892e+03
2.200000000000000000e+01 3.334098569919967758e+03
2.300000000000000000e+01 3.299689371248419320e+03
2.400000000000000000e+01 3.146140636925699255e+03
2.500000000000000000e+01 2.916125672078797379e+03
2.600000000000000000e+01 3.004694047053499162e+03
2.700000000000000000e+01 1.589892234222622392e+03
2.800000000000000000e+01 2.338896750974099177e+03
2.900000000000000000e+01 2.673848764952047077e+03
3.000000000000000000e+01 1.982248737191474220e+03
3.100000000000000000e+01 1.624980555682745035e+03
3.200000000000000000e+01 1.518301438347541989e+03
3.300000000000000000e+01 2.090211931443142930e+03
3.400000000000000000e+01 1.644028470491270127e+03
3.500000000000000000e+01 1.617957080879633395e+03
3.600000000000000000e+01 1.508312822875416487e+03
3.700000000000000000e+01 1.502308504376722340e+03
3.800000000000000000e+01 1.738877779361957892e+03
3.900000000000000000e+01 1.199471349691460546e+03
4.000000000000000000e+01 1.178433756076488635e+03
4.100000000000000000e+01 6.999333612183169180e+02
4.200000000000000000e+01 9.197005674948381966e+02
4.300000000000000000e+01 8.303136664907262912e+02
4.400000000000000000e+01 9.768816281593258282e+02
4.500000000000000000e+01 1.000844323177819433e+03
4.600000000000000000e+01 8.731200971865939664e+02
4.700000000000000000e+01 6.778769711681193257e+02
4.800000000000000000e+01 7.754517090641248842e+02
4.900000000000000000e+01 6.867999414914842191e+02
5.000000000000000000e+01 7.749609442440439580e+02
5.100000000000000000e+01 6.661537084536553266e+02
5.200000000000000000e+01 6.015474191376904400e+02
5.300000000000000000e+01 7.625501007427758395e+02
5.400000000000000000e+01 6.825004542863119923e+02
5.500000000000000000e+01 6.063847277805438125e+02
5.600000000000000000e+01 6.611962622832038505e+02
5.700000000000000000e+01 6.196831364284072379e+02
5.800000000000000000e+01 5.538288093538828889e+02
5.900000000000000000e+01 4.272922089256662730e+02
6.000000000000000000e+01 4.259622710347227326e+02
6.100000000000000000e+01 4.459503833559496684e+02
6.200000000000000000e+01 5.282851668724721321e+02
6.300000000000000000e+01 4.064667791002518129e+02
6.400000000000000000e+01 5.141477365777427622e+02
6.500000000000000000e+01 4.388821982287126957e+02
6.600000000000000000e+01 3.224344957651137520e+02
6.700000000000000000e+01 3.344032144577482768e+02
6.800000000000000000e+01 4.817614212670326879e+02
6.900000000000000000e+01 5.184520463235601255e+02
7.000000000000000000e+01 2.978049824439497115e+02
7.100000000000000000e+01 4.052137385658333528e+02
7.200000000000000000e+01 3.461154452456213448e+02
7.300000000000000000e+01 3.614985452339652170e+02
7.400000000000000000e+01 3.507776865234625916e+02
7.500000000000000000e+01 2.744825642057567165e+02
7.600000000000000000e+01 3.685905240391638813e+02
7.700000000000000000e+01 2.909581690186502669e+02
7.800000000000000000e+01 2.261671655582002529e+02
7.900000000000000000e+01 3.131068684477148167e+02
8.000000000000000000e+01 2.448724268796575529e+02
8.100000000000000000e+01 1.978056505335482882e+02
8.200000000000000000e+01 1.963364456841216565e+02
8.300000000000000000e+01 2.741510425757763301e+02
8.400000000000000000e+01 2.355910245606817739e+02
8.500000000000000000e+01 2.453489245917666324e+02
8.600000000000000000e+01 2.422725602731587458e+02
8.700000000000000000e+01 2.508171067793448969e+02
8.800000000000000000e+01 2.877819934887561999e+02
8.900000000000000000e+01 2.055060465407428865e+02
9.000000000000000000e+01 1.863801466553877049e+02
9.100000000000000000e+01 2.561460126685084333e+02
9.200000000000000000e+01 2.446491705786484374e+02
9.300000000000000000e+01 2.290589246972810713e+02
9.400000000000000000e+01 1.938932816993902009e+02
9.500000000000000000e+01 1.703077887752262995e+02
9.600000000000000000e+01 1.751472687492100420e+02
9.700000000000000000e+01 1.858086553298907120e+02
9.800000000000000000e+01 2.035532292592202168e+02
9.900000000000000000e+01 1.535865322118737879e+02
1.000000000000000000e+02 1.707438974742028108e+02
1.010000000000000000e+02 1.740439692227806461e+02
1.020000000000000000e+02 1.390507319160824125e+02
1.030000000000000000e+02 1.623683329115571610e+02
1.040000000000000000e+02 1.544241618501758069e+02
1.050000000000000000e+02 1.823647687049280250e+02
1.060000000000000000e+02 1.630660669330717099e+02
1.070000000000000000e+02 1.530906665538445850e+02
1.080000000000000000e+02 1.447912496820933370e+02
1.090000000000000000e+02 1.404651494311078466e+02
1.100000000000000000e+02 1.464890692502244747e+02
1.110000000000000000e+02 1.653845763113791065e+02
1.120000000000000000e+02 1.508028213886132392e+02
1.130000000000000000e+02 1.396413085785814872e+02
1.140000000000000000e+02 1.345010964785093392e+02
1.150000000000000000e+02 1.180404097905172875e+02
1.160000000000000000e+02 1.549154978895404042e+02
1.170000000000000000e+02 1.249977104316525498e+02
1.180000000000000000e+02 1.247435718618082916e+02
1.190000000000000000e+02 1.267992462864955030e+02
1.200000000000000000e+02 1.285179253277009650e+02
1.210000000000000000e+02 1.108374426810142808e+02
1.220000000000000000e+02 1.370729586775737516e+02
1.230000000000000000e+02 1.115215756053012228e+02
1.240000000000000000e+02 1.203502361815304340e+02
1.250000000000000000e+02 1.308095827175995964e+02
1.260000000000000000e+02 1.095740542409323268e+02
1.270000000000000000e+02 1.028225702351813595e+02
1.280000000000000000e+02 1.083543785880755905e+02
1.290000000000000000e+02 1.091231295579894720e+02
1.300000000000000000e+02 1.070515164835784958e+02
1.310000000000000000e+02 1.105383940742646445e+02
1.320000000000000000e+02 1.075209637058474073e+02
1.330000000000000000e+02 1.030401379193616833e+02
1.340000000000000000e+02 1.075810102809015518e+02
1.350000000000000000e+02 9.275020329727891522e+01
1.360000000000000000e+02 8.854021060755025019e+01
1.370000000000000000e+02 9.284219027925797718e+01
1.380000000000000000e+02 1.016282572835637978e+02
1.390000000000000000e+02 9.615554179549131675e+01
1.400000000000000000e+02 9.165498671167732425e+01
1.410000000000000000e+02 8.940288392876288981e+01
1.420000000000000000e+02 9.963621015477581011e+01
1.430000000000000000e+02 8.235936260211238391e+01
1.440000000000000000e+02 9.174263333051936797e+01
1.450000000000000000e+02 8.691109305581727540e+01
1.460000000000000000e+02 8.969679163933894017e+01
1.470000000000000000e+02 8.244212340923567695e+01
1.480000000000000000e+02 9.005692119644379545e+01
1.490000000000000000e+02 8.537604632937986082e+01
1.500000000000000000e+02 7.065075208392200068e+01
1.510000000000000000e+02 7.398763763020527051e+01
1.520000000000000000e+02 7.433633064254095757e+01
1.530000000000000000e+02 7.796487172877110083e+01
1.540000000000000000e+02 7.673722109503090394e+01
1.550000000000000000e+02 7.246556837239884885e+01
1.560000000000000000e+02 7.325976431827321278e+01
1.570000000000000000e+02 6.880236347857150747e+01
1.580000000000000000e+02 7.620914477229570139e+01
1.590000000000000000e+02 7.557429975392921051e+01
1.600000000000000000e+02 6.780952100928142556e+01
1.610000000000000000e+02 7.414990476106038386e+01
1.620000000000000000e+02 6.603777784680937657e+01
1.630000000000000000e+02 6.898213126550194829e+01
1.640000000000000000e+02 6.824122564364884624e+01
1.650000000000000000e+02 6.456837923808613766e+01
1.660000000000000000e+02 6.811489133760431969e+01
1.670000000000000000e+02 6.329990680305108697e+01
1.680000000000000000e+02 6.506708794898024451e+01
1.690000000000000000e+02 6.373924081167293565e+01
1.700000000000000000e+02 6.022425214839353202e+01
1.710000000000000000e+02 6.223869267242805847e+01
1.720000000000000000e+02 6.189169530851723522e+01
1.730000000000000000e+02 5.967760100451329208e+01
1.740000000000000000e+02 5.931656484082071756e+01
1.750000000000000000e+02 6.010978297053685537e+01
1.760000000000000000e+02 5.905714734861447113e+01
1.770000000000000000e+02 5.745133290391154191e+01
1.780000000000000000e+02 5.562592108539667635e+01
1.790000000000000000e+02 5.872550230301845886e+01
1.800000000000000000e+02 5.715660510015670326e+01
1.810000000000000000e+02 5.656938620920913507e+01
1.820000000000000000e+02 5.602932377592053115e+01
1.830000000000000000e+02 5.551717418999853493e+01
1.840000000000000000e+02 5.335449256402517904e+01
1.850000000000000000e+02 5.395369082894600865e+01
1.860000000000000000e+02 5.333522732385230114e+01
1.870000000000000000e+02 5.106823744428023559e+01
1.880000000000000000e+02 5.555959322871442652e+01
1.890000000000000000e+02 5.052260845661596989e+01
1.900000000000000000e+02 5.094061282697119708e+01
1.910000000000000000e+02 5.167531484726481494e+01
1.920000000000000000e+02 5.070764968725086419e+01
1.930000000000000000e+02 4.978914033903318881e+01
1.940000000000000000e+02 4.991016307749659120e+01
1.950000000000000000e+02 4.784338736006105819e+01
1.960000000000000000e+02 4.843141750446775262e+01
1.970000000000000000e+02 4.763231871820774188e+01
1.980000000000000000e+02 4.685458298175327485e+01
1.990000000000000000e+02 4.708661302120995629e+01
2.000000000000000000e+02 4.677141169732848880e+01
2.010000000000000000e+02 4.566835624673430516e+01
2.020000000000000000e+02 4.506174579761194821e+01
2.030000000000000000e+02 4.597932301022104440e+01
2.040000000000000000e+02 4.397964100620671246e+01
2.050000000000000000e+02 4.467908082345704202e+01
2.060000000000000000e+02 4.353581274834408532e+01
2.070000000000000000e+02 4.396967968574087848e+01
2.080000000000000000e+02 4.287693612492113715e+01
2.090000000000000000e+02 4.297616772140082020e+01
2.100000000000000000e+02 4.235332816645115628e+01
2.110000000000000000e+02 4.275446401477226033e+01
2.120000000000000000e+02 4.029905890775314248e+01
2.130000000000000000e+02 4.101747126480769623e+01
2.140000000000000000e+02 4.025539544460195884e+01
2.150000000000000000e+02 4.020454481049328876e+01
2.160000000000000000e+02 4.004747167085315596e+01
2.170000000000000000e+02 3.912545332638178053e+01
2.180000000000000000e+02 3.920093418020896081e+01
2.190000000000000000e+02 3.886950167821108693e+01
2.200000000000000000e+02 3.886541010064468082e+01
2.210000000000000000e+02 3.865057637248880695e+01
2.220000000000000000e+02 3.793033269836099919e+01
2.230000000000000000e+02 3.779076273055603252e+01
2.240000000000000000e+02 3.826769338369168594e+01
2.250000000000000000e+02 3.711792597548653561e+01
2.260000000000000000e+02 3.733602052309780817e+01
2.270000000000000000e+02 3.643179337992113886e+01
2.280000000000000000e+02 3.709195709644527028e+01
2.290000000000000000e+02 3.628517178409234134e+01
2.300000000000000000e+02 3.632188113017855358e+01
2.310000000000000000e+02 3.557003073356334966e+01
2.320000000000000000e+02 3.527397833876436550e+01
2.330000000000000000e+02 3.491891344064427471e+01
2.340000000000000000e+02 3.476325471852754845e+01
2.350000000000000000e+02 3.432607193189764416e+01
2.360000000000000000e+02 3.423498283166006217e+01
2.370000000000000000e+02 3.399092223119422584e+01
2.380000000000000000e+02 3.337225571223953580e+01
2.390000000000000000e+02 3.333737779740504692e+01
2.400000000000000000e+02 3.299579802173371235e+01
2.410000000000000000e+02 3.220383987361352496e+01
2.420000000000000000e+02 3.293310151206275549e+01
2.430000000000000000e+02 3.177137158515082405e+01
2.440000000000000000e+02 3.284910884959722210e+01
2.450000000000000000e+02 3.159752856619750716e+01
2.460000000000000000e+02 3.128405653181613744e+01
2.470000000000000000e+02 3.151981668834835659e+01
2.480000000000000000e+02 3.047847821232980081e+01
2.490000000000000000e+02 3.098936405987909026e+01
2.500000000000000000e+02 3.101593636047538638e+01
2.510000000000000000e+02 3.019643742472547387e+01
2.520000000000000000e+02 3.048943728675089204e+01
2.530000000000000000e+02 2.980436314015657828e+01
2.540000000000000000e+02 2.965583740725517359e+01
2.550000000000000000e+02 2.952772139835987630e+01
2.560000000000000000e+02 2.967033008784012438e+01
2.570000000000000000e+02 2.937450033933700766e+01
2.580000000000000000e+02 2.859862091896999559e+01
2.590000000000000000e+02 2.867332676815528103e+01
2.600000000000000000e+02 2.827376906846967586e+01
2.610000000000000000e+02 2.852813196273448781e+01
2.620000000000000000e+02 2.791322941748763498e+01
2.630000000000000000e+02 2.796859061314806638e+01
2.640000000000000000e+02 2.787815240555799434e+01
2.650000000000000000e+02 2.787352044133023199e+01
2.660000000000000000e+02 2.747005981053129275e+01
2.670000000000000000e+02 2.735378869520789991e+01
2.680000000000000000e+02 2.658537282291323578e+01
2.690000000000000000e+02 2.728184785830380932e+01
2.700000000000000000e+02 2.622699173110604676e+01
2.710000000000000000e+02 2.634857982127371301e+01
2.720000000000000000e+02 2.658988180765041065e+01
2.730000000000000000e+02 2.627879697817494886e+01
2.740000000000000000e+02 2.639898987105739536e+01
2.750000000000000000e+02 2.591869236987045966e+01
2.760000000000000000e+02 2.574447013879423096e+01
2.770000000000000000e+02 2.581522968777866822e+01
2.780000000000000000e+02 2.556562373399795263e+01
2.790000000000000000e+02 2.509739166744632044e+01
2.800000000000000000e+02 2.497390470786471539e+01
2.810000000000000000e+02 2.471115064968357444e+01
2.820000000000000000e+02 2.506027416140106823e+01
2.830000000000000000e+02 2.446918310525909135e+01
2.840000000000000000e+02 2.422792590978951566e+01
2.850000000000000000e+02 2.421603017530623347e+01
2.860000000000000000e+02 2.427716878233971798e+01
2.870000000000000000e+02 2.410298619397798703e+01
2.880000000000000000e+02 2.378932198741939175e+01
2.890000000000000000e+02 2.367404627508758708e+01
2.900000000000000000e+02 2.359279928721895914e+01
2.910000000000000000e+02 2.376512320689412761e+01
2.920000000000000000e+02 2.332444192498810764e+01
2.930000000000000000e+02 2.311753393827975600e+01
2.940000000000000000e+02 2.296219971007050020e+01
2.950000000000000000e+02 2.275166110123036489e+01
2.960000000000000000e+02 2.285897340806593547e+01
2.970000000000000000e+02 2.256580668225010555e+01
2.980000000000000000e+02 2.275670569490936401e+01
2.990000000000000000e+02 2.299343008704167346e+01
3.000000000000000000e+02 2.158791785923087048e+01
3.010000000000000000e+02 2.195652114627983309e+01
3.020000000000000000e+02 2.150964605582505484e+01
3.030000000000000000e+02 2.196262434002450092e+01
3.040000000000000000e+02 2.172303505685876246e+01
3.050000000000000000e+02 2.149213872005968895e+01
3.060000000000000000e+02 2.115706917436877887e+01
3.070000000000000000e+02 2.112848071393348093e+01
3.080000000000000000e+02 2.116736589974408744e+01
3.090000000000000000e+02 2.100894065342953354e+01
3.100000000000000000e+02 2.100369662370054513e+01
3.110000000000000000e+02 2.077712938831431089e+01
3.120000000000000000e+02 2.059855369729056918e+01
3.130000000000000000e+02 2.047585755074247871e+01
3.140000000000000000e+02 2.029979319775487312e+01
3.150000000000000000e+02 2.054112986904579685e+01
3.160000000000000000e+02 2.047863977684359682e+01
3.170000000000000000e+02 2.036223533796086471e+01
3.180000000000000000e+02 2.008412363755063978e+01
3.190000000000000000e+02 2.006782826374193007e+01
3.200000000000000000e+02 1.985538206490813451e+01
3.210000000000000000e+02 1.983924845233745771e+01
3.220000000000000000e+02 1.967477964979124749e+01
3.230000000000000000e+02 1.958200037368629154e+01
3.240000000000000000e+02 1.954365314893649241e+01
3.250000000000000000e+02 1.921832685309852096e+01
3.260000000000000000e+02 1.914943564605733783e+01
3.270000000000000000e+02 1.924475089874566791e+01
3.280000000000000000e+02 1.891060758040885048e+01
3.290000000000000000e+02 1.899446561052697291e+01
3.300000000000000000e+02 1.884116105060338242e+01
3.310000000000000000e+02 1.861636467575944565e+01
3.320000000000000000e+02 1.870780727565852430e+01
3.330000000000000000e+02 1.867470347991486079e+01
3.340000000000000000e+02 1.842331379412389580e+01
3.350000000000000000e+02 1.867905112558791814e+01
3.360000000000000000e+02 1.831564125174266877e+01
3.370000000000000000e+02 1.845585112672015526e+01
3.380000000000000000e+02 1.825005673551878260e+01
3.390000000000000000e+02 1.804202689767947376e+01
3.400000000000000000e+02 1.806734517950724239e+01
3.410000000000000000e+02 1.820005226701211143e+01
3.420000000000000000e+02 1.732710997995890523e+01
3.430000000000000000e+02 1.756968081835641016e+01
3.440000000000000000e+02 1.756906979958884563e+01
3.450000000000000000e+02 1.769371394156771160e+01
3.460000000000000000e+02 1.754310844259308411e+01
3.470000000000000000e+02 1.700911066719129039e+01
3.480000000000000000e+02 1.753979889658317504e+01
3.490000000000000000e+02 1.693261306963080770e+01
3.500000000000000000e+02 1.731008374367173275e+01
3.510000000000000000e+02 1.713885960616534021e+01
3.520000000000000000e+02 1.678232898099598458e+01
3.530000000000000000e+02 1.726803431307821768e+01
3.540000000000000000e+02 1.667685107651645282e+01
3.550000000000000000e+02 1.694687696603013194e+01
3.560000000000000000e+02 1.650751820015502602e+01
3.570000000000000000e+02 1.654209159417454345e+01
3.580000000000000000e+02 1.674565332457408573e+01
3.590000000000000000e+02 1.622747270318725654e+01
3.600000000000000000e+02 1.646623127935056985e+01
3.610000000000000000e+02 1.616704312096023344e+01
3.620000000000000000e+02 1.608661001725419482e+01
3.630000000000000000e+02 1.612477435539640425e+01
3.640000000000000000e+02 1.591267464144573474e+01
3.650000000000000000e+02 1.601184300699021534e+01
3.660000000000000000e+02 1.580653080719801551e+01
3.670000000000000000e+02 1.578567976937409156e+01
3.680000000000000000e+02 1.572979033616441846e+01
3.690000000000000000e+02 1.599777263112747683e+01
3.700000000000000000e+02 1.587208640673664917e+01
3.710000000000000000e+02 1.540149143465041170e+01
3.720000000000000000e+02 1.556135301483593913e+01
3.730000000000000000e+02 1.557898193112353447e+01
3.740000000000000000e+02 1.523376049672850030e+01
3.750000000000000000e+02 1.554821899773438432e+01
3.760000000000000000e+02 1.508341236504650062e+01
3.770000000000000000e+02 1.498004915006341520e+01
3.780000000000000000e+02 1.507874089946430196e+01
3.790000000000000000e+02 1.519655531320334063e+01
3.800000000000000000e+02 1.513040398379819607e+01
3.810000000000000000e+02 1.489728235498172282e+01
3.820000000000000000e+02 1.497025367166842891e+01
3.830000000000000000e+02 1.501692372198790792e+01
3.840000000000000000e+02 1.470777158239527083e+01
3.850000000000000000e+02 1.489385594910024935e+01
3.860000000000000000e+02 1.459410792261138390e+01
3.870000000000000000e+02 1.475339839289734911e+01
3.880000000000000000e+02 1.458826701904638590e+01
3.890000000000000000e+02 1.425335962184933258e+01
3.900000000000000000e+02 1.440074893308980997e+01
3.910000000000000000e+02 1.438430394410451107e+01
3.920000000000000000e+02 1.454099125412006899e+01
3.930000000000000000e+02 1.426403444815102617e+01
3.940000000000000000e+02 1.420302516388784753e+01
3.950000000000000000e+02 1.414031225008725912e+01
3.960000000000000000e+02 1.397369537639567838e+01
3.970000000000000000e+02 1.423959386743186073e+01
3.980000000000000000e+02 1.394241158196028962e+01
3.990000000000000000e+02 1.391949090670801503e+01
4.000000000000000000e+02 1.405174563789715414e+01
4.010000000000000000e+02 1.387510188066781325e+01
4.020000000000000000e+02 1.374562964137202137e+01
4.030000000000000000e+02 1.341447611638443327e+01
4.040000000000000000e+02 1.372075782841090508e+01
4.050000000000000000e+02 1.350252509093896514e+01
4.060000000000000000e+02 1.370930265927260372e+01
4.070000000000000000e+02 1.366145578079085254e+01
4.080000000000000000e+02 1.346787511276598792e+01
4.090000000000000000e+02 1.323374971627083774e+01
4.100000000000000000e+02 1.353888674380674217e+01
4.110000000000000000e+02 1.324643083803444732e+01
4.120000000000000000e+02 1.326836630763838620e+01
4.130000000000000000e+02 1.330211585593808721e+01
4.140000000000000000e+02 1.311897471827795947e+01
4.150000000000000000e+02 1.310496089727501712e+01
4.160000000000000000e+02 1.323041820700909454e+01
4.170000000000000000e+02 1.310084800294349172e+01
4.180000000000000000e+02 1.294358205983975019e+01
4.190000000000000000e+02 1.267914236982263176e+01
4.200000000000000000e+02 1.303259524707581107e+01
4.210000000000000000e+02 1.284239157040173041e+01
4.220000000000000000e+02 1.287285961060792339e+01
4.230000000000000000e+02 1.268316762912861329e+01
4.240000000000000000e+02 1.263651836301751175e+01
4.250000000000000000e+02 1.278151324585326343e+01
4.260000000000000000e+02 1.274954868351734483e+01
4.270000000000000000e+02 1.259450101214828877e+01
4.280000000000000000e+02 1.257925896982563785e+01
4.290000000000000000e+02 1.235071090424607299e+01
4.300000000000000000e+02 1.274526494929764020e+01
4.310000000000000000e+02 1.244011303508979971e+01
4.320000000000000000e+02 1.241069802021947055e+01
4.330000000000000000e+02 1.223554787513354825e+01
4.340000000000000000e+02 1.236646498039523934e+01
4.350000000000000000e+02 1.232315931003304854e+01
4.360000000000000000e+02 1.209082238610907822e+01
4.370000000000000000e+02 1.215707455563432404e+01
4.380000000000000000e+02 1.226451413211719554e+01
4.390000000000000000e+02 1.220118681293650376e+01
4.400000000000000000e+02 1.199041922236842694e+01
4.410000000000000000e+02 1.202521525582870687e+01
4.420000000000000000e+02 1.212479493324922331e+01
4.430000000000000000e+02 1.197369407723759771e+01
4.440000000000000000e+02 1.206289613940492167e+01
4.450000000000000000e+02 1.174968043367964476e+01
4.460000000000000000e+02 1.197383518512254952e+01
4.470000000000000000e+02 1.190083763560271102e+01
4.480000000000000000e+02 1.201781401379935588e+01
4.490000000000000000e+02 1.201215799619279601e+01
4.500000000000000000e+02 1.140273492278488199e+01
4.510000000000000000e+02 1.170947251543630685e+01
4.520000000000000000e+02 1.156599971903982116e+01
4.530000000000000000e+02 1.175187358659074199e+01
4.540000000000000000e+02 1.157859916751981721e+01
4.550000000000000000e+02 1.148620332160729340e+01
4.560000000000000000e+02 1.149362450662755997e+01
4.570000000000000000e+02 1.155669407463694043e+01
4.580000000000000000e+02 1.149605515136890510e+01
4.590000000000000000e+02 1.132921923881883863e+01
4.600000000000000000e+02 1.138072293547202740e+01
4.610000000000000000e+02 1.133818010490214689e+01
4.620000000000000000e+02 1.130983700880249820e+01
4.630000000000000000e+02 1.126342217019633374e+01
4.640000000000000000e+02 1.131134021931364764e+01
4.650000000000000000e+02 1.109939225028031373e+01
4.660000000000000000e+02 1.117973119509249535e+01
4.670000000000000000e+02 1.131780704847014540e+01
4.680000000000000000e+02 1.100430739611072717e+01
4.690000000000000000e+02 1.113969710861420559e+01
4.700000000000000000e+02 1.103162996983422950e+01
4.710000000000000000e+02 1.104895814274243904e+01
4.720000000000000000e+02 1.089209033841047258e+01
4.730000000000000000e+02 1.090361282357783423e+01
4.740000000000000000e+02 1.104664140865849475e+01
4.750000000000000000e+02 1.062202821461423596e+01
4.760000000000000000e+02 1.095723048068178862e+01
4.770000000000000000e+02 1.088811944070698345e+01
4.780000000000000000e+02 1.076944664658516260e+01
4.790000000000000000e+02 1.076022211227542336e+01
4.800000000000000000e+02 1.069344774591271729e+01
4.810000000000000000e+02 1.064503380787835241e+01
4.820000000000000000e+02 1.080593187544944200e+01
4.830000000000000000e+02 1.070844633715580052e+01
4.840000000000000000e+02 1.074796985052046772e+01
4.850000000000000000e+02 1.045503876092424633e+01
4.860000000000000000e+02 1.058272831941004455e+01
4.870000000000000000e+02 1.067836179190229728e+01
4.880000000000000000e+02 1.037439588835680304e+01
4.890000000000000000e+02 1.061068850135135655e+01
4.900000000000000000e+02 1.054084698033262057e+01
4.910000000000000000e+02 1.054457747012899382e+01
4.920000000000000000e+02 1.042882978029971852e+01
4.930000000000000000e+02 1.025368059392975795e+01
4.940000000000000000e+02 1.032075885320082520e+01
4.950000000000000000e+02 1.031100265577343045e+01
4.960000000000000000e+02 1.043109624081315268e+01
4.970000000000000000e+02 1.032975589277272377e+01
4.980000000000000000e+02 1.026611245965203878e+01
4.990000000000000000e+02 1.028103711150013844e+01
5.000000000000000000e+02 1.019228173813737293e+01
5.010000000000000000e+02 1.033012337155485127e+01
5.020000000000000000e+02 1.015758286210960293e+01
5.030000000000000000e+02 1.025291395622036461e+01
5.040000000000000000e+02 1.011235026707130658e+01
5.050000000000000000e+02 1.011045462436539921e+01
5.060000000000000000e+02 1.019393909289902922e+01
5.070000000000000000e+02 9.996012062905194284e+00
5.080000000000000000e+02 9.900094171671170784e+00
5.090000000000000000e+02 1.016506464100727491e+01
5.100000000000000000e+02 9.960448051283362858e+00
5.110000000000000000e+02 1.002081920051822550e+01
5.120000000000000000e+02 9.864669355792948124e+00
5.130000000000000000e+02 9.898303588788136764e+00
5.140000000000000000e+02 9.896856971931615732e+00
5.150000000000000000e+02 9.816684882724059591e+00
5.160000000000000000e+02 9.839296904726470672e+00
5.170000000000000000e+02 9.806010022221412825e+00
5.180000000000000000e+02 9.828530995284722849e+00
5.190000000000000000e+02 9.838370595937249163e+00
5.200000000000000000e+02 9.692544789651943660e+00
5.210000000000000000e+02 9.785644741178879613e+00
5.220000000000000000e+02 9.607160411753477902e+00
5.230000000000000000e+02 9.734431578086722325e+00
5.240000000000000000e+02 9.751006885556716242e+00
5.250000000000000000e+02 9.591576723866403142e+00
5.260000000000000000e+02 9.730253624231099963e+00
5.270000000000000000e+02 9.534534689428920018e+00
5.280000000000000000e+02 9.526686975169260663e+00
5.290000000000000000e+02 9.540731323670483377e+00
5.300000000000000000e+02 9.647903584731205129e+00
5.310000000000000000e+02 9.530019854360986642e+00
5.320000000000000000e+02 9.543735240067636738e+00
5.330000000000000000e+02 9.547499875265469171e+00
5.340000000000000000e+02 9.400675863101351837e+00
5.350000000000000000e+02 9.518095925536215418e+00
5.360000000000000000e+02 9.489763131915889716e+00
5.370000000000000000e+02 9.328625488112351150e+00
5.380000000000000000e+02 9.487035128445901577e+00
5.390000000000000000e+02 9.481364707467657027e+00
5.400000000000000000e+02 9.330942365338366074e+00
5.410000000000000000e+02 9.295265298129638865e+00
5.420000000000000000e+02 9.411940306612967433e+00
5.430000000000000000e+02 9.408536983023591205e+00
5.440000000000000000e+02 9.231484500965994044e+00
5.450000000000000000e+02 9.314578631761003535e+00
5.460000000000000000e+02 9.109820909263381949e+00
5.470000000000000000e+02 9.383503808553463443e+00
5.480000000000000000e+02 9.093498370251058560e+00
5.490000000000000000e+02 9.269222589838241433e+00
5.500000000000000000e+02 9.130757253703917442e+00
5.510000000000000000e+02 9.261847667247078419e+00
5.520000000000000000e+02 9.145300980018582493e+00
5.530000000000000000e+02 9.134233593468229273e+00
5.540000000000000000e+02 9.045859302709535754e+00
5.550000000000000000e+02 9.205296814023501639e+00
5.560000000000000000e+02 9.092192839285628381e+00
5.570000000000000000e+02 9.144444141197535458e+00
5.580000000000000000e+02 8.994599741353406230e+00
5.590000000000000000e+02 9.114855564229060292e+00
5.600000000000000000e+02 9.112453947790362108e+00
5.610000000000000000e+02 8.964899877619801671e+00
5.620000000000000000e+02 8.875613704820082717e+00
5.630000000000000000e+02 8.907912808617664879e+00
5.640000000000000000e+02 8.956700498732395488e+00
5.650000000000000000e+02 8.954195577695369224e+00
5.660000000000000000e+02 8.915474143052376732e+00
5.670000000000000000e+02 8.978331601174065923e+00
5.680000000000000000e+02 8.964856881042027936e+00
5.690000000000000000e+02 8.880746756316929336e+00
5.700000000000000000e+02 8.866097368634516585e+00
5.710000000000000000e+02 8.714878983007409374e+00
5.720000000000000000e+02 8.862237289189206280e+00
5.730000000000000000e+02 8.894812653126226820e+00
5.740000000000000000e+02 8.852616005266822796e+00
5.750000000000000000e+02 8.881949053634704327e+00
5.760000000000000000e+02 8.714761014696872365e+00
5.770000000000000000e+02 8.737192879463414386e+00
5.780000000000000000e+02 8.827913047575210115e+00
5.790000000000000000e+02 8.643188471931905426e+00
5.800000000000000000e+02 8.731987407799005396e+00
5.810000000000000000e+02 8.669046220912548506e+00
5.820000000000000000e+02 8.704836680331252907e+00
5.830000000000000000e+02 8.704245285875170879e+00
5.840000000000000000e+02 8.622023407989951593e+00
5.850000000000000000e+02 8.762873864522291001e+00
5.860000000000000000e+02 8.616711538458758923e+00
5.870000000000000000e+02 8.606428503723709156e+00
5.880000000000000000e+02 8.561388674338706650e+00
5.890000000000000000e+02 8.565313373319231260e+00
5.900000000000000000e+02 8.641922302246561216e+00
5.910000000000000000e+02 8.590771779596163782e+00
5.920000000000000000e+02 8.529440848798664376e+00
5.930000000000000000e+02 8.564895414184325872e+00
5.940000000000000000e+02 8.628510232148022041e+00
5.950000000000000000e+02 8.497965208584901120e+00
5.960000000000000000e+02 8.506900215711208801e+00
5.970000000000000000e+02 8.537042177009910304e+00
5.980000000000000000e+02 8.563947433744630189e+00
5.990000000000000000e+02 8.652373090740631767e+00
6.000000000000000000e+02 8.520496653915778040e+00
6.010000000000000000e+02 8.442400349603071064e+00
6.020000000000000000e+02 8.511237972580641298e+00
6.030000000000000000e+02 8.477970090938548253e+00
6.040000000000000000e+02 8.486174865472623452e+00
6.050000000000000000e+02 8.345676598262944168e+00
6.060000000000000000e+02 8.408805562167630754e+00
6.070000000000000000e+02 8.306990544991421643e+00
6.080000000000000000e+02 8.512113151682944689e+00
6.090000000000000000e+02 8.398732749337115777e+00
6.100000000000000000e+02 8.299442555169139979e+00
6.110000000000000000e+02 8.303773486117332681e+00
6.120000000000000000e+02 8.256977166922004230e+00
6.130000000000000000e+02 8.297215570533968076e+00
6.140000000000000000e+02 8.331579238292379230e+00
6.150000000000000000e+02 8.392739233066317084e+00
6.160000000000000000e+02 8.409552891995508261e+00
6.170000000000000000e+02 8.362721844160365237e+00
6.180000000000000000e+02 8.398342109035088043e+00
6.190000000000000000e+02 8.295631085212431088e+00
6.200000000000000000e+02 8.318669898925273642e+00
6.210000000000000000e+02 8.177211206186942860e+00
6.220000000000000000e+02 8.214122161730058380e+00
6.230000000000000000e+02 8.333642194873416287e+00
6.240000000000000000e+02 8.209604453757338050e+00
6.250000000000000000e+02 8.228937615958326290e+00
6.260000000000000000e+02 8.154222259412790663e+00
6.270000000000000000e+02 8.277187123711978955e+00
6.280000000000000000e+02 8.098589899863750219e+00
6.290000000000000000e+02 8.215857463155566975e+00
6.300000000000000000e+02 8.166154676176674343e+00
6.310000000000000000e+02 8.105618554917683127e+00
6.320000000000000000e+02 8.322813343029729083e+00
6.330000000000000000e+02 8.092777201705501966e+00
6.340000000000000000e+02 8.085615616562616736e+00
6.350000000000000000e+02 8.209221330996625099e+00
6.360000000000000000e+02 8.101402278837367632e+00
6.370000000000000000e+02 8.081754742413416182e+00
6.380000000000000000e+02 8.007118423889934888e+00
6.390000000000000000e+02 8.141424035543955995e+00
6.400000000000000000e+02 8.168862372853682885e+00
6.410000000000000000e+02 8.068358181904995874e+00
6.420000000000000000e+02 8.111935629428542072e+00
6.430000000000000000e+02 7.944564960375830154e+00
6.440000000000000000e+02 8.065850400901979356e+00
6.450000000000000000e+02 8.127566825893678626e+00
6.460000000000000000e+02 8.045403205629503063e+00
6.470000000000000000e+02 8.049711514901899179e+00
6.480000000000000000e+02 8.119653064879775783e+00
6.490000000000000000e+02 8.058238573947145156e+00
6.500000000000000000e+02 8.006283789323020983e+00
6.510000000000000000e+02 8.049711272049542288e+00
6.520000000000000000e+02 7.979031811709456967e+00
6.530000000000000000e+02 7.972919447138535176e+00
6.540000000000000000e+02 7.954485713729953389e+00
6.550000000000000000e+02 7.978135287900382622e+00
6.560000000000000000e+02 7.966064796195285957e+00
6.570000000000000000e+02 8.053293854740932289e+00
6.580000000000000000e+02 7.948169213151213164e+00
6.590000000000000000e+02 7.900357410768293676e+00
6.600000000000000000e+02 8.032258481862568189e+00
6.610000000000000000e+02 7.945994020222251208e+00
6.620000000000000000e+02 8.045983405969304059e+00
6.630000000000000000e+02 7.901873181010688363e+00
6.640000000000000000e+02 7.899762242421244807e+00
6.650000000000000000e+02 7.917903741349054947e+00
6.660000000000000000e+02 7.931593434350487470e+00
6.670000000000000000e+02 7.870398283948722096e+00
6.680000000000000000e+02 7.857695946301732626e+00
6.690000000000000000e+02 7.980148326345875454e+00
6.700000000000000000e+02 7.930198400949291404e+00
6.710000000000000000e+02 7.866142188219055420e+00
6.720000000000000000e+02 7.902628421356934219e+00
6.730000000000000000e+02 7.818623608524913671e+00
6.740000000000000000e+02 7.812995854940721685e+00
6.750000000000000000e+02 7.791776721560006003e+00
6.760000000000000000e+02 7.850020588042958991e+00
6.770000000000000000e+02 7.800870071320279209e+00
6.780000000000000000e+02 7.959138897844034943e+00
6.790000000000000000e+02 7.900237302177123055e+00
6.800000000000000000e+02 7.803878855389194236e+00
6.810000000000000000e+02 7.862197153868950572e+00
6.820000000000000000e+02 7.866267849547168289e+00
6.830000000000000000e+02 7.788219463577305213e+00
6.840000000000000000e+02 7.697656044680008414e+00
6.850000000000000000e+02 7.875500557272385294e+00
6.860000000000000000e+02 7.896626962940662686e+00
6.870000000000000000e+02 7.905870063426331917e+00
6.880000000000000000e+02 7.837644025047554308e+00
6.890000000000000000e+02 7.709721165107825236e+00
6.900000000000000000e+02 7.721342251873484663e+00
6.910000000000000000e+02 7.808259284030825143e+00
6.920000000000000000e+02 7.867775963368437431e+00
6.930000000000000000e+02 7.765945665295045153e+00
6.940000000000000000e+02 7.768969208646941738e+00
6.950000000000000000e+02 7.800092236253136413e+00
6.960000000000000000e+02 7.811041432789296302e+00
6.970000000000000000e+02 7.719604884259367417e+00
6.980000000000000000e+02 7.692561487337237658e+00
6.990000000000000000e+02 7.738183092071954761e+00
7.000000000000000000e+02 7.836218358004883200e+00
7.010000000000000000e+02 7.833478380588716483e+00
7.020000000000000000e+02 7.733535993734877323e+00
7.030000000000000000e+02 7.757108810059760273e+00
7.040000000000000000e+02 7.806291522184904963e+00
7.050000000000000000e+02 7.681663520222278052e+00
7.060000000000000000e+02 7.636024231564250364e+00
7.070000000000000000e+02 7.782902283673243105e+00
7.080000000000000000e+02 7.751474038395052446e+00
7.090000000000000000e+02 7.733056054198429230e+00
7.100000000000000000e+02 7.766369111726207919e+00
7.110000000000000000e+02 7.749246000301822868e+00
7.120000000000000000e+02 7.676646011970071903e+00
7.130000000000000000e+02 7.686252351107262903e+00
7.140000000000000000e+02 7.712388461206698409e+00
7.150000000000000000e+02 7.644099073448788140e+00
7.160000000000000000e+02 7.759127366161426842e+00
7.170000000000000000e+02 7.714083189377064720e+00
7.180000000000000000e+02 7.742397223000691220e+00
7.190000000000000000e+02 7.624537857075518232e+00
7.200000000000000000e+02 7.850755818480397608e+00
7.210000000000000000e+02 7.675447996542988705e+00
7.220000000000000000e+02 7.755284091486957188e+00
7.230000000000000000e+02 7.671507643515974806e+00
7.240000000000000000e+02 7.639768290702973808e+00
7.250000000000000000e+02 7.750485010748567660e+00
7.260000000000000000e+02 7.736546181524782462e+00
7.270000000000000000e+02 7.599294079718551309e+00
7.280000000000000000e+02 7.820058426055187084e+00
7.290000000000000000e+02 7.638281020766016560e+00
7.300000000000000000e+02 7.695252499862878182e+00
7.310000000000000000e+02 7.675629694737710729e+00
7.320000000000000000e+02 7.594481604977871392e+00
7.330000000000000000e+02 7.781113803588033839e+00
7.340000000000000000e+02 7.671053226189280316e+00
7.350000000000000000e+02 7.759351165147725382e+00
7.360000000000000000e+02 7.665483787922513947e+00
7.370000000000000000e+02 7.631973332186035464e+00
7.380000000000000000e+02 7.655143885575639295e+00
7.390000000000000000e+02 7.650024367823720084e+00
7.400000000000000000e+02 7.601985716824229300e+00
7.410000000000000000e+02 7.738313938756640198e+00
7.420000000000000000e+02 7.658375491654601852e+00
7.430000000000000000e+02 7.720832626939640342e+00
7.440000000000000000e+02 7.600305262938028328e+00
7.450000000000000000e+02 7.720934297888139675e+00
7.460000000000000000e+02 7.520973129902817078e+00
7.470000000000000000e+02 7.717795410184528748e+00
7.480000000000000000e+02 7.691837562480758450e+00
7.490000000000000000e+02 7.756028915251985012e+00
7.500000000000000000e+02 7.756028915252128009e+00
7.510000000000000000e+02 7.691837562480733581e+00
7.520000000000000000e+02 7.717795410184531413e+00
7.530000000000000000e+02 7.520973129902719378e+00
7.540000000000000000e+02 7.720934297888245368e+00
7.550000000000000000e+02 7.600305262938035433e+00
7.560000000000000000e+02 7.720832626939645671e+00
7.570000000000000000e+02 7.658375491654611622e+00
7.580000000000000000e+02 7.738313938756738786e+00
7.590000000000000000e+02 7.601985716824283479e+00
7.600000000000000000e+02 7.650024367823700544e+00
7.610000000000000000e+02 7.655143885575594886e+00
7.620000000000000000e+02 7.631973332186079872e+00
7.630000000000000000e+02 7.665483787922472203e+00
7.640000000000000000e+02 7.759351165147863938e+00
7.650000000000000000e+02 7.671053226189309626e+00
7.660000000000000000e+02 7.781113803588192823e+00
7.670000000000000000e+02 7.594481604977861622e+00
7.680000000000000000e+02 7.675629694737705400e+00
7.690000000000000000e+02 7.695252499862872853e+00
7.700000000000000000e+02 7.638281020765955276e+00
7.710000000000000000e+02 7.820058426055116918e+00
7.720000000000000000e+02 7.599294079718538875e+00
7.730000000000000000e+02 7.736546181524841970e+00
7.740000000000000000e+02 7.750485010748510817e+00
7.750000000000000000e+02 7.639768290702961373e+00
7.760000000000000000e+02 7.671507643515891317e+00
7.770000000000000000e+02 7.755284091487097520e+00
7.780000000000000000e+02 7.675447996542934526e+00
7.790000000000000000e+02 7.850755818480551262e+00
7.800000000000000000e+02 7.624537857075374347e+00
7.810000000000000000e+02 7.742397223000616613e+00
7.820000000000000000e+02 7.714083189377059391e+00
7.830000000000000000e+02 7.759127366161456152e+00
7.840000000000000000e+02 7.644099073448653137e+00
7.850000000000000000e+02 7.712388461206796997e+00
7.860000000000000000e+02 7.686252351107282443e+00
7.870000000000000000e+02 7.676646011970110983e+00
7.880000000000000000e+02 7.749246000301842408e+00
7.890000000000000000e+02 7.766369111726119101e+00
7.900000000000000000e+02 7.733056054198480744e+00
7.910000000000000000e+02 7.751474038395040012e+00
7.920000000000000000e+02 7.782902283673285737e+00
7.930000000000000000e+02 7.636024231564280562e+00
7.940000000000000000e+02 7.681663520222275388e+00
7.950000000000000000e+02 7.806291522184932496e+00
7.960000000000000000e+02 7.757108810059738069e+00
7.970000000000000000e+02 7.733535993734828473e+00
7.980000000000000000e+02 7.833478380588887902e+00
7.990000000000000000e+02 7.836218358004915174e+00
8.000000000000000000e+02 7.738183092071961866e+00
8.010000000000000000e+02 7.692561487337188808e+00
8.020000000000000000e+02 7.719604884259359423e+00
8.030000000000000000e+02 7.811041432789423311e+00
8.040000000000000000e+02 7.800092236253082234e+00
8.050000000000000000e+02 7.768969208646927527e+00
8.060000000000000000e+02 7.765945665295039824e+00
8.070000000000000000e+02 7.867775963368495162e+00
8.080000000000000000e+02 7.808259284030904190e+00
8.090000000000000000e+02 7.721342251873452689e+00
8.100000000000000000e+02 7.709721165107901619e+00
8.110000000000000000e+02 7.837644025047517005e+00
8.120000000000000000e+02 7.905870063426339023e+00
8.130000000000000000e+02 7.896626962940595185e+00
8.140000000000000000e+02 7.875500557272397728e+00
8.150000000000000000e+02 7.697656044679830778e+00
8.160000000000000000e+02 7.788219463577235935e+00
8.170000000000000000e+02 7.866267849547106117e+00
8.180000000000000000e+02 7.862197153868915933e+00
8.190000000000000000e+02 7.803878855389198677e+00
8.200000000000000000e+02 7.900237302177110621e+00
8.210000000000000000e+02 7.959138897844143301e+00
8.220000000000000000e+02 7.800870071320224142e+00
8.230000000000000000e+02 7.850020588042993630e+00
8.240000000000000000e+02 7.791776721560062846e+00
8.250000000000000000e+02 7.812995854940761653e+00
8.260000000000000000e+02 7.818623608524804425e+00
8.270000000000000000e+02 7.902628421356964417e+00
8.280000000000000000e+02 7.866142188219065190e+00
8.290000000000000000e+02 7.930198400949386439e+00
8.300000000000000000e+02 7.980148326345948284e+00
8.310000000000000000e+02 7.857695946301538115e+00
8.320000000000000000e+02 7.870398283948901508e+00
8.330000000000000000e+02 7.931593434350307170e+00
8.340000000000000000e+02 7.917903741349102908e+00
8.350000000000000000e+02 7.899762242421252800e+00
8.360000000000000000e+02 7.901873181010673264e+00
8.370000000000000000e+02 8.045983405969359126e+00
8.380000000000000000e+02 7.945994020222304499e+00
8.390000000000000000e+02 8.032258481862740496e+00
8.400000000000000000e+02 7.900357410768259037e+00
8.410000000000000000e+02 7.948169213151438761e+00
8.420000000000000000e+02 8.053293854740841695e+00
8.430000000000000000e+02 7.966064796195371223e+00
8.440000000000000000e+02 7.978135287900144590e+00
8.450000000000000000e+02 7.954485713729920526e+00
8.460000000000000000e+02 7.972919447138608007e+00
8.470000000000000000e+02 7.979031811709615063e+00
8.480000000000000000e+02 8.049711272049426825e+00
8.490000000000000000e+02 8.006283789323155986e+00
8.500000000000000000e+02 8.058238573946960415e+00
8.510000000000000000e+02 8.119653064879781112e+00
8.520000000000000000e+02 8.049711514901767728e+00
8.530000000000000000e+02 8.045403205629385823e+00
8.540000000000000000e+02 8.127566825893696389e+00
8.550000000000000000e+02 8.065850400901959816e+00
8.560000000000000000e+02 7.944564960375767981e+00
8.570000000000000000e+02 8.111935629428524308e+00
8.580000000000000000e+02 8.068358181905095350e+00
8.590000000000000000e+02 8.168862372853766374e+00
8.600000000000000000e+02 8.141424035543943560e+00
8.610000000000000000e+02 8.007118423889934888e+00
8.620000000000000000e+02 8.081754742413567172e+00
8.630000000000000000e+02 8.101402278837170456e+00
8.640000000000000000e+02 8.209221330996745891e+00
8.650000000000000000e+02 8.085615616562565222e+00
8.660000000000000000e+02 8.092777201705647627e+00
8.670000000000000000e+02 8.322813343029658029e+00
8.680000000000000000e+02 8.105618554917725760e+00
8.690000000000000000e+02 8.166154676176645921e+00
8.700000000000000000e+02 8.215857463155588292e+00
8.710000000000000000e+02 8.098589899863883446e+00
8.720000000000000000e+02 8.277187123711769345e+00
8.730000000000000000e+02 8.154222259412787110e+00
8.740000000000000000e+02 8.228937615958294316e+00
8.750000000000000000e+02 8.209604453757325615e+00
8.760000000000000000e+02 8.333642194873570830e+00
8.770000000000000000e+02 8.214122161729958904e+00
8.780000000000000000e+02 8.177211206186971282e+00
8.790000000000000000e+02 8.318669898925250550e+00
8.800000000000000000e+02 8.295631085212395561e+00
8.810000000000000000e+02 8.398342109034961922e+00
8.820000000000000000e+02 8.362721844160276419e+00
8.830000000000000000e+02 8.409552891995588197e+00
8.840000000000000000e+02 8.392739233066157212e+00
8.850000000000000000e+02 8.331579238292320611e+00
8.860000000000000000e+02 8.297215570533870377e+00
8.870000000000000000e+02 8.256977166921974032e+00
8.880000000000000000e+02 8.303773486117416169e+00
8.890000000000000000e+02 8.299442555169019187e+00
8.900000000000000000e+02 8.398732749337245451e+00
8.910000000000000000e+02 8.512113151682644485e+00
8.920000000000000000e+02 8.306990544991482039e+00
8.930000000000000000e+02 8.408805562167533054e+00
8.940000000000000000e+02 8.345676598262828705e+00
8.950000000000000000e+02 8.486174865472605688e+00
8.960000000000000000e+02 8.477970090938333314e+00
8.970000000000000000e+02 8.511237972580438793e+00
8.980000000000000000e+02 8.442400349602918297e+00
8.990000000000000000e+02 8.520496653915508034e+00
9.000000000000000000e+02 8.652373090740594463e+00
9.010000000000000000e+02 8.563947433744324655e+00
9.020000000000000000e+02 8.537042177009896093e+00
9.030000000000000000e+02 8.506900215711452162e+00
9.040000000000000000e+02 8.497965208584917107e+00
9.050000000000000000e+02 8.628510232148068226e+00
9.060000000000000000e+02 8.564895414184391598e+00
9.070000000000000000e+02 8.529440848798779840e+00
9.080000000000000000e+02 8.590771779596215296e+00
9.090000000000000000e+02 8.641922302246589638e+00
9.100000000000000000e+02 8.565313373319325407e+00
9.110000000000000000e+02 8.561388674338687110e+00
9.120000000000000000e+02 8.606428503723829948e+00
9.130000000000000000e+02 8.616711538458693198e+00
9.140000000000000000e+02 8.762873864522417122e+00
9.150000000000000000e+02 8.622023407989956922e+00
9.160000000000000000e+02 8.704245285875211735e+00
9.170000000000000000e+02 8.704836680331279553e+00
9.180000000000000000e+02 8.669046220912585810e+00
9.190000000000000000e+02 8.731987407798936118e+00
9.200000000000000000e+02 8.643188471931903649e+00
9.210000000000000000e+02 8.827913047575121297e+00
9.220000000000000000e+02 8.737192879463497874e+00
9.230000000000000000e+02 8.714761014696847496e+00
9.240000000000000000e+02 8.881949053634563995e+00
9.250000000000000000e+02 8.852616005267002208e+00
9.260000000000000000e+02 8.894812653126111357e+00
9.270000000000000000e+02 8.862237289189200951e+00
9.280000000000000000e+02 8.714878983007269042e+00
9.290000000000000000e+02 8.866097368634489939e+00
9.300000000000000000e+02 8.880746756316856505e+00
9.310000000000000000e+02 8.964856881042006620e+00
9.320000000000000000e+02 8.978331601174017962e+00
9.330000000000000000e+02 8.915474143052323441e+00
9.340000000000000000e+02 8.954195577695443831e+00
9.350000000000000000e+02 8.956700498732395488e+00
9.360000000000000000e+02 8.907912808617590272e+00
9.370000000000000000e+02 8.875613704820146665e+00
9.380000000000000000e+02 8.964899877619860291e+00
9.390000000000000000e+02 9.112453947790388753e+00
9.400000000000000000e+02 9.114855564229245033e+00
9.410000000000000000e+02 8.994599741353473732e+00
9.420000000000000000e+02 9.144444141197421771e+00
9.430000000000000000e+02 9.092192839285706540e+00
9.440000000000000000e+02 9.205296814023574470e+00
9.450000000000000000e+02 9.045859302709565952e+00
9.460000000000000000e+02 9.134233593468142232e+00
9.470000000000000000e+02 9.145300980018941317e+00
9.480000000000000000e+02 9.261847667247128157e+00
9.490000000000000000e+02 9.130757253703917442e+00
9.500000000000000000e+02 9.269222589838202353e+00
9.510000000000000000e+02 9.093498370251031915e+00
9.520000000000000000e+02 9.383503808553477654e+00
9.530000000000000000e+02 9.109820909263355304e+00
9.540000000000000000e+02 9.314578631761037286e+00
9.550000000000000000e+02 9.231484500966034901e+00
9.560000000000000000e+02 9.408536983023678246e+00
9.570000000000000000e+02 9.411940306613008289e+00
9.580000000000000000e+02 9.295265298129676168e+00
9.590000000000000000e+02 9.330942365338483313e+00
9.600000000000000000e+02 9.481364707467591302e+00
9.610000000000000000e+02 9.487035128446011711e+00
9.620000000000000000e+02 9.328625488112168185e+00
9.630000000000000000e+02 9.489763131915918137e+00
9.640000000000000000e+02 9.518095925536316670e+00
9.650000000000000000e+02 9.400675863101390917e+00
9.660000000000000000e+02 9.547499875265515357e+00
9.670000000000000000e+02 9.543735240067665160e+00
9.680000000000000000e+02 9.530019854360986642e+00
9.690000000000000000e+02 9.647903584731256643e+00
9.700000000000000000e+02 9.540731323670337716e+00
9.710000000000000000e+02 9.526686975169345928e+00
9.720000000000000000e+02 9.534534689429003507e+00
9.730000000000000000e+02 9.730253624231050225e+00
9.740000000000000000e+02 9.591576723866483078e+00
9.750000000000000000e+02 9.751006885556686044e+00
9.760000000000000000e+02 9.734431578086637060e+00
9.770000000000000000e+02 9.607160411753660867e+00
9.780000000000000000e+02 9.785644741178792572e+00
9.790000000000000000e+02 9.692544789651980963e+00
9.800000000000000000e+02 9.838370595937359298e+00
9.810000000000000000e+02 9.828530995284769034e+00
9.820000000000000000e+02 9.806010022221398614e+00
9.830000000000000000e+02 9.839296904726660742e+00
9.840000000000000000e+02 9.816684882724091565e+00
9.850000000000000000e+02 9.896856971931699221e+00
9.860000000000000000e+02 9.898303588788058605e+00
9.870000000000000000e+02 9.864669355793008521e+00
9.880000000000000000e+02 1.002081920051818997e+01
9.890000000000000000e+02 9.960448051283227855e+00
9.900000000000000000e+02 1.016506464100722695e+01
9.910000000000000000e+02 9.900094171671229404e+00
9.920000000000000000e+02 9.996012062905226259e+00
9.930000000000000000e+02 1.019393909289895284e+01
9.940000000000000000e+02 1.011045462436541342e+01
9.950000000000000000e+02 1.011235026707137052e+01
9.960000000000000000e+02 1.025291395622046231e+01
9.970000000000000000e+02 1.015758286210951056e+01
9.980000000000000000e+02 1.033012337155486726e+01
9.990000000000000000e+02 1.019228173813739780e+01
1.000000000000000000e+03 1.028103711150017929e+01
1.001000000000000000e+03 1.026611245965195174e+01
1.002000000000000000e+03 1.032975589277286765e+01
1.003000000000000000e+03 1.043109624081303011e+01
1.004000000000000000e+03 1.031100265577328479e+01
1.005000000000000000e+03 1.032075885320093889e+01
1.006000000000000000e+03 1.025368059392959452e+01
1.007000000000000000e+03 1.042882978029967589e+01
1.008000000000000000e+03 1.054457747012908619e+01
1.009000000000000000e+03 1.054084698033265077e+01
1.010000000000000000e+03 1.061068850135133523e+01
1.011000000000000000e+03 1.037439588835677995e+01
1.012000000000000000e+03 1.067836179190236123e+01
1.013000000000000000e+03 1.058272831941016001e+01
1.014000000000000000e+03 1.045503876092428897e+01
1.015000000000000000e+03 1.074796985052047660e+01
1.016000000000000000e+03 1.070844633715588756e+01
1.017000000000000000e+03 1.080593187544950240e+01
1.018000000000000000e+03 1.064503380787801667e+01
1.019000000000000000e+03 1.069344774591257874e+01
1.020000000000000000e+03 1.076022211227545711e+01
1.021000000000000000e+03 1.076944664658521766e+01
1.022000000000000000e+03 1.088811944070711313e+01
1.023000000000000000e+03 1.095723048068203731e+01
1.024000000000000000e+03 1.062202821461415247e+01
1.025000000000000000e+03 1.104664140865830824e+01
1.026000000000000000e+03 1.090361282357764772e+01
1.027000000000000000e+03 1.089209033841050278e+01
1.028000000000000000e+03 1.104895814274238219e+01
1.029000000000000000e+03 1.103162996983415489e+01
1.030000000000000000e+03 1.113969710861436013e+01
1.031000000000000000e+03 1.100430739611070763e+01
1.032000000000000000e+03 1.131780704847006547e+01
1.033000000000000000e+03 1.117973119509265700e+01
1.034000000000000000e+03 1.109939225028039900e+01
1.035000000000000000e+03 1.131134021931341671e+01
1.036000000000000000e+03 1.126342217019648118e+01
1.037000000000000000e+03 1.130983700880242182e+01
1.038000000000000000e+03 1.133818010490209005e+01
1.039000000000000000e+03 1.138072293547210379e+01
1.040000000000000000e+03 1.132921923881872317e+01
1.041000000000000000e+03 1.149605515136890155e+01
1.042000000000000000e+03 1.155669407463685872e+01
1.043000000000000000e+03 1.149362450662764878e+01
1.044000000000000000e+03 1.148620332160710156e+01
1.045000000000000000e+03 1.157859916751986873e+01
1.046000000000000000e+03 1.175187358659063719e+01
1.047000000000000000e+03 1.156599971903990287e+01
1.048000000000000000e+03 1.170947251543618961e+01
1.049000000000000000e+03 1.140273492278511291e+01
1.050000000000000000e+03 1.201215799619268942e+01
1.051000000000000000e+03 1.201781401379930614e+01
1.052000000000000000e+03 1.190083763560283359e+01
1.053000000000000000e+03 1.197383518512269340e+01
1.054000000000000000e+03 1.174968043367950798e+01
1.055000000000000000e+03 1.206289613940487548e+01
1.056000000000000000e+03 1.197369407723750356e+01
1.057000000000000000e+03 1.212479493324927660e+01
1.058000000000000000e+03 1.202521525582852213e+01
1.059000000000000000e+03 1.199041922236845359e+01
1.060000000000000000e+03 1.220118681293645047e+01
1.061000000000000000e+03 1.226451413211716357e+01
1.062000000000000000e+03 1.215707455563434713e+01
1.063000000000000000e+03 1.209082238610917948e+01
1.064000000000000000e+03 1.232315931003297571e+01
1.065000000000000000e+03 1.236646498039517716e+01
1.066000000000000000e+03 1.223554787513351094e+01
1.067000000000000000e+03 1.241069802021947943e+01
1.068000000000000000e+03 1.244011303508997202e+01
1.069000000000000000e+03 1.274526494929768816e+01
1.070000000000000000e+03 1.235071090424613693e+01
1.071000000000000000e+03 1.257925896982572134e+01
1.072000000000000000e+03 1.259450101214833673e+01
1.073000000000000000e+03 1.274954868351722759e+01
1.074000000000000000e+03 1.278151324585340376e+01
1.075000000000000000e+03 1.263651836301751885e+01
1.076000000000000000e+03 1.268316762912863815e+01
1.077000000000000000e+03 1.287285961060788431e+01
1.078000000000000000e+03 1.284239157040165402e+01
1.079000000000000000e+03 1.303259524707574002e+01
1.080000000000000000e+03 1.267914236982272769e+01
1.081000000000000000e+03 1.294358205983976973e+01
1.082000000000000000e+03 1.310084800294328922e+01
1.083000000000000000e+03 1.323041820700916560e+01
1.084000000000000000e+03 1.310496089727502955e+01
1.085000000000000000e+03 1.311897471827794526e+01
1.086000000000000000e+03 1.330211585593801260e+01
1.087000000000000000e+03 1.326836630763845548e+01
1.088000000000000000e+03 1.324643083803455745e+01
1.089000000000000000e+03 1.353888674380654322e+01
1.090000000000000000e+03 1.323374971627079510e+01
1.091000000000000000e+03 1.346787511276604654e+01
1.092000000000000000e+03 1.366145578079078149e+01
1.093000000000000000e+03 1.370930265927244918e+01
1.094000000000000000e+03 1.350252509093887276e+01
1.095000000000000000e+03 1.372075782841081981e+01
1.096000000000000000e+03 1.341447611638460202e+01
1.097000000000000000e+03 1.374562964137206045e+01
1.098000000000000000e+03 1.387510188066774042e+01
1.099000000000000000e+03 1.405174563789717190e+01
1.100000000000000000e+03 1.391949090670827083e+01
1.101000000000000000e+03 1.394241158196021324e+01
1.102000000000000000e+03 1.423959386743214139e+01
1.103000000000000000e+03 1.397369537639588444e+01
1.104000000000000000e+03 1.414031225008712234e+01
1.105000000000000000e+03 1.420302516388777825e+01
1.106000000000000000e+03 1.426403444815122690e+01
1.107000000000000000e+03 1.454099125412006899e+01
1.108000000000000000e+03 1.438430394410437607e+01
1.109000000000000000e+03 1.440074893308965542e+01
1.110000000000000000e+03 1.425335962184938587e+01
1.111000000000000000e+03 1.458826701904631484e+01
1.112000000000000000e+03 1.475339839289722299e+01
1.113000000000000000e+03 1.459410792261123824e+01
1.114000000000000000e+03 1.489385594910038968e+01
1.115000000000000000e+03 1.470777158239514826e+01
1.116000000000000000e+03 1.501692372198782266e+01
1.117000000000000000e+03 1.497025367166847687e+01
1.118000000000000000e+03 1.489728235498183828e+01
1.119000000000000000e+03 1.513040398379821561e+01
1.120000000000000000e+03 1.519655531320314346e+01
1.121000000000000000e+03 1.507874089946422558e+01
1.122000000000000000e+03 1.498004915006335658e+01
1.123000000000000000e+03 1.508341236504662497e+01
1.124000000000000000e+03 1.554821899773446603e+01
1.125000000000000000e+03 1.523376049672856958e+01
1.126000000000000000e+03 1.557898193112341190e+01
1.127000000000000000e+03 1.556135301483598532e+01
1.128000000000000000e+03 1.540149143465041881e+01
1.129000000000000000e+03 1.587208640673661009e+01
1.130000000000000000e+03 1.599777263112727788e+01
1.131000000000000000e+03 1.572979033616428168e+01
1.132000000000000000e+03 1.578567976937441664e+01
1.133000000000000000e+03 1.580653080719795867e+01
1.134000000000000000e+03 1.601184300699005192e+01
1.135000000000000000e+03 1.591267464144571697e+01
1.136000000000000000e+03 1.612477435539661030e+01
1.137000000000000000e+03 1.608661001725401007e+01
1.138000000000000000e+03 1.616704312096021923e+01
1.139000000000000000e+03 1.646623127935046682e+01
1.140000000000000000e+03 1.622747270318707180e+01
1.141000000000000000e+03 1.674565332457405020e+01
1.142000000000000000e+03 1.654209159417436936e+01
1.143000000000000000e+03 1.650751820015503313e+01
1.144000000000000000e+03 1.694687696603018168e+01
1.145000000000000000e+03 1.667685107651640308e+01
1.146000000000000000e+03 1.726803431307801873e+01
1.147000000000000000e+03 1.678232898099583181e+01
1.148000000000000000e+03 1.713885960616529758e+01
1.149000000000000000e+03 1.731008374367171854e+01
1.150000000000000000e+03 1.693261306963055191e+01
1.151000000000000000e+03 1.753979889658318214e+01
1.152000000000000000e+03 1.700911066719136855e+01
1.153000000000000000e+03 1.754310844259286029e+01
1.154000000000000000e+03 1.769371394156778621e+01
1.155000000000000000e+03 1.756906979958888826e+01
1.156000000000000000e+03 1.756968081835663398e+01
1.157000000000000000e+03 1.732710997995880930e+01
1.158000000000000000e+03 1.820005226701195866e+01
1.159000000000000000e+03 1.806734517950711449e+01
1.160000000000000000e+03 1.804202689767991075e+01
1.161000000000000000e+03 1.825005673551893537e+01
1.162000000000000000e+03 1.845585112672001671e+01
1.163000000000000000e+03 1.831564125174265456e+01
1.164000000000000000e+03 1.867905112558798564e+01
1.165000000000000000e+03 1.842331379412388870e+01
1.166000000000000000e+03 1.867470347991460144e+01
1.167000000000000000e+03 1.870780727565844614e+01
1.168000000000000000e+03 1.861636467575952381e+01
1.169000000000000000e+03 1.884116105060329005e+01
1.170000000000000000e+03 1.899446561052706528e+01
1.171000000000000000e+03 1.891060758040888246e+01
1.172000000000000000e+03 1.924475089874561817e+01
1.173000000000000000e+03 1.914943564605721349e+01
1.174000000000000000e+03 1.921832685309847477e+01
1.175000000000000000e+03 1.954365314893622241e+01
1.176000000000000000e+03 1.958200037368636259e+01
1.177000000000000000e+03 1.967477964979134342e+01
1.178000000000000000e+03 1.983924845233718770e+01
1.179000000000000000e+03 1.985538206490781121e+01
1.180000000000000000e+03 2.006782826374210416e+01
1.181000000000000000e+03 2.008412363755077479e+01
1.182000000000000000e+03 2.036223533796060892e+01
1.183000000000000000e+03 2.047863977684332326e+01
1.184000000000000000e+03 2.054112986904574001e+01
1.185000000000000000e+03 2.029979319775502589e+01
1.186000000000000000e+03 2.047585755074240410e+01
1.187000000000000000e+03 2.059855369729077168e+01
1.188000000000000000e+03 2.077712938831396272e+01
1.189000000000000000e+03 2.100369662370057000e+01
1.190000000000000000e+03 2.100894065342974315e+01
1.191000000000000000e+03 2.116736589974396665e+01
1.192000000000000000e+03 2.112848071393351290e+01
1.193000000000000000e+03 2.115706917436879664e+01
1.194000000000000000e+03 2.149213872005951487e+01
1.195000000000000000e+03 2.172303505685837166e+01
1.196000000000000000e+03 2.196262434002445119e+01
1.197000000000000000e+03 2.150964605582549183e+01
1.198000000000000000e+03 2.195652114628025942e+01
1.199000000000000000e+03 2.158791785923075324e+01
1.200000000000000000e+03 2.299343008704112634e+01
1.201000000000000000e+03 2.275670569490903361e+01
1.202000000000000000e+03 2.256580668225008068e+01
1.203000000000000000e+03 2.285897340806602074e+01
1.204000000000000000e+03 2.275166110123043950e+01
1.205000000000000000e+03 2.296219971007025151e+01
1.206000000000000000e+03 2.311753393827962810e+01
1.207000000000000000e+03 2.332444192498822844e+01
1.208000000000000000e+03 2.376512320689444024e+01
1.209000000000000000e+03 2.359279928721887032e+01
1.210000000000000000e+03 2.367404627508753379e+01
1.211000000000000000e+03 2.378932198741933846e+01
1.212000000000000000e+03 2.410298619397781295e+01
1.213000000000000000e+03 2.427716878234020115e+01
1.214000000000000000e+03 2.421603017530615531e+01
1.215000000000000000e+03 2.422792590978953342e+01
1.216000000000000000e+03 2.446918310525910911e+01
1.217000000000000000e+03 2.506027416140100783e+01
1.218000000000000000e+03 2.471115064968343233e+01
1.219000000000000000e+03 2.497390470786475092e+01
1.220000000000000000e+03 2.509739166744660466e+01
1.221000000000000000e+03 2.556562373399819421e+01
1.222000000000000000e+03 2.581522968777857585e+01
1.223000000000000000e+03 2.574447013879424873e+01
1.224000000000000000e+03 2.591869236987009018e+01
1.225000000000000000e+03 2.639898987105758721e+01
1.226000000000000000e+03 2.627879697817520110e+01
1.227000000000000000e+03 2.658988180765052078e+01
1.228000000000000000e+03 2.634857982127360287e+01
1.229000000000000000e+03 2.622699173110566306e+01
1.230000000000000000e+03 2.728184785830370629e+01
1.231000000000000000e+03 2.658537282291349158e+01
1.232000000000000000e+03 2.735378869520801004e+01
1.233000000000000000e+03 2.747005981053141355e+01
1.234000000000000000e+03 2.787352044133018580e+01
1.235000000000000000e+03 2.787815240555796592e+01
1.236000000000000000e+03 2.796859061314786743e+01
1.237000000000000000e+03 2.791322941748803643e+01
1.238000000000000000e+03 2.852813196273445229e+01
1.239000000000000000e+03 2.827376906846980020e+01
1.240000000000000000e+03 2.867332676815499681e+01
1.241000000000000000e+03 2.859862091896998493e+01
1.242000000000000000e+03 2.937450033933706450e+01
1.243000000000000000e+03 2.967033008784025938e+01
1.244000000000000000e+03 2.952772139835981946e+01
1.245000000000000000e+03 2.965583740725520201e+01
1.246000000000000000e+03 2.980436314015648236e+01
1.247000000000000000e+03 3.048943728675123310e+01
1.248000000000000000e+03 3.019643742472518966e+01
1.249000000000000000e+03 3.101593636047508085e+01
1.250000000000000000e+03 3.098936405987900145e+01
1.251000000000000000e+03 3.047847821232999621e+01
1.252000000000000000e+03 3.151981668834843475e+01
1.253000000000000000e+03 3.128405653181606638e+01
1.254000000000000000e+03 3.159752856619735795e+01
1.255000000000000000e+03 3.284910884959745658e+01
1.256000000000000000e+03 3.177137158515100523e+01
1.257000000000000000e+03 3.293310151206301839e+01
1.258000000000000000e+03 3.220383987361356048e+01
1.259000000000000000e+03 3.299579802173373366e+01
1.260000000000000000e+03 3.333737779740495455e+01
1.261000000000000000e+03 3.337225571223932263e+01
1.262000000000000000e+03 3.399092223119419032e+01
1.263000000000000000e+03 3.423498283165975664e+01
1.264000000000000000e+03 3.432607193189728889e+01
1.265000000000000000e+03 3.476325471852762661e+01
1.266000000000000000e+03 3.491891344064415392e+01
1.267000000000000000e+03 3.527397833876425182e+01
1.268000000000000000e+03 3.557003073356297307e+01
1.269000000000000000e+03 3.632188113017831910e+01
1.270000000000000000e+03 3.628517178409203581e+01
1.271000000000000000e+03 3.709195709644533423e+01
1.272000000000000000e+03 3.643179337992108913e+01
1.273000000000000000e+03 3.733602052309809238e+01
1.274000000000000000e+03 3.711792597548688377e+01
1.275000000000000000e+03 3.826769338369192042e+01
1.276000000000000000e+03 3.779076273055638069e+01
1.277000000000000000e+03 3.793033269836111288e+01
1.278000000000000000e+03 3.865057637248924749e+01
1.279000000000000000e+03 3.886541010064480872e+01
1.280000000000000000e+03 3.886950167821114377e+01
1.281000000000000000e+03 3.920093418020878318e+01
1.282000000000000000e+03 3.912545332638123341e+01
1.283000000000000000e+03 4.004747167085299964e+01
1.284000000000000000e+03 4.020454481049340956e+01
1.285000000000000000e+03 4.025539544460215069e+01
1.286000000000000000e+03 4.101747126480779571e+01
1.287000000000000000e+03 4.029905890775343380e+01
1.288000000000000000e+03 4.275446401477226033e+01
1.289000000000000000e+03 4.235332816645139076e+01
1.290000000000000000e+03 4.297616772140093389e+01
1.291000000000000000e+03 4.287693612492095951e+01
1.292000000000000000e+03 4.396967968574087138e+01
1.293000000000000000e+03 4.353581274834408532e+01
1.294000000000000000e+03 4.467908082345679333e+01
1.295000000000000000e+03 4.397964100620671957e+01
1.296000000000000000e+03 4.597932301022116519e+01
1.297000000000000000e+03 4.506174579761238874e+01
1.298000000000000000e+03 4.566835624673414884e+01
1.299000000000000000e+03 4.677141169732816195e+01
1.300000000000000000e+03 4.708661302120943759e+01
1.301000000000000000e+03 4.685458298175284853e+01
1.302000000000000000e+03 4.763231871820767793e+01
1.303000000000000000e+03 4.843141750446783078e+01
1.304000000000000000e+03 4.784338736006145609e+01
1.305000000000000000e+03 4.991016307749656988e+01
1.306000000000000000e+03 4.978914033903343039e+01
1.307000000000000000e+03 5.070764968725053734e+01
1.308000000000000000e+03 5.167531484726455915e+01
1.309000000000000000e+03 5.094061282697093418e+01
1.310000000000000000e+03 5.052260845661606936e+01
1.311000000000000000e+03 5.555959322871473205e+01
1.312000000000000000e+03 5.106823744428039902e+01
1.313000000000000000e+03 5.333522732385240772e+01
1.314000000000000000e+03 5.395369082894588075e+01
1.315000000000000000e+03 5.335449256402522167e+01
1.316000000000000000e+03 5.551717418999852072e+01
1.317000000000000000e+03 5.602932377592018298e+01
1.318000000000000000e+03 5.656938620920913507e+01
1.319000000000000000e+03 5.715660510015685247e+01
1.320000000000000000e+03 5.872550230301900598e+01
1.321000000000000000e+03 5.562592108539696767e+01
1.322000000000000000e+03 5.745133290391137848e+01
1.323000000000000000e+03 5.905714734861450665e+01
1.324000000000000000e+03 6.010978297053698327e+01
1.325000000000000000e+03 5.931656484082092362e+01
1.326000000000000000e+03 5.967760100451330629e+01
1.327000000000000000e+03 6.189169530851695100e+01
1.328000000000000000e+03 6.223869267242794479e+01
1.329000000000000000e+03 6.022425214839341123e+01
1.330000000000000000e+03 6.373924081167326250e+01
1.331000000000000000e+03 6.506708794897994608e+01
1.332000000000000000e+03 6.329990680305130013e+01
1.333000000000000000e+03 6.811489133760402126e+01
1.334000000000000000e+03 6.456837923808627977e+01
1.335000000000000000e+03 6.824122564364890309e+01
1.336000000000000000e+03 6.898213126550210461e+01
1.337000000000000000e+03 6.603777784680916341e+01
1.338000000000000000e+03 7.414990476106005701e+01
1.339000000000000000e+03 6.780952100928104187e+01
1.340000000000000000e+03 7.557429975392911103e+01
1.341000000000000000e+03 7.620914477229551665e+01
1.342000000000000000e+03 6.880236347857153589e+01
1.343000000000000000e+03 7.325976431827312751e+01
1.344000000000000000e+03 7.246556837239860727e+01
1.345000000000000000e+03 7.673722109503076183e+01
1.346000000000000000e+03 7.796487172877122873e+01
1.347000000000000000e+03 7.433633064254046019e+01
1.348000000000000000e+03 7.398763763020558315e+01
1.349000000000000000e+03 7.065075208392205752e+01
1.350000000000000000e+03 8.537604632937970450e+01
1.351000000000000000e+03 9.005692119644396598e+01
1.352000000000000000e+03 8.244212340923577642e+01
1.353000000000000000e+03 8.969679163933965071e+01
1.354000000000000000e+03 8.691109305581767330e+01
1.355000000000000000e+03 9.174263333051963798e+01
1.356000000000000000e+03 8.235936260211306603e+01
1.357000000000000000e+03 9.963621015477563958e+01
1.358000000000000000e+03 8.940288392876249191e+01
1.359000000000000000e+03 9.165498671167674161e+01
1.360000000000000000e+03 9.615554179549083358e+01
1.361000000000000000e+03 1.016282572835641815e+02
1.362000000000000000e+03 9.284219027925807666e+01
1.363000000000000000e+03 8.854021060755040651e+01
1.364000000000000000e+03 9.275020329727928470e+01
1.365000000000000000e+03 1.075810102809020208e+02
1.366000000000000000e+03 1.030401379193609017e+02
1.367000000000000000e+03 1.075209637058471088e+02
1.368000000000000000e+03 1.105383940742643887e+02
1.369000000000000000e+03 1.070515164835786379e+02
1.370000000000000000e+03 1.091231295579889888e+02
1.371000000000000000e+03 1.083543785880758179e+02
1.372000000000000000e+03 1.028225702351813169e+02
1.373000000000000000e+03 1.095740542409319573e+02
1.374000000000000000e+03 1.308095827175992270e+02
1.375000000000000000e+03 1.203502361815306756e+02
1.376000000000000000e+03 1.115215756053009954e+02
1.377000000000000000e+03 1.370729586775736095e+02
1.378000000000000000e+03 1.108374426810134565e+02
1.379000000000000000e+03 1.285179253277005387e+02
1.380000000000000000e+03 1.267992462864951904e+02
1.381000000000000000e+03 1.247435718618077374e+02
1.382000000000000000e+03 1.249977104316519529e+02
1.383000000000000000e+03 1.549154978895401484e+02
1.384000000000000000e+03 1.180404097905170175e+02
1.385000000000000000e+03 1.345010964785097940e+02
1.386000000000000000e+03 1.396413085785812882e+02
1.387000000000000000e+03 1.508028213886134665e+02
1.388000000000000000e+03 1.653845763113796750e+02
1.389000000000000000e+03 1.464890692502248157e+02
1.390000000000000000e+03 1.404651494311077613e+02
1.391000000000000000e+03 1.447912496820934791e+02
1.392000000000000000e+03 1.530906665538447839e+02
1.393000000000000000e+03 1.630660669330722214e+02
1.394000000000000000e+03 1.823647687049283945e+02
1.395000000000000000e+03 1.544241618501760058e+02
1.396000000000000000e+03 1.623683329115567631e+02
1.397000000000000000e+03 1.390507319160822135e+02
1.398000000000000000e+03 1.740439692227805040e+02
1.399000000000000000e+03 1.707438974742026971e+02
1.400000000000000000e+03 1.535865322118735037e+02
1.401000000000000000e+03 2.035532292592200747e+02
1.402000000000000000e+03 1.858086553298909962e+02
1.403000000000000000e+03 1.751472687492098430e+02
1.404000000000000000e+03 1.703077887752264132e+02
1.405000000000000000e+03 1.938932816993910535e+02
1.406000000000000000e+03 2.290589246972814124e+02
1.407000000000000000e+03 2.446491705786484374e+02
1.408000000000000000e+03 2.561460126685085470e+02
1.409000000000000000e+03 1.863801466553877901e+02
1.410000000000000000e+03 2.055060465407429433e+02
1.411000000000000000e+03 2.877819934887564273e+02
1.412000000000000000e+03 2.508171067793450106e+02
1.413000000000000000e+03 2.422725602731591437e+02
1.414000000000000000e+03 2.453489245917658650e+02
1.415000000000000000e+03 2.355910245606825697e+02
1.416000000000000000e+03 2.741510425757767848e+02
1.417000000000000000e+03 1.963364456841225945e+02
1.418000000000000000e+03 1.978056505335490272e+02
1.419000000000000000e+03 2.448724268796580077e+02
1.420000000000000000e+03 3.131068684477144757e+02
1.421000000000000000e+03 2.261671655581991160e+02
1.422000000000000000e+03 2.909581690186491869e+02
1.423000000000000000e+03 3.685905240391641655e+02
1.424000000000000000e+03 2.744825642057559207e+02
1.425000000000000000e+03 3.507776865234615116e+02
1.426000000000000000e+03 3.614985452339648191e+02
1.427000000000000000e+03 3.461154452456205490e+02
1.428000000000000000e+03 4.052137385658329549e+02
1.429000000000000000e+03 2.978049824439497115e+02
1.430000000000000000e+03 5.184520463235600118e+02
1.431000000000000000e+03 4.817614212670322331e+02
1.432000000000000000e+03 3.344032144577470831e+02
1.433000000000000000e+03 3.224344957651132404e+02
1.434000000000000000e+03 4.388821982287137189e+02
1.435000000000000000e+03 5.141477365777438990e+02
1.436000000000000000e+03 4.064667791002513582e+02
1.437000000000000000e+03 5.282851668724730416e+02
1.438000000000000000e+03 4.459503833559496684e+02
1.439000000000000000e+03 4.259622710347221641e+02
1.440000000000000000e+03 4.272922089256658182e+02
1.441000000000000000e+03 5.538288093538828889e+02
1.442000000000000000e+03 6.196831364284066694e+02
1.443000000000000000e+03 6.611962622832033958e+02
1.444000000000000000e+03 6.063847277805440399e+02
1.445000000000000000e+03 6.825004542863107417e+02
1.446000000000000000e+03 7.625501007427760669e+02
1.447000000000000000e+03 6.015474191376900990e+02
1.448000000000000000e+03 6.661537084536561224e+02
1.449000000000000000e+03 7.749609442440453222e+02
1.450000000000000000e+03 6.867999414914878571e+02
1.451000000000000000e+03 7.754517090641277264e+02
1.452000000000000000e+03 6.778769711681201215e+02
1.453000000000000000e+03 8.731200971865953306e+02
1.454000000000000000e+03 1.000844323177821138e+03
1.455000000000000000e+03 9.768816281593256008e+02
1.456000000000000000e+03 8.303136664907273143e+02
1.457000000000000000e+03 9.197005674948396745e+02
1.458000000000000000e+03 6.999333612183174864e+02
1.459000000000000000e+03 1.178433756076489090e+03
1.460000000000000000e+03 1.199471349691460546e+03
1.461000000000000000e+03 1.738877779361958346e+03
1.462000000000000000e+03 1.502308504376719611e+03
1.463000000000000000e+03 1.508312822875415350e+03
1.464000000000000000e+03 1.617957080879636123e+03
1.465000000000000000e+03 1.644028470491273083e+03
1.466000000000000000e+03 2.090211931443145204e+03
1.467000000000000000e+03 1.518301438347543126e+03
1.468000000000000000e+03 1.624980555682747990e+03
1.469000000000000000e+03 1.982248737191475584e+03
1.470000000000000000e+03 2.673848764952050260e+03
1.471000000000000000e+03 2.338896750974099177e+03
1.472000000000000000e+03 1.589892234222624211e+03
1.473000000000000000e+03 3.004694047053501890e+03
1.474000000000000000e+03 2.916125672078801017e+03
1.475000000000000000e+03 3.146140636925700619e+03
1.476000000000000000e+03 3.299689371248419320e+03
1.477000000000000000e+03 3.334098569919972306e+03
1.478000000000000000e+03 3.911118308717085711e+03
1.479000000000000000e+03 4.059346251614956145e+03
1.480000000000000000e+03 5.351694439897487428e+03
1.481000000000000000e+03 6.013952072070282156e+03
1.482000000000000000e+03 6.316723698177735059e+03
1.483000000000000000e+03 6.045346454166649892e+03
1.484000000000000000e+03 8.465695341343895052e+03
1.485000000000000000e+03 9.359524710649337067e+03
1.486000000000000000e+03 1.125237457893923965e+04
1.487000000000000000e+03 1.452249617020674305e+04
1.488000000000000000e+03 1.468293852326857632e+04
1.489000000000000000e+03 1.976511086237460768e+04
1.490000000000000000e+03 2.279958053362420833e+04
1.491000000000000000e+03 2.116931129548337776e+04
1.492000000000000000e+03 3.064816081980350646e+04
1.493000000000000000e+03 4.455453835910697671e+04
1.494000000000000000e+03 6.151275342952518986e+04
1.495000000000000000e+03 9.063384248640081205e+04
1.496000000000000000e+03 8.842294246552705590e+04
1.497000000000000000e+03 1.854144202441494563e+05
1.498000000000000000e+03 3.855424768115247134e+05
