# size duration
8.000000000000000000e+01 5.486715150625384396e+00
9.400000000000000000e+01 1.521528945764977081e+01
6.200000000000000000e+01 2.266984342409417597e+00
2.600000000000000000e+01 5.631972677297445440e-01
4.200000000000000000e+01 1.046758283332035244e+00
8.200000000000000000e+01 6.252834748137223286e+00
9.200000000000000000e+01 5.929226407659378140e+00
8.600000000000000000e+01 6.791223163552056796e+00
5.000000000000000000e+01 1.509422511634141317e+00
8.400000000000000000e+01 7.065552240560432296e+00
7.800000000000000000e+01 4.825054586352279351e+00
5.200000000000000000e+01 1.500723643105912108e+00
8.200000000000000000e+01 4.937273939735487005e+00
7.200000000000000000e+01 3.705598349149032078e+00
