# freq power
0.000000000000000000e+00 7.993093987255432170e-26
1.000000000000000000e+00 1.998182954748845659e+05
2.000000000000000000e+00 8.208327856273086581e+03
3.000000000000000000e+00 2.429149466615057463e+04
4.000000000000000000e+00 1.948416245382176203e+04
5.000000000000000000e+00 2.002908755087828695e+03
6.000000000000000000e+00 6.245792005023262163e+02
7.000000000000000000e+00 6.189098130229650678e+02
8.000000000000000000e+00 5.707632066358357406e+03
9.000000000000000000e+00 3.634550088201317521e+03
1.000000000000000000e+01 3.834941277468246881e+02
1.100000000000000000e+01 8.747879766592567421e+02
1.200000000000000000e+01 3.790027523828588301e+02
1.300000000000000000e+01 1.179123415342939325e+03
1.400000000000000000e+01 6.016724701972842695e+02
1.500000000000000000e+01 8.068977895742092414e+02
1.600000000000000000e+01 1.242467700433855271e+03
1.700000000000000000e+01 1.731934612901975186e+02
1.800000000000000000e+01 5.287798411020391143e+01
1.900000000000000000e+01 3.531719634170590894e+01
2.000000000000000000e+01 6.521523955214360058e+02
2.100000000000000000e+01 6.743607865379797204e+02
2.200000000000000000e+01 1.186847221319347625e+02
2.300000000000000000e+01 1.553282631348913583e+02
2.400000000000000000e+01 8.864393598286606846e+01
2.500000000000000000e+01 2.288370715403727331e+02
2.600000000000000000e+01 1.316778336977968422e+02
2.700000000000000000e+01 2.048839074660170638e+02
2.800000000000000000e+01 2.898856888676671133e+02
2.900000000000000000e+01 5.247121172912060416e+01
3.000000000000000000e+01 1.737241244343399771e+01
3.100000000000000000e+01 3.730024742935392368e+01
3.200000000000000000e+01 2.833282360918443601e+02
3.300000000000000000e+01 2.544611733255546255e+02
3.400000000000000000e+01 4.124464010720615192e+01
3.500000000000000000e+01 3.847848948260504187e+01
3.600000000000000000e+01 2.235632084803922837e+01
3.700000000000000000e+01 1.344799181163572257e+02
3.800000000000000000e+01 1.107337592023135073e+02
3.900000000000000000e+01 1.223591983277680129e+02
4.000000000000000000e+01 1.627697571566978354e+02
4.100000000000000000e+01 2.477166554940661669e+01
4.200000000000000000e+01 5.737833001598102278e+00
4.300000000000000000e+01 1.138068752594086064e+01
4.400000000000000000e+01 1.094494110007005787e+02
4.500000000000000000e+01 1.508745048425792277e+02
4.600000000000000000e+01 3.925200096321295717e+01
4.700000000000000000e+01 2.585839875286063716e+01
4.800000000000000000e+01 8.175619117321826224e+00
4.900000000000000000e+01 4.152184570041628575e+01
5.000000000000000000e+01 3.734625962704087954e+01
5.100000000000000000e+01 4.110744991552934380e+01
5.200000000000000000e+01 6.075030091738666727e+01
5.300000000000000000e+01 1.373788509508681521e+01
5.400000000000000000e+01 6.785178314482618767e+00
5.500000000000000000e+01 1.344220043017434385e+01
5.600000000000000000e+01 6.483440930479096664e+01
5.700000000000000000e+01 4.981959785322366940e+01
5.800000000000000000e+01 7.352727875243334488e+00
5.900000000000000000e+01 4.054155957104256025e+00
6.000000000000000000e+01 1.496623765452650190e+01
6.100000000000000000e+01 5.232687707884645079e+01
6.200000000000000000e+01 3.589766262232649296e+01
6.300000000000000000e+01 4.222523942743252690e+01
6.400000000000000000e+01 3.442236985145155614e+01
6.500000000000000000e+01 5.017545040222966435e+00
6.600000000000000000e+01 9.598854364120647631e+00
6.700000000000000000e+01 1.393278154806318092e+01
6.800000000000000000e+01 5.792541083624065124e+01
6.900000000000000000e+01 5.223716418485070534e+01
7.000000000000000000e+01 8.924420004126636385e+00
7.100000000000000000e+01 2.818856889813013300e+00
7.200000000000000000e+01 2.747105857860860478e+00
7.300000000000000000e+01 3.124394591417918932e+01
7.400000000000000000e+01 2.827436195295682353e+01
7.500000000000000000e+01 2.320962929332485203e+01
7.600000000000000000e+01 2.347629099596626290e+01
7.700000000000000000e+01 1.291512153490098180e+00
7.800000000000000000e+01 7.068420026631223152e+00
7.900000000000000000e+01 8.082740505680105159e+00
8.000000000000000000e+01 3.103310288219660862e+01
8.100000000000000000e+01 3.156840596777083263e+01
8.200000000000000000e+01 3.930352276229814645e+00
8.300000000000000000e+01 1.755927562165628952e+00
8.400000000000000000e+01 4.218818743770769153e+00
8.500000000000000000e+01 2.688394831608100333e+01
8.600000000000000000e+01 2.346527553924290288e+01
8.700000000000000000e+01 1.332935245709578176e+01
8.800000000000000000e+01 1.668480826977629761e+01
8.900000000000000000e+01 2.000501492483492960e+00
9.000000000000000000e+01 1.056361857166406537e+01
9.100000000000000000e+01 9.695751722276165552e+00
9.200000000000000000e+01 3.175130090590988630e+01
9.300000000000000000e+01 3.037371293279789697e+01
9.400000000000000000e+01 5.937281315870539977e+00
9.500000000000000000e+01 1.721163115649140929e+00
9.600000000000000000e+01 1.250709142157335529e+00
9.700000000000000000e+01 1.742623285548276613e+01
9.800000000000000000e+01 2.003414528359803626e+01
9.900000000000000000e+01 1.541472426145847230e+01
1.000000000000000000e+02 1.522248700495516971e+01
1.010000000000000000e+02 2.552365239502543126e+00
1.020000000000000000e+02 3.482518913741408539e+00
1.030000000000000000e+02 3.305282218180333409e+00
1.040000000000000000e+02 1.349373972835752866e+01
1.050000000000000000e+02 1.698228320753950982e+01
1.060000000000000000e+02 1.924233333496502718e+00
1.070000000000000000e+02 6.536221308915348693e-01
1.080000000000000000e+02 2.385283730338489949e+00
1.090000000000000000e+02 1.418254924541770734e+01
1.100000000000000000e+02 1.204130608459825247e+01
1.110000000000000000e+02 5.554809009255220253e+00
1.120000000000000000e+02 3.744202289810854900e+00
1.130000000000000000e+02 7.714936760192983023e-01
1.140000000000000000e+02 4.460781622524676138e+00
1.150000000000000000e+02 6.432023487931732397e+00
1.160000000000000000e+02 1.202854389088682474e+01
1.170000000000000000e+02 1.308017216157082174e+01
1.180000000000000000e+02 9.365109709073523581e-01
1.190000000000000000e+02 3.098228057307298999e-01
1.200000000000000000e+02 2.774861448194559266e+00
1.210000000000000000e+02 1.238367623639634552e+01
1.220000000000000000e+02 1.286083441591776300e+01
1.230000000000000000e+02 6.248493199025189959e+00
1.240000000000000000e+02 5.941113083456984079e+00
1.250000000000000000e+02 1.081783977297841037e+00
1.260000000000000000e+02 3.483012523971813934e+00
1.270000000000000000e+02 3.471995858635356313e+00
1.280000000000000000e+02 1.207159246305952038e+01
1.290000000000000000e+02 7.660251300946161024e+00
1.300000000000000000e+02 1.137692604157161780e+00
1.310000000000000000e+02 1.606802163579165721e-01
1.320000000000000000e+02 2.952766685060674412e+00
1.330000000000000000e+02 9.825100899283876643e+00
1.340000000000000000e+02 7.437715285109767649e+00
1.350000000000000000e+02 5.322409548525932621e+00
1.360000000000000000e+02 1.319339699149091327e+00
1.370000000000000000e+02 2.158909729776679054e-01
1.380000000000000000e+02 5.024232432696409845e+00
1.390000000000000000e+02 6.711980067688312346e+00
1.400000000000000000e+02 6.388048493789114879e+00
1.410000000000000000e+02 6.124437950668641939e+00
1.420000000000000000e+02 9.479134759336004246e-01
1.430000000000000000e+02 3.253159590346060837e-01
1.440000000000000000e+02 2.590142320397888831e+00
1.450000000000000000e+02 1.016488075280372883e+01
1.460000000000000000e+02 6.439524655914383722e+00
1.470000000000000000e+02 3.787739417812030052e+00
1.480000000000000000e+02 3.941131382264028371e+00
1.490000000000000000e+02 5.778911840852162252e-01
1.500000000000000000e+02 4.261126429685953454e+00
1.510000000000000000e+02 1.627860874702318661e+00
1.520000000000000000e+02 4.317022009214581679e+00
1.530000000000000000e+02 5.245140472526036213e+00
1.540000000000000000e+02 7.115744908974028782e-01
1.550000000000000000e+02 3.653481862973842476e-01
1.560000000000000000e+02 1.990872229791877723e+00
1.570000000000000000e+02 6.543203419189728365e+00
1.580000000000000000e+02 5.160267322257621636e+00
1.590000000000000000e+02 1.943958549061088226e+00
1.600000000000000000e+02 8.055748115465308778e-01
1.610000000000000000e+02 4.243255548998046689e-01
1.620000000000000000e+02 5.338752514253699566e+00
1.630000000000000000e+02 3.190307167473339867e+00
1.640000000000000000e+02 4.525172502290832455e+00
1.650000000000000000e+02 2.110748590625798560e+00
1.660000000000000000e+02 6.047049368687659049e-02
1.670000000000000000e+02 3.599083894502680958e-01
1.680000000000000000e+02 1.871707027464866169e+00
1.690000000000000000e+02 4.463146986780829550e+00
1.700000000000000000e+02 4.220313873292877993e+00
1.710000000000000000e+02 3.120116256459460669e+00
1.720000000000000000e+02 2.660266436533568202e-01
1.730000000000000000e+02 1.090652280706136290e+00
1.740000000000000000e+02 3.338889204707608194e+00
1.750000000000000000e+02 2.844080297729642215e+00
1.760000000000000000e+02 6.728464090328900582e+00
1.770000000000000000e+02 3.272035809691856034e+00
1.780000000000000000e+02 7.572185712554656556e-01
1.790000000000000000e+02 6.128909846944325529e-02
1.800000000000000000e+02 2.434703066403329785e+00
1.810000000000000000e+02 6.119829154526419401e+00
1.820000000000000000e+02 2.938335266872294405e+00
1.830000000000000000e+02 2.692464306557282416e+00
1.840000000000000000e+02 4.491811970939934007e-01
1.850000000000000000e+02 3.397691887554566414e-01
1.860000000000000000e+02 1.515128521567217668e+00
1.870000000000000000e+02 5.228489861732148469e+00
1.880000000000000000e+02 5.103937596596781923e+00
1.890000000000000000e+02 2.938432877186313075e+00
1.900000000000000000e+02 2.760721904059191822e-01
1.910000000000000000e+02 3.783010729367022318e-01
1.920000000000000000e+02 3.184006734630860702e+00
1.930000000000000000e+02 4.302077835584436905e+00
1.940000000000000000e+02 3.574463312776963164e+00
1.950000000000000000e+02 2.940560557679472442e+00
1.960000000000000000e+02 8.124738696851938058e-02
1.970000000000000000e+02 1.389751657438282662e+00
1.980000000000000000e+02 1.463109753803786273e+00
1.990000000000000000e+02 3.133984063152191357e+00
2.000000000000000000e+02 6.213490358396022373e+00
2.010000000000000000e+02 1.328650237373648180e+00
2.020000000000000000e+02 6.540350080974794041e-03
2.030000000000000000e+02 1.734368883627883939e-01
2.040000000000000000e+02 1.388176362996073498e+00
2.050000000000000000e+02 3.236837650485685725e+00
2.060000000000000000e+02 2.292288198559718104e+00
2.070000000000000000e+02 2.158156144975819313e+00
2.080000000000000000e+02 2.174814790313131241e-01
2.090000000000000000e+02 6.855719354715302805e-01
2.100000000000000000e+02 2.218528443243727555e+00
2.110000000000000000e+02 4.648208440571647282e-01
2.120000000000000000e+02 3.278726216574455510e+00
2.130000000000000000e+02 1.173615757064339293e+00
2.140000000000000000e+02 1.739677204440362446e-01
2.150000000000000000e+02 3.624616247274373843e-02
2.160000000000000000e+02 1.442427194869508211e+00
2.170000000000000000e+02 1.860126124486410237e+00
2.180000000000000000e+02 1.832725677556336974e+00
2.190000000000000000e+02 2.608199895469802132e-01
2.200000000000000000e+02 9.371673459933609063e-02
2.210000000000000000e+02 9.222586745038703349e-01
2.220000000000000000e+02 1.217738216244482752e+00
2.230000000000000000e+02 1.845293681201319647e+00
2.240000000000000000e+02 2.635923772896857642e+00
2.250000000000000000e+02 3.343807859483682865e-01
2.260000000000000000e+02 1.042448896878731129e-01
2.270000000000000000e+02 5.669288122586668699e-01
2.280000000000000000e+02 1.846438829161454187e+00
2.290000000000000000e+02 5.533613339921715557e+00
2.300000000000000000e+02 2.019423123900568218e+00
2.310000000000000000e+02 9.019396715812298959e-01
2.320000000000000000e+02 1.200240599122628787e-01
2.330000000000000000e+02 7.540708880574523709e-01
2.340000000000000000e+02 1.108014426047126522e+00
2.350000000000000000e+02 3.187294589410163859e+00
2.360000000000000000e+02 2.925286799195065512e+00
2.370000000000000000e+02 3.891582900553593460e-01
2.380000000000000000e+02 3.736865791497889777e-01
2.390000000000000000e+02 1.126805855051324023e+00
2.400000000000000000e+02 2.255061360200882603e-01
2.410000000000000000e+02 3.163992294549805351e+00
2.420000000000000000e+02 1.131482462181941484e+00
2.430000000000000000e+02 2.841324994303143225e-01
2.440000000000000000e+02 1.275344622472049105e-01
2.450000000000000000e+02 1.136521345785905357e+00
2.460000000000000000e+02 1.306625091258599491e+00
2.470000000000000000e+02 2.053745920381042644e+00
2.480000000000000000e+02 1.089726495429948594e+00
2.490000000000000000e+02 3.310314468789301023e-01
2.500000000000000000e+02 9.701412895981579299e-01
2.510000000000000000e+02 1.193957977955319993e+00
2.520000000000000000e+02 2.698520916021263094e+00
2.530000000000000000e+02 2.668127324190741056e+00
2.540000000000000000e+02 6.850457461981998009e-01
2.550000000000000000e+02 3.161707472632297455e-01
2.560000000000000000e+02 1.941598814359505598e-01
2.570000000000000000e+02 1.538534161915417586e+00
2.580000000000000000e+02 2.099535899345518430e+00
2.590000000000000000e+02 1.372959524594325353e+00
2.600000000000000000e+02 9.849392643375433076e-01
2.610000000000000000e+02 5.499563087721749850e-03
2.620000000000000000e+02 2.532618040909684343e-01
2.630000000000000000e+02 1.039788926320948326e+00
2.640000000000000000e+02 6.931406453208034391e-01
2.650000000000000000e+02 3.140933794843598914e+00
2.660000000000000000e+02 5.031544123850284489e-01
2.670000000000000000e+02 2.080460849103672183e-01
2.680000000000000000e+02 7.437548109319533918e-01
2.690000000000000000e+02 1.580485742880975986e+00
2.700000000000000000e+02 9.495457582220050430e-01
2.710000000000000000e+02 5.112092392877193303e-01
2.720000000000000000e+02 1.891339381127925545e+00
2.730000000000000000e+02 1.214316229751276344e-01
2.740000000000000000e+02 7.218252872236303741e-01
2.750000000000000000e+02 9.328026640484936571e-01
2.760000000000000000e+02 2.506185013926013117e+00
2.770000000000000000e+02 1.647227372148867053e+00
2.780000000000000000e+02 8.305393781803377395e-01
2.790000000000000000e+02 7.344059764771463383e-01
2.800000000000000000e+02 7.830531521799490857e-01
2.810000000000000000e+02 1.565623974273700592e+00
2.820000000000000000e+02 2.955822739561050128e+00
2.830000000000000000e+02 1.731547605686820424e+00
2.840000000000000000e+02 1.464724287538849312e+00
2.850000000000000000e+02 4.572408931988857644e-02
2.860000000000000000e+02 1.082120142630946358e+00
2.870000000000000000e+02 7.147696087913972818e-01
2.880000000000000000e+02 1.535341436767204470e+00
2.890000000000000000e+02 1.770918559110644219e+00
2.900000000000000000e+02 9.269067609254925955e-02
2.910000000000000000e+02 2.024113978770864519e-01
2.920000000000000000e+02 2.068031790411815340e-01
2.930000000000000000e+02 1.794126496243232616e+00
2.940000000000000000e+02 1.427685314715579690e+00
2.950000000000000000e+02 7.750990618455049219e-01
2.960000000000000000e+02 7.574082249887116314e-01
2.970000000000000000e+02 2.230237819390525900e-01
2.980000000000000000e+02 4.826874807511773446e-01
2.990000000000000000e+02 1.611194091659946315e+00
3.000000000000000000e+02 1.748394368737706595e+00
3.010000000000000000e+02 2.618854778038522291e+00
3.020000000000000000e+02 9.139674083238666924e-01
3.030000000000000000e+02 1.182939903549462102e+00
3.040000000000000000e+02 2.733459212686411011e-01
3.050000000000000000e+02 1.697511565235855446e+00
3.060000000000000000e+02 1.232396934405821209e+00
3.070000000000000000e+02 1.363266466698489721e+00
3.080000000000000000e+02 1.605566456439202483e+00
3.090000000000000000e+02 4.485683769678001087e-01
3.100000000000000000e+02 3.359267488067684826e-01
3.110000000000000000e+02 6.540285845642795914e-01
3.120000000000000000e+02 7.910735014039045332e-01
3.130000000000000000e+02 2.828563783899102457e+00
3.140000000000000000e+02 2.680308348826427323e-01
3.150000000000000000e+02 1.691988258185797678e+00
3.160000000000000000e+02 2.728481973408854178e-02
3.170000000000000000e+02 1.415806354702330072e+00
3.180000000000000000e+02 3.488179977916657792e-01
3.190000000000000000e+02 6.398474267695950513e-01
3.200000000000000000e+02 1.650168495124427481e-01
3.210000000000000000e+02 1.290011903555732808e-01
3.220000000000000000e+02 6.852039740056736772e-01
3.230000000000000000e+02 7.766835071215817399e-01
3.240000000000000000e+02 1.677554632928919931e+00
3.250000000000000000e+02 2.116828847597344243e+00
3.260000000000000000e+02 5.042171598178626368e-01
3.270000000000000000e+02 7.338582686288914747e-01
3.280000000000000000e+02 8.858324558426550546e-03
3.290000000000000000e+02 1.843809386920410409e+00
3.300000000000000000e+02 7.048968072987817912e-01
3.310000000000000000e+02 2.326090451128313974e-01
3.320000000000000000e+02 4.309171036447486669e-01
3.330000000000000000e+02 5.607598264610613725e-01
3.340000000000000000e+02 5.878057977336519357e-01
3.350000000000000000e+02 1.077980809247819582e+00
3.360000000000000000e+02 2.578514956294974514e+00
3.370000000000000000e+02 2.725433175689946808e+00
3.380000000000000000e+02 1.970415682530675672e-01
3.390000000000000000e+02 1.174434257657576142e+00
3.400000000000000000e+02 1.402826454363908203e-02
3.410000000000000000e+02 3.203120063809345108e+00
3.420000000000000000e+02 1.695549198235490218e+00
3.430000000000000000e+02 7.261573782768178109e-01
3.440000000000000000e+02 1.674156065819754735e+00
3.450000000000000000e+02 5.815801625312355498e-03
3.460000000000000000e+02 8.989181221205493344e-01
3.470000000000000000e+02 8.539645844843530842e-01
3.480000000000000000e+02 1.800594217634572614e+00
3.490000000000000000e+02 3.063293221528189392e+00
3.500000000000000000e+02 1.877854016216572164e-01
3.510000000000000000e+02 8.192279779150909436e-01
3.520000000000000000e+02 1.566382664484569309e+00
3.530000000000000000e+02 9.738529492863665649e-01
3.540000000000000000e+02 1.667232126991484487e+00
3.550000000000000000e+02 2.532417159574014698e-01
3.560000000000000000e+02 8.810898153833290891e-01
3.570000000000000000e+02 5.789641431909747782e-01
3.580000000000000000e+02 1.381782828033296884e+00
3.590000000000000000e+02 6.754019154565691352e-01
3.600000000000000000e+02 8.512275954553609747e-01
3.610000000000000000e+02 1.401080804883775732e+00
3.620000000000000000e+02 8.330615442630270318e-01
3.630000000000000000e+02 3.566883849058496425e-01
3.640000000000000000e+02 5.807047916886440286e-02
3.650000000000000000e+02 3.824266183784290063e-01
3.660000000000000000e+02 6.554668820581956989e-01
3.670000000000000000e+02 6.881071755561538605e-01
3.680000000000000000e+02 5.827912610429218931e-01
3.690000000000000000e+02 1.212567467045989833e+00
3.700000000000000000e+02 1.692298135554912042e+00
3.710000000000000000e+02 7.096216982231666748e-01
3.720000000000000000e+02 7.096216982231636772e-01
3.730000000000000000e+02 1.692298135554887839e+00
3.740000000000000000e+02 1.212567467045962966e+00
3.750000000000000000e+02 5.827912610429251128e-01
3.760000000000000000e+02 6.881071755561787295e-01
3.770000000000000000e+02 6.554668820582041366e-01
3.780000000000000000e+02 3.824266183784395534e-01
3.790000000000000000e+02 5.807047916886311917e-02
3.800000000000000000e+02 3.566883849058445910e-01
3.810000000000000000e+02 8.330615442630353584e-01
3.820000000000000000e+02 1.401080804883702235e+00
3.830000000000000000e+02 8.512275954553961688e-01
3.840000000000000000e+02 6.754019154565612526e-01
3.850000000000000000e+02 1.381782828033295329e+00
3.860000000000000000e+02 5.789641431909752223e-01
3.870000000000000000e+02 8.810898153833309765e-01
3.880000000000000000e+02 2.532417159574022469e-01
3.890000000000000000e+02 1.667232126991524677e+00
3.900000000000000000e+02 9.738529492863766679e-01
3.910000000000000000e+02 1.566382664484550213e+00
3.920000000000000000e+02 8.192279779150624108e-01
3.930000000000000000e+02 1.877854016216617683e-01
3.940000000000000000e+02 3.063293221528255561e+00
3.950000000000000000e+02 1.800594217634618355e+00
3.960000000000000000e+02 8.539645844843695155e-01
3.970000000000000000e+02 8.989181221205242434e-01
3.980000000000000000e+02 5.815801625312656473e-03
3.990000000000000000e+02 1.674156065819740524e+00
4.000000000000000000e+02 7.261573782768308005e-01
4.010000000000000000e+02 1.695549198235456689e+00
4.020000000000000000e+02 3.203120063809373530e+00
4.030000000000000000e+02 1.402826454363717903e-02
4.040000000000000000e+02 1.174434257657574587e+00
4.050000000000000000e+02 1.970415682530692048e-01
4.060000000000000000e+02 2.725433175689984999e+00
4.070000000000000000e+02 2.578514956295001603e+00
4.080000000000000000e+02 1.077980809247825578e+00
4.090000000000000000e+02 5.878057977336675899e-01
4.100000000000000000e+02 5.607598264610555994e-01
4.110000000000000000e+02 4.309171036447417835e-01
4.120000000000000000e+02 2.326090451128245418e-01
4.130000000000000000e+02 7.048968072987642497e-01
4.140000000000000000e+02 1.843809386920427285e+00
4.150000000000000000e+02 8.858324558427306886e-03
4.160000000000000000e+02 7.338582686288984691e-01
4.170000000000000000e+02 5.042171598178630809e-01
4.180000000000000000e+02 2.116828847597356678e+00
4.190000000000000000e+02 1.677554632928867084e+00
4.200000000000000000e+02 7.766835071216088293e-01
4.210000000000000000e+02 6.852039740056459216e-01
4.220000000000000000e+02 1.290011903555898509e-01
4.230000000000000000e+02 1.650168495124338941e-01
4.240000000000000000e+02 6.398474267695835049e-01
4.250000000000000000e+02 3.488179977916640584e-01
4.260000000000000000e+02 1.415806354702348058e+00
4.270000000000000000e+02 2.728481973409773928e-02
4.280000000000000000e+02 1.691988258185787242e+00
4.290000000000000000e+02 2.680308348826423992e-01
4.300000000000000000e+02 2.828563783899088246e+00
4.310000000000000000e+02 7.910735014039115276e-01
4.320000000000000000e+02 6.540285845642921370e-01
4.330000000000000000e+02 3.359267488067603780e-01
4.340000000000000000e+02 4.485683769678143751e-01
4.350000000000000000e+02 1.605566456439210477e+00
4.360000000000000000e+02 1.363266466698512147e+00
4.370000000000000000e+02 1.232396934405841415e+00
4.380000000000000000e+02 1.697511565235849673e+00
4.390000000000000000e+02 2.733459212686595863e-01
4.400000000000000000e+02 1.182939903549438343e+00
4.410000000000000000e+02 9.139674083238971125e-01
4.420000000000000000e+02 2.618854778038526732e+00
4.430000000000000000e+02 1.748394368737716142e+00
4.440000000000000000e+02 1.611194091659928773e+00
4.450000000000000000e+02 4.826874807511684073e-01
4.460000000000000000e+02 2.230237819390508691e-01
4.470000000000000000e+02 7.574082249887339469e-01
4.480000000000000000e+02 7.750990618455211312e-01
4.490000000000000000e+02 1.427685314715575915e+00
4.500000000000000000e+02 1.794126496243217739e+00
4.510000000000000000e+02 2.068031790411819226e-01
4.520000000000000000e+02 2.024113978770845368e-01
4.530000000000000000e+02 9.269067609254733053e-02
4.540000000000000000e+02 1.770918559110655544e+00
4.550000000000000000e+02 1.535341436767203360e+00
4.560000000000000000e+02 7.147696087913771867e-01
4.570000000000000000e+02 1.082120142630944359e+00
4.580000000000000000e+02 4.572408931989627862e-02
4.590000000000000000e+02 1.464724287538854863e+00
4.600000000000000000e+02 1.731547605686831082e+00
4.610000000000000000e+02 2.955822739561109191e+00
4.620000000000000000e+02 1.565623974273665953e+00
4.630000000000000000e+02 7.830531521799528605e-01
4.640000000000000000e+02 7.344059764771624366e-01
4.650000000000000000e+02 8.305393781803308562e-01
4.660000000000000000e+02 1.647227372148890367e+00
4.670000000000000000e+02 2.506185013925979366e+00
4.680000000000000000e+02 9.328026640484786691e-01
4.690000000000000000e+02 7.218252872236280426e-01
4.700000000000000000e+02 1.214316229751246923e-01
4.710000000000000000e+02 1.891339381127982389e+00
4.720000000000000000e+02 5.112092392876786962e-01
4.730000000000000000e+02 9.495457582220332426e-01
4.740000000000000000e+02 1.580485742880898270e+00
4.750000000000000000e+02 7.437548109319309653e-01
4.760000000000000000e+02 2.080460849103537846e-01
4.770000000000000000e+02 5.031544123850602013e-01
4.780000000000000000e+02 3.140933794843582927e+00
4.790000000000000000e+02 6.931406453207867857e-01
4.800000000000000000e+02 1.039788926320926121e+00
4.810000000000000000e+02 2.532618040909364598e-01
4.820000000000000000e+02 5.499563087724965160e-03
4.830000000000000000e+02 9.849392643375401990e-01
4.840000000000000000e+02 1.372959524594293823e+00
4.850000000000000000e+02 2.099535899345503331e+00
4.860000000000000000e+02 1.538534161915432907e+00
4.870000000000000000e+02 1.941598814359583036e-01
4.880000000000000000e+02 3.161707472632446225e-01
4.890000000000000000e+02 6.850457461981896978e-01
4.900000000000000000e+02 2.668127324190703309e+00
4.910000000000000000e+02 2.698520916021229343e+00
4.920000000000000000e+02 1.193957977955332206e+00
4.930000000000000000e+02 9.701412895981741391e-01
4.940000000000000000e+02 3.310314468789631870e-01
4.950000000000000000e+02 1.089726495429911513e+00
4.960000000000000000e+02 2.053745920381091494e+00
4.970000000000000000e+02 1.306625091258648341e+00
4.980000000000000000e+02 1.136521345785889592e+00
4.990000000000000000e+02 1.275344622472118217e-01
5.000000000000000000e+02 2.841324994302944495e-01
5.010000000000000000e+02 1.131482462181876647e+00
5.020000000000000000e+02 3.163992294549846651e+00
5.030000000000000000e+02 2.255061360200877885e-01
5.040000000000000000e+02 1.126805855051334904e+00
5.050000000000000000e+02 3.736865791497930300e-01
5.060000000000000000e+02 3.891582900553727797e-01
5.070000000000000000e+02 2.925286799195090826e+00
5.080000000000000000e+02 3.187294589410206491e+00
5.090000000000000000e+02 1.108014426047142065e+00
5.100000000000000000e+02 7.540708880574346074e-01
5.110000000000000000e+02 1.200240599122743695e-01
5.120000000000000000e+02 9.019396715812181275e-01
5.130000000000000000e+02 2.019423123900581096e+00
5.140000000000000000e+02 5.533613339921744867e+00
5.150000000000000000e+02 1.846438829161482165e+00
5.160000000000000000e+02 5.669288122586706447e-01
5.170000000000000000e+02 1.042448896878612474e-01
5.180000000000000000e+02 3.343807859483694522e-01
5.190000000000000000e+02 2.635923772896845652e+00
5.200000000000000000e+02 1.845293681201305214e+00
5.210000000000000000e+02 1.217738216244498517e+00
5.220000000000000000e+02 9.222586745038983125e-01
5.230000000000000000e+02 9.371673459933697881e-02
5.240000000000000000e+02 2.608199895469986984e-01
5.250000000000000000e+02 1.832725677556321431e+00
5.260000000000000000e+02 1.860126124486387145e+00
5.270000000000000000e+02 1.442427194869523754e+00
5.280000000000000000e+02 3.624616247273861752e-02
5.290000000000000000e+02 1.739677204440285563e-01
5.300000000000000000e+02 1.173615757064387033e+00
5.310000000000000000e+02 3.278726216574491037e+00
5.320000000000000000e+02 4.648208440571449107e-01
5.330000000000000000e+02 2.218528443243709791e+00
5.340000000000000000e+02 6.855719354715569258e-01
5.350000000000000000e+02 2.174814790312923074e-01
5.360000000000000000e+02 2.158156144975804658e+00
5.370000000000000000e+02 2.292288198559792711e+00
5.380000000000000000e+02 3.236837650485656859e+00
5.390000000000000000e+02 1.388176362996131008e+00
5.400000000000000000e+02 1.734368883627917801e-01
5.410000000000000000e+02 6.540350080972991663e-03
5.420000000000000000e+02 1.328650237373623977e+00
5.430000000000000000e+02 6.213490358396128954e+00
5.440000000000000000e+02 3.133984063152202459e+00
5.450000000000000000e+02 1.463109753803770730e+00
5.460000000000000000e+02 1.389751657438247134e+00
5.470000000000000000e+02 8.124738696851172004e-02
5.480000000000000000e+02 2.940560557679551934e+00
5.490000000000000000e+02 3.574463312777013790e+00
5.500000000000000000e+02 4.302077835584420029e+00
5.510000000000000000e+02 3.184006734630859370e+00
5.520000000000000000e+02 3.783010729366975688e-01
5.530000000000000000e+02 2.760721904059133536e-01
5.540000000000000000e+02 2.938432877186332615e+00
5.550000000000000000e+02 5.103937596596691328e+00
5.560000000000000000e+02 5.228489861732131594e+00
5.570000000000000000e+02 1.515128521567187470e+00
5.580000000000000000e+02 3.397691887554454837e-01
5.590000000000000000e+02 4.491811970939922349e-01
5.600000000000000000e+02 2.692464306557272202e+00
5.610000000000000000e+02 2.938335266872339258e+00
5.620000000000000000e+02 6.119829154526452264e+00
5.630000000000000000e+02 2.434703066403298699e+00
5.640000000000000000e+02 6.128909846944145118e-02
5.650000000000000000e+02 7.572185712554787562e-01
5.660000000000000000e+02 3.272035809691832053e+00
5.670000000000000000e+02 6.728464090328909464e+00
5.680000000000000000e+02 2.844080297729630225e+00
5.690000000000000000e+02 3.338889204707520264e+00
5.700000000000000000e+02 1.090652280706144284e+00
5.710000000000000000e+02 2.660266436533686996e-01
5.720000000000000000e+02 3.120116256459466886e+00
5.730000000000000000e+02 4.220313873292887763e+00
5.740000000000000000e+02 4.463146986780842873e+00
5.750000000000000000e+02 1.871707027464833972e+00
5.760000000000000000e+02 3.599083894502784764e-01
5.770000000000000000e+02 6.047049368687921339e-02
5.780000000000000000e+02 2.110748590625777688e+00
5.790000000000000000e+02 4.525172502290875975e+00
5.800000000000000000e+02 3.190307167473399375e+00
5.810000000000000000e+02 5.338752514253648052e+00
5.820000000000000000e+02 4.243255548998218774e-01
5.830000000000000000e+02 8.055748115465489745e-01
5.840000000000000000e+02 1.943958549061101104e+00
5.850000000000000000e+02 5.160267322257548805e+00
5.860000000000000000e+02 6.543203419189697279e+00
5.870000000000000000e+02 1.990872229791932790e+00
5.880000000000000000e+02 3.653481862973981809e-01
5.890000000000000000e+02 7.115744908974399596e-01
5.900000000000000000e+02 5.245140472526083286e+00
5.910000000000000000e+02 4.317022009214542599e+00
5.920000000000000000e+02 1.627860874702275584e+00
5.930000000000000000e+02 4.261126429685931249e+00
5.940000000000000000e+02 5.778911840851890247e-01
5.950000000000000000e+02 3.941131382264001726e+00
5.960000000000000000e+02 3.787739417811956777e+00
5.970000000000000000e+02 6.439524655914415696e+00
5.980000000000000000e+02 1.016488075280364534e+01
5.990000000000000000e+02 2.590142320397916809e+00
6.000000000000000000e+02 3.253159590346044183e-01
6.010000000000000000e+02 9.479134759335924310e-01
6.020000000000000000e+02 6.124437950668679242e+00
6.030000000000000000e+02 6.388048493789029614e+00
6.040000000000000000e+02 6.711980067688335438e+00
6.050000000000000000e+02 5.024232432696477346e+00
6.060000000000000000e+02 2.158909729776708475e-01
6.070000000000000000e+02 1.319339699149133738e+00
6.080000000000000000e+02 5.322409548525995682e+00
6.090000000000000000e+02 7.437715285109574026e+00
6.100000000000000000e+02 9.825100899283862432e+00
6.110000000000000000e+02 2.952766685060653540e+00
6.120000000000000000e+02 1.606802163579039433e-01
6.130000000000000000e+02 1.137692604157183096e+00
6.140000000000000000e+02 7.660251300946212538e+00
6.150000000000000000e+02 1.207159246305953104e+01
6.160000000000000000e+02 3.471995858635385179e+00
6.170000000000000000e+02 3.483012523971745100e+00
6.180000000000000000e+02 1.081783977297846144e+00
6.190000000000000000e+02 5.941113083457077337e+00
6.200000000000000000e+02 6.248493199025207723e+00
6.210000000000000000e+02 1.286083441591782162e+01
6.220000000000000000e+02 1.238367623639629755e+01
6.230000000000000000e+02 2.774861448194536617e+00
6.240000000000000000e+02 3.098228057307343408e-01
6.250000000000000000e+02 9.365109709073640154e-01
6.260000000000000000e+02 1.308017216157075779e+01
6.270000000000000000e+02 1.202854389088692777e+01
6.280000000000000000e+02 6.432023487931673777e+00
6.290000000000000000e+02 4.460781622524708112e+00
6.300000000000000000e+02 7.714936760193016330e-01
6.310000000000000000e+02 3.744202289810797168e+00
6.320000000000000000e+02 5.554809009255243346e+00
6.330000000000000000e+02 1.204130608459819030e+01
6.340000000000000000e+02 1.418254924541770023e+01
6.350000000000000000e+02 2.385283730338526809e+00
6.360000000000000000e+02 6.536221308915133310e-01
6.370000000000000000e+02 1.924233333496535359e+00
6.380000000000000000e+02 1.698228320753964127e+01
6.390000000000000000e+02 1.349373972835752689e+01
6.400000000000000000e+02 3.305282218180314313e+00
6.410000000000000000e+02 3.482518913741344591e+00
6.420000000000000000e+02 2.552365239502546679e+00
6.430000000000000000e+02 1.522248700495521412e+01
6.440000000000000000e+02 1.541472426145845809e+01
6.450000000000000000e+02 2.003414528359806113e+01
6.460000000000000000e+02 1.742623285548271994e+01
6.470000000000000000e+02 1.250709142157354403e+00
6.480000000000000000e+02 1.721163115649162911e+00
6.490000000000000000e+02 5.937281315870626131e+00
6.500000000000000000e+02 3.037371293279795381e+01
6.510000000000000000e+02 3.175130090590984366e+01
6.520000000000000000e+02 9.695751722276151341e+00
6.530000000000000000e+02 1.056361857166411156e+01
6.540000000000000000e+02 2.000501492483500510e+00
6.550000000000000000e+02 1.668480826977626208e+01
6.560000000000000000e+02 1.332935245709574446e+01
6.570000000000000000e+02 2.346527553924284248e+01
6.580000000000000000e+02 2.688394831608110280e+01
6.590000000000000000e+02 4.218818743770760271e+00
6.600000000000000000e+02 1.755927562165602973e+00
6.610000000000000000e+02 3.930352276229839958e+00
6.620000000000000000e+02 3.156840596777083263e+01
6.630000000000000000e+02 3.103310288219662993e+01
6.640000000000000000e+02 8.082740505680114040e+00
6.650000000000000000e+02 7.068420026631258679e+00
6.660000000000000000e+02 1.291512153490051773e+00
6.670000000000000000e+02 2.347629099596628066e+01
6.680000000000000000e+02 2.320962929332491242e+01
6.690000000000000000e+02 2.827436195295680577e+01
6.700000000000000000e+02 3.124394591417937761e+01
6.710000000000000000e+02 2.747105857860800970e+00
6.720000000000000000e+02 2.818856889813051936e+00
6.730000000000000000e+02 8.924420004126737638e+00
6.740000000000000000e+02 5.223716418485072666e+01
6.750000000000000000e+02 5.792541083624068676e+01
6.760000000000000000e+02 1.393278154806345626e+01
6.770000000000000000e+02 9.598854364120699145e+00
6.780000000000000000e+02 5.017545040222857189e+00
6.790000000000000000e+02 3.442236985145135719e+01
6.800000000000000000e+02 4.222523942743239189e+01
6.810000000000000000e+02 3.589766262232634375e+01
6.820000000000000000e+02 5.232687707884649342e+01
6.830000000000000000e+02 1.496623765452649479e+01
6.840000000000000000e+02 4.054155957104214281e+00
6.850000000000000000e+02 7.352727875243266986e+00
6.860000000000000000e+02 4.981959785322362677e+01
6.870000000000000000e+02 6.483440930479102349e+01
6.880000000000000000e+02 1.344220043017434563e+01
6.890000000000000000e+02 6.785178314482692485e+00
6.900000000000000000e+02 1.373788509508691646e+01
6.910000000000000000e+02 6.075030091738677385e+01
6.920000000000000000e+02 4.110744991552929406e+01
6.930000000000000000e+02 3.734625962704085111e+01
6.940000000000000000e+02 4.152184570041622891e+01
6.950000000000000000e+02 8.175619117321865303e+00
6.960000000000000000e+02 2.585839875286062650e+01
6.970000000000000000e+02 3.925200096321290744e+01
6.980000000000000000e+02 1.508745048425791992e+02
6.990000000000000000e+02 1.094494110007003655e+02
7.000000000000000000e+02 1.138068752594091038e+01
7.010000000000000000e+02 5.737833001598053428e+00
7.020000000000000000e+02 2.477166554940657406e+01
7.030000000000000000e+02 1.627697571566980912e+02
7.040000000000000000e+02 1.223591983277684818e+02
7.050000000000000000e+02 1.107337592023137631e+02
7.060000000000000000e+02 1.344799181163570836e+02
7.070000000000000000e+02 2.235632084803916086e+01
7.080000000000000000e+02 3.847848948260507740e+01
7.090000000000000000e+02 4.124464010720611640e+01
7.100000000000000000e+02 2.544611733255553077e+02
7.110000000000000000e+02 2.833282360918444738e+02
7.120000000000000000e+02 3.730024742935373183e+01
7.130000000000000000e+02 1.737241244343401902e+01
7.140000000000000000e+02 5.247121172912060416e+01
7.150000000000000000e+02 2.898856888676662606e+02
7.160000000000000000e+02 2.048839074660168080e+02
7.170000000000000000e+02 1.316778336977966148e+02
7.180000000000000000e+02 2.288370715403721363e+02
7.190000000000000000e+02 8.864393598286609688e+01
7.200000000000000000e+02 1.553282631348916993e+02
7.210000000000000000e+02 1.186847221319351462e+02
7.220000000000000000e+02 6.743607865379799478e+02
7.230000000000000000e+02 6.521523955214350963e+02
7.240000000000000000e+02 3.531719634170583078e+01
7.250000000000000000e+02 5.287798411020346379e+01
7.260000000000000000e+02 1.731934612901978028e+02
7.270000000000000000e+02 1.242467700433856407e+03
7.280000000000000000e+02 8.068977895742095825e+02
7.290000000000000000e+02 6.016724701972846105e+02
7.300000000000000000e+02 1.179123415342940234e+03
7.310000000000000000e+02 3.790027523828584322e+02
7.320000000000000000e+02 8.747879766592569695e+02
7.330000000000000000e+02 3.834941277468248018e+02
7.340000000000000000e+02 3.634550088201316612e+03
7.350000000000000000e+02 5.707632066358357406e+03
7.360000000000000000e+02 6.189098130229648405e+02
7.370000000000000000e+02 6.245792005023257616e+02
7.380000000000000000e+02 2.002908755087828695e+03
7.390000000000000000e+02 1.948416245382176203e+04
7.400000000000000000e+02 2.429149466615058554e+04
7.410000000000000000e+02 8.208327856273086581e+03
7.420000000000000000e+02 1.998182954748845077e+05
