0.000000	-382.342837	-0.011823
0.000000	-347.449317	-0.010910
0.000000	-319.952385	-0.010002
0.000000	-276.039830	-0.009097
0.000000	-231.136608	-0.008188
0.000000	-199.389627	-0.007276
0.000000	-179.748703	-0.006369
0.000000	-145.250798	-0.005456
0.000000	-104.525901	-0.004547
0.000000	-64.692584	-0.003638
0.000000	-37.703131	-0.002732
0.000000	-3.488926	-0.001823
0.000000	-0.847654	-0.000914
0.000000	0.000000	0.000000
0.000000	0.615099	0.000906
0.000000	0.817530	0.001811
0.000000	1.570439	0.002718
0.000000	2.060490	0.003625
0.000000	2.103816	0.004532
0.000000	2.304573	0.005441
0.000000	2.572026	0.006349
0.000000	2.361904	0.007260
0.000000	2.648100	0.008166
0.000000	2.901327	0.009075
0.000000	2.798740	0.009075
0.107148	2.031333	0.009077
0.157186	6.045713	0.044059
0.207731	11.209085	0.079314
0.257515	16.500881	0.114186
0.312826	21.428683	0.149457
0.363004	26.206302	0.188184
0.412837	30.396547	0.222937
0.462378	34.358564	0.257672
0.512597	38.172395	0.292746
0.562447	41.624048	0.327593
0.612241	44.593476	0.362464
0.662040	47.201126	0.397437
0.713316	49.703057	0.432789
0.765045	53.069330	0.469546
0.815461	57.450303	0.504791
0.867283	62.291760	0.541107
0.917198	66.508705	0.576011
0.967249	69.169884	0.611176
1.017755	72.287542	0.646167
1.068539	76.129519	0.681891
1.119666	79.482435	0.717678
1.169647	81.518312	0.752723
1.219619	83.212594	0.787751
1.269823	85.416067	0.822845
1.319870	87.117962	0.857829
1.370373	89.898359	0.892822
1.420116	91.888955	0.928099
1.470116	94.656417	0.963104
1.520071	99.112298	0.998051
1.569894	101.695171	1.032896
1.620572	102.848989	1.068557
1.670071	104.585667	1.103108
1.720410	106.463081	1.138108
1.770916	107.593573	1.173566
1.820037	110.203560	1.208211
1.870149	112.179291	1.242919
1.920550	113.229115	1.278385
1.970446	114.710522	1.313303
2.019722	117.481549	1.347943
2.069974	118.466491	1.382908
2.119911	120.341024	1.417929
2.169584	123.740463	1.452730
2.219744	126.293045	1.487817
2.269755	128.016578	1.522893
2.319577	129.146695	1.557864
2.370492	132.413638	1.593146
2.419664	135.161670	1.627885
2.469678	136.024334	1.662922
2.520592	137.122875	1.698452
2.570210	139.106841	1.733078
2.620217	140.033715	1.768067
2.669696	142.300322	1.802910
2.720536	146.332203	1.838400
2.769889	148.846853	1.872946
2.819589	150.279404	1.907778
2.870133	150.758737	1.943202
2.919986	152.673208	1.977996
2.970532	153.901517	2.013515
3.020639	155.551277	2.048504
3.070425	157.964127	2.083419
3.120623	160.882101	2.118417
3.171103	162.518271	2.153867
3.221325	164.321560	2.188864
3.271212	165.508898	2.223821
3.321512	166.622160	2.259098
3.371778	167.162887	2.294369
3.422181	170.092703	2.329480
3.473370	171.246637	2.365236
3.523484	172.695530	2.400276
3.573210	174.158857	2.435158
3.624458	175.060634	2.470962
3.675178	175.944299	2.506448
3.725700	177.281961	2.541861
3.775877	178.643069	2.577241
3.825805	180.333286	2.611749
3.875498	181.485378	2.646910
3.926547	182.522736	2.682705
3.976944	183.117144	2.717844
4.028013	185.460270	2.753635
4.077423	187.855502	2.788266
4.127053	189.141617	2.823023
4.178088	190.109247	2.858230
4.228578	191.406018	2.894049
4.279797	192.894921	2.929860
4.329571	193.698130	2.964713
4.379585	194.775505	2.999824
4.430411	196.505052	3.035166
4.479929	198.124425	3.069938
4.531357	200.388977	3.105973
4.581576	203.323239	3.141076
4.631435	205.082123	3.175998
4.681661	206.200085	3.211051
4.731648	206.702412	3.246238
4.781434	206.811177	3.281087
4.831840	208.438616	3.316294
4.882259	210.081152	3.351586
4.932171	211.719414	3.386505
4.982104	213.380574	3.421403
5.032199	213.741436	3.456567
5.082401	215.209870	3.491730
5.132640	216.842242	3.526891
5.183876	217.955956	3.562554
5.235160	220.400576	3.598591
5.286207	221.996047	3.634505
5.335815	222.967479	3.669201
5.385888	224.210053	3.704261
5.435402	224.878630	3.738850
5.486012	225.845435	3.774402
5.535846	226.432741	3.809246
5.586522	227.764129	3.844602
5.637330	228.484854	3.880277
5.688322	229.029953	3.915821
5.738118	229.943327	3.950649
5.787529	231.809318	3.985257
5.838041	233.267919	4.020787
5.888637	234.588288	4.055993
5.939830	235.826472	4.091835
5.991810	236.634779	4.128129
6.041880	236.928542	4.163425
6.092251	237.649268	4.198615
6.142582	238.679194	4.233912
6.192023	239.367306	4.268441
6.241974	241.089070	4.303510
6.293074	242.749472	4.338966
6.342946	244.053306	4.374140
6.392984	244.982124	4.409276
6.444735	245.870915	4.445382
6.494945	247.447017	4.480534
6.544881	248.894943	4.515450
6.595204	250.546597	4.550668
6.645671	252.355818	4.585982
6.696002	253.424460	4.621333
6.747466	254.774464	4.657173
6.798025	255.862037	4.692648
6.849518	255.998183	4.728646
6.900633	257.156214	4.764395
6.951805	257.732305	4.800287
7.001970	258.979706	4.835648
7.051476	259.553464	4.870204
7.102665	261.029754	4.905881
7.152445	262.166245	4.940833
7.202407	263.683538	4.975681
7.253161	264.776825	5.011271
7.304290	265.604960	5.046909
7.355149	266.634094	5.082567
7.405603	267.404614	5.117878
7.459239	267.994180	5.155554
7.510990	269.625262	5.191553
7.561007	270.571288	5.226798
7.611690	270.647718	5.262611
7.662090	272.186340	5.297588
7.712197	272.644614	5.332469
7.763155	274.085496	5.368199
7.813949	275.356916	5.403829
7.864551	276.427639	5.438920
7.915197	277.062348	5.474668
7.965143	277.749847	5.509517
8.014957	278.491388	5.544523
8.064330	279.658109	5.579049
8.115082	280.702910	5.614660
8.165657	281.968755	5.649910
8.216182	282.706151	5.685219
8.267427	283.556876	5.721186
8.318008	284.578914	5.756491
8.369154	285.723197	5.792403
8.419508	286.968187	5.827756
8.471226	288.125819	5.864009
8.521988	289.343296	5.899292
8.574949	290.277102	5.936501
8.625003	290.818976	5.971481
8.675496	291.230652	6.006917
8.725812	291.929576	6.042040
8.777304	292.048758	6.078148
8.828069	292.627041	6.113543
8.878515	293.127924	6.148977
8.930058	294.368227	6.184997
8.981301	295.140804	6.220996
9.031543	295.786630	6.256156
9.082298	296.010330	6.291576
9.132586	297.018076	6.326851
9.182492	297.719700	6.361891
9.232191	297.930743	6.396572
9.282093	298.746074	6.431469
9.332464	299.090950	6.466789
9.383469	299.701549	6.502443
9.434602	300.184928	6.538331
9.487018	301.161679	6.574937
9.537349	301.774344	6.610198
9.588179	302.196387	6.645559
9.638973	303.072494	6.681017
9.689834	303.875091	6.716778
9.739774	304.345161	6.751721
9.789607	304.774802	6.786686
9.840320	305.943332	6.821839
9.890430	306.410449	6.857349
9.940649	307.108777	6.892531
9.990898	307.752856	6.927845
10.041221	308.721842	6.962875
10.091731	309.185587	6.998261
10.141856	309.312326	7.000000
12.307608	313.850262	6.999986
12.358334	314.288804	6.928968
12.408330	313.978584	6.859713
12.457800	313.640920	6.790813
12.507077	313.294880	6.720451
12.555323	313.615145	6.653017
12.604099	313.197603	6.585429
12.652197	312.988975	6.517417
12.700788	313.053211	6.449391
12.749896	312.679439	6.380984
12.798500	312.743227	6.312887
12.847464	312.564024	6.244402
12.897218	312.337658	6.174377
12.945952	311.578436	6.106551
12.995040	311.930238	6.037706
13.044256	311.821044	5.968761
13.093224	311.157242	5.900031
13.142227	311.128109	5.831490
13.191127	311.125648	5.762964
13.240681	310.616799	5.693831
13.289391	310.467291	5.625448
13.338073	310.766393	5.557762
13.387794	310.170871	5.488290
13.436293	309.899475	5.419959
13.484687	309.781952	5.351944
13.533191	309.260892	5.283916
13.581962	309.400587	5.215563
13.630961	308.835083	5.147290
13.679759	308.871743	5.078920
13.728616	308.454660	5.010621
13.777414	308.289888	4.942279
13.826132	308.190546	4.874086
13.875242	308.276768	4.805318
13.923218	308.145201	4.737970
13.971859	307.766500	4.670186
14.021329	307.335830	4.601064
14.070118	307.114884	4.532769
14.119743	307.123336	4.463215
14.170015	306.851628	4.392989
14.219537	306.753017	4.323323
14.268309	306.558919	4.255240
14.317107	305.968449	4.186911
14.366857	305.945783	4.116967
14.415313	305.809781	4.049318
14.464949	305.753764	3.980040
14.513299	305.277551	3.911772
14.561701	305.595391	3.843963
14.610978	305.150022	3.775337
14.660134	304.477715	3.706517
14.710270	304.658137	3.637066
14.759647	304.086059	3.567024
14.807929	303.743642	3.499210
14.856364	303.819871	3.431387
14.904704	303.639388	3.364061
14.953658	303.460648	3.295956
15.001955	303.068607	3.227799
15.051087	302.756587	3.159269
15.099477	302.641992	3.091248
15.148649	302.354973	3.023972
15.198032	301.892884	2.953147
15.247345	301.489246	2.884568
15.295696	301.417682	2.816395
15.344216	301.512531	2.748725
15.392573	301.069671	2.681325
15.441216	300.730157	2.613030
15.490044	300.784877	2.544597
15.539117	300.319506	2.475605
15.588213	300.472511	2.407766
15.637534	299.792099	2.338302
15.686126	299.416539	2.270114
15.734908	299.342168	2.201410
15.783892	299.148118	2.133033
15.832672	298.722343	2.064713
15.881217	298.405905	1.996912
15.929886	298.329916	1.928993
15.979607	297.753065	1.859003
16.028536	297.516264	1.790624
16.077679	296.891492	1.721971
16.127241	297.067417	1.652566
16.175462	296.991684	1.584922
16.224732	296.768102	1.515671
16.273336	296.393124	1.447940
16.321538	295.975121	1.380240
16.370419	295.788165	1.312301
16.420254	295.238722	1.242921
16.469290	294.408875	1.174176
16.517985	294.341643	1.105471
16.566477	294.006836	1.037277
16.615132	293.398545	0.969517
16.663806	293.083474	0.901439
16.712260	293.061664	0.833258
16.760545	292.612377	0.766007
16.809874	292.059956	0.699092
76.942133	291.858308	0.699088
76.991859	291.813285	0.630049
77.041183	291.488473	0.560983
77.090033	291.157922	0.492552
77.139828	290.589892	0.422945
77.188794	290.159292	0.354352
77.237357	289.943305	0.286350
77.285880	288.613461	0.218016
77.334893	288.057991	0.149762
77.383841	287.408983	0.081561
77.433262	283.515706	0.012297
77.482171	281.726354	0.000000
