# size duration
2.054999999999999716e+00 1.044251970398998752e+00
1.649999999999991473e-01 2.147284817564074424e-02
5.700000000000002842e-01 7.313940445538297253e-02
5.309999999999998721e+00 2.068686027817800088e+00
1.364999999999998437e+00 3.527223797279223083e-01
5.399999999999991473e-01 8.988238430366199405e-02
4.350000000000022737e-01 6.184971285629115023e-02
5.399999999999991473e-01 1.227470645822603679e-01
1.245000000000004547e+00 3.783492419183548394e-01
1.335000000000000853e+00 3.101950235836478109e-01
4.200000000000017053e-01 8.013227010090848146e-02
3.449999999999988631e-01 6.475065378193456400e-02
3.299999999999982947e-01 5.896144653215281556e-02
6.600000000000036948e-01 1.104002252002690837e-01
1.454999999999998295e+00 2.695093568795461914e-01
1.349999999999980105e-01 1.611775895729531879e-02
1.560000000000002274e+00 3.304695069003866781e-01
4.500000000000028422e-01 7.469072433481789564e-02
2.400000000000019895e-01 3.244398940030436551e-02
6.000000000000014211e-01 1.187122216219703430e-01
5.549999999999997158e-01 7.471060511426366735e-02
4.500000000000028422e-01 7.946266151341148387e-02
5.099999999999909051e-01 8.433438264805877271e-02
2.550000000000096634e-01 3.227787892580986223e-02
4.499999999999886313e-01 8.390979604374083911e-02
3.750000000000000000e-01 6.106972486358595159e-02
4.800000000000039790e-01 1.202468278399137225e-01
3.000000000000113687e-01 5.207884429081913874e-02
2.849999999999965894e-01 4.244652895046860386e-02
3.299999999999982947e-01 4.600196295501410293e-02
1.949999999999931788e-01 2.341129533927811465e-02
4.350000000000022737e-01 8.577559410169222076e-02
1.650000000000062528e-01 2.189117342036757397e-02
2.849999999999965894e-01 4.179082671696324192e-02
4.500000000000028422e-01 7.540630736662641553e-02
3.750000000000000000e-01 5.558266385381962355e-02
5.700000000000073896e-01 1.042674148175660731e-01
3.450000000000130740e-01 4.792793276799305752e-02
5.399999999999920419e-01 8.118043137493537176e-02
3.600000000000136424e-01 5.912393394971243027e-02
5.249999999999914735e-01 7.673568092452087708e-02
4.500000000000028422e-01 6.698183837418517084e-02
4.050000000000011369e-01 5.056657433913531313e-02
1.500000000000056843e-01 1.768646136539739344e-02
2.549999999999954525e-01 3.645874212831250877e-02
5.099999999999909051e-01 1.071313949973707463e-01
3.599999999999994316e-01 6.542081180267296514e-02
2.999999999999971578e-01 5.253048982180391624e-02
2.399999999999948841e-01 3.607912846488581238e-02
4.950000000000045475e-01 1.220646043003181941e-01
4.650000000000034106e-01 1.152048759425820107e-01
4.800000000000039790e-01 8.695216939292255143e-02
