# size duration
3.479999999999999760e-02 4.190526265881374002e+00
1.640000000000002567e-02 1.012196445242635523e+00
5.200000000000037925e-03 2.591285345960683273e-01
4.400000000000015010e-03 2.075798796750433772e-01
5.199999999999982414e-03 2.618289642284212237e-01
4.000000000000003553e-03 1.647691408777683109e-01
1.599999999999990319e-03 4.187633521364746841e-02
2.000000000000001776e-03 5.897954897066241819e-02
2.000000000000001776e-03 5.495076667501998247e-02
1.599999999999990319e-03 5.135496597857333589e-02
4.000000000000003553e-03 1.481079181253724397e-01
2.799999999999969180e-03 9.537384044698962726e-02
4.000000000000003553e-03 1.725390558478946401e-01
2.400000000000013234e-03 6.981736501379080806e-02
4.000000000000003553e-03 1.613832241000084378e-01
2.000000000000001776e-03 5.925854613952675348e-02
7.999999999999674039e-04 2.055349752754760673e-02
1.199999999999978861e-03 3.279387451166047157e-02
7.999999999999674039e-04 1.994723458992369441e-02
2.399999999999957723e-03 8.496892823024453090e-02
2.399999999999957723e-03 8.783738275070201995e-02
4.000000000000003553e-03 1.893059407624107793e-01
2.400000000000013234e-03 8.669378804600151589e-02
4.000000000000003553e-03 1.515687605971002549e-01
3.199999999999980638e-03 9.818428664791226113e-02
2.400000000000013234e-03 6.470414567804985695e-02
1.599999999999990319e-03 4.277656510065699913e-02
1.600000000000045830e-03 4.121046577360436280e-02
4.000000000000003553e-03 1.645157325202223353e-01
2.000000000000001776e-03 5.792200809627305602e-02
1.599999999999934808e-03 5.054477072739681220e-02
4.000000000000003553e-03 2.402146315801430010e-01
2.400000000000068745e-03 8.937481305708482038e-02
3.599999999999936584e-03 1.137756118871744299e-01
7.999999999999118927e-04 1.999512865126960512e-02
5.199999999999982414e-03 2.637625669888438162e-01
3.600000000000047606e-03 1.039647947204965783e-01
4.800000000000026468e-03 1.733678401147990544e-01
4.399999999999959499e-03 2.644510789474546208e-01
2.000000000000001776e-03 6.174471551845512468e-02
1.199999999999978861e-03 3.109623103993203186e-02
8.000000000000229150e-04 2.124198092926186249e-02
2.399999999999957723e-03 1.053737048234940216e-01
3.200000000000091660e-03 1.233294429714355267e-01
2.000000000000001776e-03 5.584736291320211571e-02
3.600000000000047606e-03 1.452154890235850815e-01
2.000000000000001776e-03 6.464120266639694634e-02
2.000000000000001776e-03 6.207057656950894925e-02
3.199999999999980638e-03 9.712949786930805129e-02
1.600000000000045830e-03 1.424102037513447772e-01
1.199999999999978861e-03 2.291002920057398085e-01
