# size duration
1.600000000000000000e+01 7.113384920985645898e+00
8.000000000000000000e+00 6.526371934437591449e-02
1.000000000000000000e+01 6.063894691106330725e-02
2.800000000000000000e+01 1.338399280538443037e+01
1.000000000000000000e+01 7.937543245829159488e-02
1.600000000000000000e+01 1.078000192434219962e+00
1.000000000000000000e+01 1.363891763078100006e-01
8.000000000000000000e+00 7.662775456333514867e-02
4.000000000000000000e+00 2.221519683330086536e-02
1.200000000000000000e+01 2.308649706326835194e-01
1.800000000000000000e+01 1.524677339304647994e+00
8.000000000000000000e+00 8.048735286677866085e-02
1.200000000000000000e+01 2.349599916709981251e-01
1.600000000000000000e+01 1.083346106392748975e+00
4.000000000000000000e+00 2.335153243556353786e-02
6.000000000000000000e+00 4.694916790431591380e-02
4.000000000000000000e+00 2.469869261872537081e-02
2.800000000000000000e+01 4.131463452773799006e+00
6.000000000000000000e+00 5.457013785579234444e-02
1.600000000000000000e+01 5.901590858982261878e-01
4.000000000000000000e+00 2.189683808715736646e-02
2.000000000000000000e+00 1.269090028628649947e-02
6.000000000000000000e+00 5.254078290808195106e-02
1.200000000000000000e+01 1.932033206438874551e-01
1.000000000000000000e+01 1.362981655200514730e-01
4.000000000000000000e+00 1.993018154075265613e-02
1.000000000000000000e+01 1.085057859956322091e-01
1.000000000000000000e+01 9.908198952647406799e-02
1.400000000000000000e+01 3.857970218616713076e-01
4.000000000000000000e+00 2.132754240964462866e-02
1.600000000000000000e+01 3.025800180262425698e-01
1.600000000000000000e+01 7.090237961254541865e-01
1.400000000000000000e+01 2.556192340765108817e-01
6.000000000000000000e+00 5.002042723189470408e-02
6.000000000000000000e+00 3.750798989598891353e-02
2.200000000000000000e+01 6.496005956723167607e-01
2.000000000000000000e+00 1.273331858958126617e-02
2.600000000000000000e+01 3.250157594086255930e+00
4.000000000000000000e+00 2.295072066456205206e-02
1.200000000000000000e+01 1.621240439382396481e-01
1.200000000000000000e+01 1.109997043023507324e-01
1.000000000000000000e+01 7.061740928674531403e-02
4.000000000000000000e+00 2.908124200861905706e-02
2.000000000000000000e+00 1.116069165264121921e-02
6.000000000000000000e+00 5.455968594143323358e-02
6.000000000000000000e+00 7.478756882212866941e-02
4.000000000000000000e+00 2.570100091303295642e-02
6.000000000000000000e+00 5.041315395619605511e-02
6.000000000000000000e+00 4.344309193354778387e-02
1.800000000000000000e+01 1.851786837075923842e-01
4.000000000000000000e+00 2.492741628494865580e-02
2.800000000000000000e+01 9.296262920140434538e-01
6.000000000000000000e+00 6.808633151978593645e-02
2.000000000000000000e+00 1.054625523007679533e-02
6.000000000000000000e+00 4.847734625806054964e-02
3.600000000000000000e+01 7.308908845844531044e+00
1.200000000000000000e+01 1.301880484410029570e-01
6.000000000000000000e+00 4.212751935791336777e-02
6.000000000000000000e+00 3.733229469770416031e-02
6.000000000000000000e+00 5.145237419872161766e-02
2.000000000000000000e+00 9.523725477802447159e-03
2.000000000000000000e+01 8.834459644549541579e-01
1.400000000000000000e+01 2.680923832353352410e-01
2.200000000000000000e+01 1.226441734903181757e+00
2.400000000000000000e+01 1.329500728451612934e+00
2.000000000000000000e+00 1.062659979191904469e-02
6.000000000000000000e+00 3.673551086929438547e-02
4.000000000000000000e+00 2.301574291454677734e-02
6.000000000000000000e+00 6.389452162932540702e-02
2.000000000000000000e+00 9.503344698481130948e-03
1.200000000000000000e+01 2.040344547791890228e-01
1.800000000000000000e+01 1.445076914975447213e-01
1.000000000000000000e+01 1.224830210169047806e-01
8.000000000000000000e+00 5.449519621742959785e-02
1.200000000000000000e+01 2.167430693371990014e-01
1.000000000000000000e+01 5.424341690062761678e-02
8.000000000000000000e+00 7.842588525945815014e-02
4.000000000000000000e+00 2.244871769417722263e-02
8.000000000000000000e+00 8.556661632312301258e-02
1.600000000000000000e+01 9.904231053982548438e-02
1.200000000000000000e+01 2.756492304583775255e-01
1.800000000000000000e+01 8.113045698433938302e-01
2.000000000000000000e+00 1.183165397210106384e-02
4.000000000000000000e+00 2.025580705313179131e-02
2.000000000000000000e+00 9.897640151815156884e-03
3.600000000000000000e+01 2.935658850553511723e+00
