# size duration
1.112500000000000000e+01 1.975415474885588107e+00
1.325000000000000000e+01 2.414198181486590045e+00
3.612500000000000000e+01 5.176215289101880224e+00
4.500000000000000000e+00 2.316832822505143774e-01
1.500000000000000000e+01 1.899107968589387241e+00
1.387500000000000000e+01 1.919278371902793712e+00
1.575000000000000000e+01 1.512979335519585078e+00
1.112500000000000000e+01 7.302197166791746241e-01
6.750000000000000000e+00 4.331933557198608398e-01
4.000000000000000000e+00 1.654053216514399516e-01
1.487500000000000000e+01 7.112757814915955379e-01
1.550000000000000000e+01 1.252777030278377390e+00
5.875000000000000000e+00 2.903000117292178217e-01
2.125000000000000000e+00 7.494100842708073529e-02
