# rg size
8.065767529092110477e-01 2.000000000000000000e+00
7.721588633932219281e-01 2.000000000000000000e+00
6.831541648856489513e-01 2.000000000000000000e+00
7.285487389038478589e-01 2.000000000000000000e+00
7.293921424381363261e-01 2.000000000000000000e+00
7.373267259729362477e-01 2.000000000000000000e+00
1.148942278536341677e+00 3.000000000000000000e+00
7.619956746049950658e-01 2.000000000000000000e+00
7.366269602611903444e-01 2.000000000000000000e+00
1.149098195859075577e+00 3.000000000000000000e+00
1.385138046079229523e+00 4.000000000000000000e+00
9.697549414417362401e-01 3.000000000000000000e+00
1.088221710342580195e+00 4.000000000000000000e+00
9.270165095977092040e-01 3.000000000000000000e+00
9.274700940531962479e-01 3.000000000000000000e+00
7.825292302879198747e-01 2.000000000000000000e+00
7.196296176969708691e-01 2.000000000000000000e+00
7.691730096019235852e-01 2.000000000000000000e+00
8.235517182914730006e-01 2.000000000000000000e+00
6.991723529765410117e-01 2.000000000000000000e+00
6.345221606979994933e-01 2.000000000000000000e+00
8.580259393904018372e-01 2.000000000000000000e+00
7.520505957714525014e-01 2.000000000000000000e+00
9.278609388544937220e-01 3.000000000000000000e+00
9.695088082424698772e-01 3.000000000000000000e+00
1.088758131037766752e+00 4.000000000000000000e+00
1.101319020847545183e+00 3.000000000000000000e+00
7.570005667108647973e-01 2.000000000000000000e+00
7.835122374072628348e-01 2.000000000000000000e+00
7.735256332750924946e-01 2.000000000000000000e+00
7.634216655514401983e-01 2.000000000000000000e+00
1.192684545856614875e+00 7.000000000000000000e+00
7.041297026591265551e-01 2.000000000000000000e+00
1.296231788184781353e+00 7.000000000000000000e+00
1.192972717201314259e+00 7.000000000000000000e+00
1.196105619110090945e+00 3.000000000000000000e+00
6.427157875766479345e-01 2.000000000000000000e+00
7.668442624375558792e-01 2.000000000000000000e+00
1.073102911716129038e+00 3.000000000000000000e+00
9.315160560674989876e-01 3.000000000000000000e+00
7.078193963387419130e-01 2.000000000000000000e+00
7.633019744723558153e-01 2.000000000000000000e+00
7.502992355943327585e-01 2.000000000000000000e+00
7.610189803809199738e-01 2.000000000000000000e+00
7.379586327612653873e-01 2.000000000000000000e+00
7.017415238773329067e-01 2.000000000000000000e+00
7.190390899204915920e-01 2.000000000000000000e+00
7.635123060570303544e-01 2.000000000000000000e+00
7.047044985905872583e-01 2.000000000000000000e+00
7.029368217226206195e-01 2.000000000000000000e+00
8.325299844450304576e-01 2.000000000000000000e+00
7.024798808511708570e-01 2.000000000000000000e+00
6.887655488384336611e-01 2.000000000000000000e+00
8.507124109523032107e-01 3.000000000000000000e+00
1.189344715271405173e+00 5.000000000000000000e+00
7.167311485952817529e-01 2.000000000000000000e+00
1.151179510830368624e+00 3.000000000000000000e+00
1.189673608904267654e+00 5.000000000000000000e+00
1.184367767383118775e+00 5.000000000000000000e+00
8.238513588919934572e-01 3.000000000000000000e+00
7.541617789418066931e-01 2.000000000000000000e+00
7.127761658943024825e-01 2.000000000000000000e+00
8.098649322687587748e-01 3.000000000000000000e+00
7.311174443962127345e-01 2.000000000000000000e+00
1.576573679330000921e+00 6.000000000000000000e+00
1.186778583798703046e+00 3.000000000000000000e+00
6.806250614939242105e-01 2.000000000000000000e+00
7.160230439262350588e-01 2.000000000000000000e+00
7.355264551215237034e-01 2.000000000000000000e+00
2.108043173601114706e+00 1.400000000000000000e+01
7.678161849254667715e-01 2.000000000000000000e+00
1.139587342044693363e+00 3.000000000000000000e+00
8.720593121649566903e-01 2.000000000000000000e+00
1.151500253173873833e+00 3.000000000000000000e+00
1.189858368913298436e+00 5.000000000000000000e+00
1.121269345709150711e+00 5.000000000000000000e+00
7.469603862388591864e-01 2.000000000000000000e+00
1.077454397273465148e+00 4.000000000000000000e+00
1.184918681766907511e+00 4.000000000000000000e+00
8.547944679933229262e-01 3.000000000000000000e+00
6.633156547225809163e-01 2.000000000000000000e+00
7.227773230170017049e-01 2.000000000000000000e+00
1.517789489342468601e+00 4.000000000000000000e+00
1.151674679554129721e+00 4.000000000000000000e+00
1.026185901911345510e+00 3.000000000000000000e+00
7.406170123173685393e-01 2.000000000000000000e+00
9.855443905518401770e-01 3.000000000000000000e+00
1.151506970832455234e+00 4.000000000000000000e+00
1.227170239893443648e+00 5.000000000000000000e+00
7.010395107267631820e-01 2.000000000000000000e+00
7.446634507615873533e-01 2.000000000000000000e+00
1.289374667940008878e+00 4.000000000000000000e+00
1.303982392178374194e+00 3.000000000000000000e+00
8.764532738598087569e-01 3.000000000000000000e+00
1.026128987199307563e+00 3.000000000000000000e+00
2.174430852713743256e+00 9.000000000000000000e+00
7.322855929668969921e-01 2.000000000000000000e+00
9.371689848057588312e-01 3.000000000000000000e+00
1.159952148566169683e+00 3.000000000000000000e+00
7.410235659777483219e-01 2.000000000000000000e+00
7.169439358601920054e-01 2.000000000000000000e+00
9.767020547275390152e-01 4.000000000000000000e+00
1.193516512017701592e+00 4.000000000000000000e+00
7.138427138384872972e-01 2.000000000000000000e+00
7.014625296479585215e-01 2.000000000000000000e+00
7.127063939662383607e-01 2.000000000000000000e+00
7.741746968223950365e-01 2.000000000000000000e+00
2.320481488864700736e+00 1.200000000000000000e+01
7.580439236350434706e-01 2.000000000000000000e+00
1.348291001680094636e+00 8.000000000000000000e+00
7.177802178708242442e-01 2.000000000000000000e+00
8.070856842758441507e-01 3.000000000000000000e+00
7.678651291080123009e-01 2.000000000000000000e+00
7.743705061747793161e-01 2.000000000000000000e+00
7.686213361410159095e-01 3.000000000000000000e+00
1.202421109747676908e+00 6.000000000000000000e+00
7.473142388581304196e-01 2.000000000000000000e+00
1.063068130042091886e+00 3.000000000000000000e+00
1.032103100972604492e+00 3.000000000000000000e+00
7.217835016125220271e-01 2.000000000000000000e+00
1.131944407711220402e+00 3.000000000000000000e+00
7.786798141729192047e-01 2.000000000000000000e+00
1.221799429560589845e+00 3.000000000000000000e+00
1.193137518105919836e+00 3.000000000000000000e+00
2.217864995712586662e+00 1.000000000000000000e+01
7.579685671803356728e-01 2.000000000000000000e+00
7.831239706035150183e-01 2.000000000000000000e+00
6.930906481122667273e-01 2.000000000000000000e+00
7.447426207535121634e-01 2.000000000000000000e+00
1.034293664153788761e+00 4.000000000000000000e+00
8.335454058019382551e-01 3.000000000000000000e+00
6.814814959582253806e-01 2.000000000000000000e+00
2.193556292273898478e+00 8.000000000000000000e+00
1.338078583326544724e+00 6.000000000000000000e+00
6.882786523882888918e-01 2.000000000000000000e+00
2.320557593822871301e+00 1.200000000000000000e+01
7.208331850484331893e-01 2.000000000000000000e+00
7.224547179584195344e-01 2.000000000000000000e+00
8.832384522212406441e-01 3.000000000000000000e+00
1.363978774261446203e+00 5.000000000000000000e+00
7.873409616985118653e-01 2.000000000000000000e+00
2.779490947314553040e+00 1.500000000000000000e+01
2.369069169773238670e+00 1.100000000000000000e+01
1.400182524122995265e+00 5.000000000000000000e+00
8.363104286044972246e-01 3.000000000000000000e+00
9.160607162274039261e-01 3.000000000000000000e+00
1.451267494727592311e+00 9.000000000000000000e+00
9.945109204101056921e-01 3.000000000000000000e+00
1.197151085658582970e+00 5.000000000000000000e+00
1.080654759684924526e+00 3.000000000000000000e+00
1.343806637350508870e+00 5.000000000000000000e+00
7.124536987997268644e-01 2.000000000000000000e+00
7.680990259515011465e-01 2.000000000000000000e+00
1.265879807295536841e+00 3.000000000000000000e+00
2.368791560208761471e+00 1.100000000000000000e+01
7.020268812517166390e-01 2.000000000000000000e+00
7.638169504755162320e-01 2.000000000000000000e+00
1.399914947918853070e+00 5.000000000000000000e+00
1.363576318431340306e+00 5.000000000000000000e+00
7.873124884483877484e-01 2.000000000000000000e+00
7.075081687519653162e-01 2.000000000000000000e+00
1.242020936325658687e+00 4.000000000000000000e+00
7.353968224707563284e-01 2.000000000000000000e+00
1.028416639802382848e+00 3.000000000000000000e+00
8.377373128012609582e-01 3.000000000000000000e+00
8.149382940241415296e-01 2.000000000000000000e+00
6.800248953780455574e-01 2.000000000000000000e+00
9.162367292356322634e-01 3.000000000000000000e+00
1.007946515036982182e+00 4.000000000000000000e+00
1.164668046956118808e+00 5.000000000000000000e+00
2.779920122530181725e+00 1.500000000000000000e+01
1.377555199213710280e+00 5.000000000000000000e+00
1.188743781944362254e+00 3.000000000000000000e+00
7.586062765582627376e-01 2.000000000000000000e+00
1.125465845575027046e+00 3.000000000000000000e+00
2.340254671755163773e+00 1.600000000000000000e+01
8.109595128068437520e-01 3.000000000000000000e+00
1.254038461100592139e+00 7.000000000000000000e+00
6.687295502170382822e-01 2.000000000000000000e+00
1.230956883526084455e+00 4.000000000000000000e+00
6.964643875320624122e-01 2.000000000000000000e+00
7.224285069126981096e-01 2.000000000000000000e+00
1.133790455504025907e+00 5.000000000000000000e+00
6.796686559640691128e-01 2.000000000000000000e+00
6.777855206725973414e-01 2.000000000000000000e+00
1.094603224594112412e+00 4.000000000000000000e+00
1.244642610283537509e+00 4.000000000000000000e+00
1.045398948054128141e+00 3.000000000000000000e+00
7.333442941645799129e-01 2.000000000000000000e+00
1.445134569373339728e+00 5.000000000000000000e+00
6.908681402171630292e-01 2.000000000000000000e+00
1.221780647585759105e+00 3.000000000000000000e+00
7.799676419571733854e-01 2.000000000000000000e+00
7.211562900417588517e-01 2.000000000000000000e+00
2.340165641305084865e+00 1.600000000000000000e+01
1.254106906471745386e+00 7.000000000000000000e+00
1.004758927526928858e+00 3.000000000000000000e+00
8.768225604326195244e-01 2.000000000000000000e+00
1.556615139853043228e+00 7.000000000000000000e+00
7.532551669698314134e-01 2.000000000000000000e+00
1.231085826882263534e+00 4.000000000000000000e+00
6.678947146695313197e-01 2.000000000000000000e+00
8.814949475080116059e-01 3.000000000000000000e+00
1.214880161835903305e+00 3.000000000000000000e+00
8.825257224249007937e-01 3.000000000000000000e+00
6.964641422455117858e-01 2.000000000000000000e+00
9.713558529001986575e-01 3.000000000000000000e+00
6.759561989014866157e-01 2.000000000000000000e+00
7.234236117242086594e-01 2.000000000000000000e+00
7.833704962958271123e-01 2.000000000000000000e+00
1.450678411809168677e+00 7.000000000000000000e+00
8.101164810167461594e-01 3.000000000000000000e+00
8.031913628359449442e-01 2.000000000000000000e+00
1.237099371319380969e+00 3.000000000000000000e+00
7.522236285401485700e-01 2.000000000000000000e+00
2.469767091911809764e+00 1.700000000000000000e+01
1.443545725776320232e+00 5.000000000000000000e+00
7.526639808268096310e-01 2.000000000000000000e+00
1.480828261605221297e+00 1.100000000000000000e+01
6.950000705755827735e-01 2.000000000000000000e+00
1.074761554349869863e+00 4.000000000000000000e+00
1.331818426257379784e+00 9.000000000000000000e+00
8.356465705070241778e-01 3.000000000000000000e+00
1.383682315571848509e+00 6.000000000000000000e+00
7.242641271204652842e-01 2.000000000000000000e+00
8.917782817205336388e-01 3.000000000000000000e+00
7.399208393471042866e-01 2.000000000000000000e+00
1.162841092612058258e+00 5.000000000000000000e+00
7.803363920989389024e-01 2.000000000000000000e+00
2.469698172450895512e+00 1.700000000000000000e+01
1.538776314252435995e+00 5.000000000000000000e+00
7.529142381442822662e-01 2.000000000000000000e+00
1.550251193893250168e+00 6.000000000000000000e+00
1.203461422139677550e+00 6.000000000000000000e+00
7.006518861270256693e-01 2.000000000000000000e+00
8.756277443324622656e-01 3.000000000000000000e+00
7.030055400447724478e-01 2.000000000000000000e+00
7.180705067517940687e-01 2.000000000000000000e+00
7.205670816563456427e-01 2.000000000000000000e+00
7.554413537795475753e-01 2.000000000000000000e+00
8.219690105472788888e-01 2.000000000000000000e+00
7.186154490871966560e-01 2.000000000000000000e+00
9.221642891954638932e-01 4.000000000000000000e+00
8.534423675915723262e-01 3.000000000000000000e+00
7.335353227805535559e-01 2.000000000000000000e+00
1.192028244456494024e+00 5.000000000000000000e+00
1.443757131200973376e+00 5.000000000000000000e+00
8.949523633922386034e-01 3.000000000000000000e+00
7.807587854135067396e-01 2.000000000000000000e+00
7.528776660259800524e-01 2.000000000000000000e+00
2.227923223419719712e+00 1.500000000000000000e+01
1.725550111968927380e+00 7.000000000000000000e+00
1.105735023280187468e+00 4.000000000000000000e+00
1.134505151975605086e+00 5.000000000000000000e+00
8.626444830353460214e-01 3.000000000000000000e+00
1.125977657603011162e+00 4.000000000000000000e+00
1.650151475764550790e+00 1.400000000000000000e+01
6.713218167666751279e-01 2.000000000000000000e+00
8.748670947106712559e-01 3.000000000000000000e+00
1.346518128004781767e+00 9.000000000000000000e+00
8.486327803307506246e-01 3.000000000000000000e+00
1.635969130821796291e+00 1.500000000000000000e+01
1.330698635273230845e+00 8.000000000000000000e+00
1.220201293605776449e+00 4.000000000000000000e+00
8.241181164447488605e-01 3.000000000000000000e+00
7.821179727724509867e-01 2.000000000000000000e+00
7.272951957997569883e-01 2.000000000000000000e+00
9.626721425584657821e-01 3.000000000000000000e+00
2.227967914253700332e+00 1.500000000000000000e+01
1.105735246661045945e+00 4.000000000000000000e+00
6.523387113302576701e-01 2.000000000000000000e+00
1.725621016519471418e+00 7.000000000000000000e+00
8.036677222907763207e-01 3.000000000000000000e+00
7.205033668901347221e-01 2.000000000000000000e+00
1.588979775994430632e+00 6.000000000000000000e+00
7.377761844222601173e-01 2.000000000000000000e+00
7.737524074281114661e-01 2.000000000000000000e+00
7.753203600233820048e-01 2.000000000000000000e+00
1.262410103873950584e+00 3.000000000000000000e+00
8.882625040472775790e-01 3.000000000000000000e+00
7.876930851649528442e-01 2.000000000000000000e+00
7.346990370213238863e-01 2.000000000000000000e+00
6.667837220572004897e-01 2.000000000000000000e+00
1.135380755365468675e+00 5.000000000000000000e+00
1.116028068544036911e+00 3.000000000000000000e+00
8.134647890048317675e-01 2.000000000000000000e+00
8.626706128624618275e-01 3.000000000000000000e+00
1.547146509791939462e+00 7.000000000000000000e+00
8.384596510537651870e-01 3.000000000000000000e+00
6.710564216219212508e-01 2.000000000000000000e+00
1.557243142517274581e+00 4.000000000000000000e+00
7.004872140164855043e-01 2.000000000000000000e+00
7.565934438880372870e-01 2.000000000000000000e+00
7.275350419974779825e-01 2.000000000000000000e+00
1.126105019617998693e+00 4.000000000000000000e+00
2.943258863763120736e+00 1.900000000000000000e+01
2.169299288407450010e+00 7.000000000000000000e+00
1.122385087718888563e+00 3.000000000000000000e+00
9.101315689906731565e-01 4.000000000000000000e+00
1.183561948477986014e+00 4.000000000000000000e+00
1.091800158354820249e+00 4.000000000000000000e+00
1.419559007448219834e+00 1.100000000000000000e+01
1.190704291602983300e+00 4.000000000000000000e+00
7.392682020868147630e-01 2.000000000000000000e+00
1.112166867059690478e+00 6.000000000000000000e+00
7.377551749509845269e-01 2.000000000000000000e+00
7.161327035077909020e-01 2.000000000000000000e+00
7.903424447670633901e-01 2.000000000000000000e+00
7.697719433487762997e-01 2.000000000000000000e+00
2.132444727547130103e+00 1.400000000000000000e+01
1.617211891470474727e+00 7.000000000000000000e+00
2.152407610014085648e+00 7.000000000000000000e+00
1.201091595296563508e+00 4.000000000000000000e+00
1.285910083635883661e+00 6.000000000000000000e+00
1.370586219219638968e+00 6.000000000000000000e+00
2.943222483230866882e+00 1.900000000000000000e+01
9.101853845053330394e-01 4.000000000000000000e+00
2.169298104203011501e+00 7.000000000000000000e+00
7.602740312983842230e-01 2.000000000000000000e+00
7.367099988013904310e-01 2.000000000000000000e+00
1.636842859777596582e+00 8.000000000000000000e+00
1.271239818162995139e+00 5.000000000000000000e+00
1.183161184739907723e+00 4.000000000000000000e+00
1.237485728815587382e+00 3.000000000000000000e+00
1.217147148409042590e+00 5.000000000000000000e+00
7.134597652753150721e-01 2.000000000000000000e+00
1.123393302036160391e+00 3.000000000000000000e+00
6.498524523563542488e-01 2.000000000000000000e+00
1.092308422880907903e+00 4.000000000000000000e+00
1.626716067404116783e+00 6.000000000000000000e+00
7.630436043460446793e-01 2.000000000000000000e+00
1.815116803611554364e+00 1.200000000000000000e+01
7.101747508661775399e-01 2.000000000000000000e+00
1.538798659344477571e+00 5.000000000000000000e+00
1.218896389088929499e+00 4.000000000000000000e+00
1.128085394423583798e+00 3.000000000000000000e+00
3.650287064936219128e+00 3.000000000000000000e+01
1.651169182994456142e+00 6.000000000000000000e+00
9.685152111006524178e-01 3.000000000000000000e+00
2.276932623918448861e+00 1.700000000000000000e+01
1.176663603156235416e+00 3.000000000000000000e+00
1.248994736129093841e+00 6.000000000000000000e+00
8.308406741374482207e-01 2.000000000000000000e+00
1.738903440979287618e+00 1.200000000000000000e+01
1.209770320813215339e+00 5.000000000000000000e+00
1.135745332334808788e+00 5.000000000000000000e+00
1.192996124900142840e+00 5.000000000000000000e+00
1.118786321861915622e+00 3.000000000000000000e+00
7.268846181481020130e-01 2.000000000000000000e+00
9.017638879605773816e-01 3.000000000000000000e+00
2.000943404928294811e+00 1.100000000000000000e+01
2.184809476056724264e+00 6.000000000000000000e+00
1.357528171720058463e+00 5.000000000000000000e+00
1.176163461529648124e+00 3.000000000000000000e+00
1.295309647893910787e+00 7.000000000000000000e+00
1.404997621050872558e+00 6.000000000000000000e+00
3.650117838047077790e+00 3.000000000000000000e+01
1.651130053768564920e+00 6.000000000000000000e+00
8.358716094038870503e-01 3.000000000000000000e+00
1.644214925516849002e+00 8.000000000000000000e+00
7.213991119114784301e-01 2.000000000000000000e+00
1.041122974072178353e+00 3.000000000000000000e+00
8.030394309435689992e-01 2.000000000000000000e+00
9.689623055314111610e-01 3.000000000000000000e+00
7.295315066309273622e-01 2.000000000000000000e+00
7.725549258792103746e-01 2.000000000000000000e+00
1.248619431637910893e+00 6.000000000000000000e+00
1.914064069862431383e+00 8.000000000000000000e+00
2.277008373505137850e+00 1.700000000000000000e+01
6.825338249253640743e-01 2.000000000000000000e+00
1.031352585564370816e+00 4.000000000000000000e+00
1.360320480867306614e+00 6.000000000000000000e+00
9.267054351303298798e-01 2.000000000000000000e+00
7.803629719561641087e-01 2.000000000000000000e+00
7.332230356449754849e-01 2.000000000000000000e+00
8.312497606022118957e-01 2.000000000000000000e+00
3.356016400073504435e+00 1.900000000000000000e+01
2.000165166772522429e+00 1.400000000000000000e+01
1.101330326637398382e+00 3.000000000000000000e+00
1.817564950011786973e+00 1.200000000000000000e+01
7.957621035418839250e-01 2.000000000000000000e+00
7.192879126840733273e-01 2.000000000000000000e+00
1.402771378873580055e+00 5.000000000000000000e+00
1.030108042553548930e+00 5.000000000000000000e+00
1.260943715337913718e+00 4.000000000000000000e+00
7.153021093333391534e-01 2.000000000000000000e+00
8.026205491089959398e-01 3.000000000000000000e+00
1.002602236243833600e+00 4.000000000000000000e+00
1.673395385680866321e+00 8.000000000000000000e+00
8.467321669327890765e-01 3.000000000000000000e+00
6.856020550098199662e-01 2.000000000000000000e+00
8.829120713739394555e-01 3.000000000000000000e+00
7.459051472317764775e-01 2.000000000000000000e+00
1.263245791823771613e+00 5.000000000000000000e+00
6.713358579729943321e-01 2.000000000000000000e+00
3.356096299982134656e+00 1.900000000000000000e+01
1.661519014125822036e+00 5.000000000000000000e+00
1.281147318700675664e+00 5.000000000000000000e+00
7.473036427496143608e-01 2.000000000000000000e+00
1.303459199591826323e+00 6.000000000000000000e+00
1.315665409386434392e+00 6.000000000000000000e+00
9.864660217159748612e-01 4.000000000000000000e+00
8.749984051627355264e-01 3.000000000000000000e+00
7.563131469614480240e-01 2.000000000000000000e+00
1.524927310565374006e+00 6.000000000000000000e+00
2.000269484760203387e+00 1.400000000000000000e+01
1.226018128063914414e+00 3.000000000000000000e+00
6.816707898002070110e-01 2.000000000000000000e+00
7.779456013545983373e-01 2.000000000000000000e+00
1.114181238864321077e+00 3.000000000000000000e+00
6.557175710637042076e-01 2.000000000000000000e+00
7.996514336471426398e-01 2.000000000000000000e+00
7.943028624736374610e-01 2.000000000000000000e+00
1.101904452368312581e+00 3.000000000000000000e+00
2.761902029566424055e+00 1.000000000000000000e+01
1.102905934458201065e+00 3.000000000000000000e+00
8.554714987784387548e-01 3.000000000000000000e+00
8.441977804951857900e-01 3.000000000000000000e+00
1.765666881564484481e+00 7.000000000000000000e+00
7.256779857486347352e-01 2.000000000000000000e+00
1.613727478286552497e+00 7.000000000000000000e+00
1.084079896433830292e+00 3.000000000000000000e+00
7.230418659852079211e-01 2.000000000000000000e+00
7.639098884467776518e-01 2.000000000000000000e+00
8.036719745896520051e-01 3.000000000000000000e+00
7.212777475887520717e-01 2.000000000000000000e+00
8.056234050814287118e-01 3.000000000000000000e+00
1.139460675771711839e+00 3.000000000000000000e+00
9.528458159993665744e-01 3.000000000000000000e+00
1.143303115230375422e+00 3.000000000000000000e+00
1.741622539985130613e+00 5.000000000000000000e+00
2.761699288592768031e+00 1.000000000000000000e+01
1.036342924411548516e+00 3.000000000000000000e+00
9.846627164521062348e-01 3.000000000000000000e+00
1.188254621770370001e+00 4.000000000000000000e+00
8.361875596221062246e-01 2.000000000000000000e+00
1.262731277149776954e+00 4.000000000000000000e+00
8.155829279318829172e-01 2.000000000000000000e+00
1.068752895107360157e+00 5.000000000000000000e+00
8.662202858395979810e-01 3.000000000000000000e+00
6.469093613740215520e-01 2.000000000000000000e+00
1.103462688375714373e+00 3.000000000000000000e+00
1.013431808482811336e+00 3.000000000000000000e+00
1.044828634221469210e+00 3.000000000000000000e+00
7.533702389934422428e-01 2.000000000000000000e+00
1.019811524671225600e+00 3.000000000000000000e+00
8.554710123671194211e-01 3.000000000000000000e+00
1.596010251273948688e+00 4.000000000000000000e+00
1.779574917316205429e+00 1.100000000000000000e+01
1.736098234212019698e+00 8.000000000000000000e+00
6.943400634176227770e-01 2.000000000000000000e+00
7.443286196298054547e-01 2.000000000000000000e+00
7.764026077584260666e-01 2.000000000000000000e+00
8.445378890699093422e-01 3.000000000000000000e+00
3.463651863920613749e+00 2.100000000000000000e+01
1.122568089700947791e+00 3.000000000000000000e+00
7.983065555704348393e-01 2.000000000000000000e+00
1.925082902857073952e+00 8.000000000000000000e+00
1.108243449997522001e+00 3.000000000000000000e+00
1.075989389465557888e+00 4.000000000000000000e+00
1.570086855819825766e+00 1.200000000000000000e+01
7.982791701534067696e-01 2.000000000000000000e+00
1.134068421444949459e+00 3.000000000000000000e+00
1.086785869365269441e+00 3.000000000000000000e+00
1.071661800749419635e+00 3.000000000000000000e+00
7.238438709418509864e-01 2.000000000000000000e+00
6.780206103553874097e-01 2.000000000000000000e+00
1.188360111619790827e+00 3.000000000000000000e+00
1.194889200516629169e+00 3.000000000000000000e+00
8.578397932533994297e-01 3.000000000000000000e+00
1.928270806463530773e+00 6.000000000000000000e+00
6.504544994338093966e-01 2.000000000000000000e+00
8.231420845804794384e-01 3.000000000000000000e+00
1.312518066810537398e+00 3.000000000000000000e+00
2.350976794398671021e+00 1.200000000000000000e+01
3.463576486117931008e+00 2.100000000000000000e+01
2.715896734841201976e+00 1.900000000000000000e+01
6.912127727166946789e-01 2.000000000000000000e+00
7.482312015685758100e-01 2.000000000000000000e+00
7.202713686757516998e-01 2.000000000000000000e+00
1.471884902685877350e+00 4.000000000000000000e+00
1.123385493223596932e+00 3.000000000000000000e+00
7.144525447270929641e-01 2.000000000000000000e+00
1.132712905962468986e+00 3.000000000000000000e+00
7.488047269929741789e-01 2.000000000000000000e+00
9.486454467117498845e-01 4.000000000000000000e+00
2.103282104600328051e+00 6.000000000000000000e+00
7.191411315012782302e-01 2.000000000000000000e+00
1.925367184372778873e+00 8.000000000000000000e+00
1.108470271955075193e+00 3.000000000000000000e+00
2.010339072438846575e+00 1.300000000000000000e+01
7.801394924419663424e-01 2.000000000000000000e+00
7.103165145437686512e-01 2.000000000000000000e+00
7.693720929001498510e-01 2.000000000000000000e+00
1.075812215821129847e+00 4.000000000000000000e+00
2.370633333527172315e+00 1.000000000000000000e+01
1.075746927501650019e+00 4.000000000000000000e+00
1.032774520244342353e+00 4.000000000000000000e+00
1.208050652969871352e+00 3.000000000000000000e+00
6.844039537071665569e-01 2.000000000000000000e+00
1.563608214497835824e+00 8.000000000000000000e+00
1.327456025297598874e+00 4.000000000000000000e+00
8.364860311689455985e-01 3.000000000000000000e+00
1.063191303937189858e+00 4.000000000000000000e+00
1.204555590612524263e+00 4.000000000000000000e+00
8.906357404977008896e-01 3.000000000000000000e+00
7.238497760816091642e-01 2.000000000000000000e+00
1.208071880649191909e+00 3.000000000000000000e+00
1.142919168690534670e+00 5.000000000000000000e+00
1.500617635846534403e+00 5.000000000000000000e+00
7.506497405582346349e-01 2.000000000000000000e+00
7.154077674074034165e-01 2.000000000000000000e+00
8.505702919981799059e-01 3.000000000000000000e+00
7.654081422135501356e-01 2.000000000000000000e+00
7.453691595444663642e-01 2.000000000000000000e+00
7.546902593341595633e-01 2.000000000000000000e+00
8.352142783921102653e-01 3.000000000000000000e+00
9.524670380534550063e-01 3.000000000000000000e+00
7.196175676476828098e-01 2.000000000000000000e+00
1.381622245728312270e+00 4.000000000000000000e+00
2.370827905615932263e+00 1.000000000000000000e+01
8.545107391650076378e-01 3.000000000000000000e+00
6.836184895710206710e-01 2.000000000000000000e+00
1.013728510496104462e+00 3.000000000000000000e+00
9.955871909734789194e-01 3.000000000000000000e+00
9.770446640993561971e-01 3.000000000000000000e+00
1.168947496438250688e+00 4.000000000000000000e+00
6.807473728686310732e-01 2.000000000000000000e+00
8.271300026268377792e-01 3.000000000000000000e+00
7.650113043828720150e-01 2.000000000000000000e+00
7.480606651649569505e-01 2.000000000000000000e+00
7.123963036821806538e-01 2.000000000000000000e+00
7.708146605919815597e-01 2.000000000000000000e+00
1.075527948304445314e+00 4.000000000000000000e+00
1.032790822884080306e+00 4.000000000000000000e+00
8.739859989558922404e-01 3.000000000000000000e+00
1.096839658568210973e+00 3.000000000000000000e+00
1.298528631121491195e+00 4.000000000000000000e+00
7.283889839914574615e-01 2.000000000000000000e+00
7.299858689271923051e-01 2.000000000000000000e+00
1.078196322317472866e+00 5.000000000000000000e+00
1.563963818875981238e+00 8.000000000000000000e+00
1.327487619769789129e+00 4.000000000000000000e+00
1.326438498441769864e+00 6.000000000000000000e+00
9.948313809853787104e-01 3.000000000000000000e+00
7.001426097591461062e-01 2.000000000000000000e+00
9.251620457062376124e-01 3.000000000000000000e+00
6.915866521993107030e-01 2.000000000000000000e+00
7.253848361390934363e-01 2.000000000000000000e+00
1.063032081752209868e+00 4.000000000000000000e+00
3.257095680792839953e+00 2.400000000000000000e+01
1.217943147897815326e+00 3.000000000000000000e+00
8.405068366701348159e-01 3.000000000000000000e+00
1.504196761012986050e+00 9.000000000000000000e+00
7.472567744763025654e-01 2.000000000000000000e+00
8.733095665977747002e-01 3.000000000000000000e+00
7.328432028298131895e-01 2.000000000000000000e+00
1.254656995299732625e+00 4.000000000000000000e+00
7.534820971662712363e-01 2.000000000000000000e+00
1.355568901116295244e+00 7.000000000000000000e+00
1.051869569966869200e+00 3.000000000000000000e+00
7.235617362511526096e-01 2.000000000000000000e+00
8.313699786798125491e-01 2.000000000000000000e+00
1.153882540350898767e+00 3.000000000000000000e+00
7.690795871257364302e-01 2.000000000000000000e+00
1.234777113340709942e+00 3.000000000000000000e+00
1.293295320553973227e+00 4.000000000000000000e+00
7.104337291404000387e-01 2.000000000000000000e+00
3.256846073063230484e+00 2.400000000000000000e+01
1.146509752784392600e+00 3.000000000000000000e+00
8.257325475085675048e-01 3.000000000000000000e+00
1.217964178424918220e+00 3.000000000000000000e+00
1.463201228009386234e+00 5.000000000000000000e+00
7.556999245622200156e-01 2.000000000000000000e+00
1.794938224011931371e+00 6.000000000000000000e+00
6.878231705900276216e-01 2.000000000000000000e+00
1.172225153520922492e+00 5.000000000000000000e+00
8.397697632271017287e-01 3.000000000000000000e+00
7.252183714808718706e-01 2.000000000000000000e+00
1.344207887185157269e+00 6.000000000000000000e+00
7.054310950050992624e-01 2.000000000000000000e+00
9.862536275857061163e-01 3.000000000000000000e+00
8.007598529938414478e-01 2.000000000000000000e+00
1.208906811296930561e+00 5.000000000000000000e+00
7.472567309838997751e-01 2.000000000000000000e+00
8.733091341434344734e-01 3.000000000000000000e+00
7.442879132212419924e-01 2.000000000000000000e+00
7.595312519690581299e-01 2.000000000000000000e+00
7.300767556338398911e-01 2.000000000000000000e+00
1.504200405046121514e+00 9.000000000000000000e+00
7.787059162484178954e-01 2.000000000000000000e+00
8.680290292767579574e-01 2.000000000000000000e+00
7.067652163201838533e-01 2.000000000000000000e+00
1.457881588895903358e+00 6.000000000000000000e+00
7.332410197203044211e-01 2.000000000000000000e+00
3.517744165176526661e+00 2.000000000000000000e+01
1.025968914746015148e+00 4.000000000000000000e+00
7.540923345322312343e-01 2.000000000000000000e+00
8.843306355238235161e-01 3.000000000000000000e+00
1.587123728608963003e+00 1.100000000000000000e+01
1.026460362068016163e+00 3.000000000000000000e+00
7.174835747252976681e-01 2.000000000000000000e+00
1.872434057327700296e+00 1.300000000000000000e+01
7.541548767776138362e-01 2.000000000000000000e+00
1.305344252994876886e+00 5.000000000000000000e+00
7.957104451486317620e-01 3.000000000000000000e+00
1.373045653952206013e+00 7.000000000000000000e+00
7.396452436811593589e-01 2.000000000000000000e+00
7.169900361930386934e-01 2.000000000000000000e+00
7.461450751920549740e-01 2.000000000000000000e+00
2.947709543901340989e+00 1.700000000000000000e+01
7.158794196651191433e-01 2.000000000000000000e+00
7.019398768181268622e-01 2.000000000000000000e+00
1.431402049263982734e+00 1.000000000000000000e+01
6.857415775398113533e-01 2.000000000000000000e+00
1.214504897448336784e+00 3.000000000000000000e+00
8.352773539370903499e-01 3.000000000000000000e+00
3.518140004240765784e+00 2.000000000000000000e+01
8.255154997761419144e-01 3.000000000000000000e+00
8.838876290445721873e-01 3.000000000000000000e+00
2.416170618854583729e+00 1.600000000000000000e+01
1.225087598965477698e+00 5.000000000000000000e+00
7.695773998329491494e-01 2.000000000000000000e+00
1.045007291262847859e+00 4.000000000000000000e+00
7.366157327044434711e-01 2.000000000000000000e+00
7.341377797798341875e-01 2.000000000000000000e+00
1.026064439082726487e+00 4.000000000000000000e+00
8.462807212740262042e-01 3.000000000000000000e+00
1.088311186407135533e+00 4.000000000000000000e+00
1.026460314331307355e+00 3.000000000000000000e+00
7.174835747252967799e-01 2.000000000000000000e+00
7.736290142999711072e-01 2.000000000000000000e+00
1.214810087117816684e+00 3.000000000000000000e+00
7.581795553165657786e-01 2.000000000000000000e+00
6.944288650878412961e-01 2.000000000000000000e+00
1.587292418201920130e+00 1.100000000000000000e+01
8.630853834741937236e-01 2.000000000000000000e+00
1.265319100949212405e+00 5.000000000000000000e+00
1.085493756810600896e+00 3.000000000000000000e+00
1.537759816127339363e+00 7.000000000000000000e+00
7.137104738620367872e-01 2.000000000000000000e+00
7.237916102032717625e-01 2.000000000000000000e+00
3.534430446441144014e+00 1.900000000000000000e+01
1.409323347513814939e+00 5.000000000000000000e+00
1.023327674971798329e+00 3.000000000000000000e+00
8.975639684588994083e-01 4.000000000000000000e+00
7.450755869262855047e-01 2.000000000000000000e+00
1.262923866513008475e+00 5.000000000000000000e+00
1.226175499978218397e+00 5.000000000000000000e+00
7.550169973807475676e-01 2.000000000000000000e+00
7.603779497723933689e-01 2.000000000000000000e+00
7.409734508289603783e-01 2.000000000000000000e+00
1.988028770141850865e+00 1.300000000000000000e+01
6.787445581737132638e-01 2.000000000000000000e+00
1.041561592129873981e+00 3.000000000000000000e+00
1.167382318105394612e+00 4.000000000000000000e+00
1.007679354164246588e+00 4.000000000000000000e+00
7.265037221746895035e-01 2.000000000000000000e+00
1.119553596586606803e+00 3.000000000000000000e+00
6.879523959911889586e-01 2.000000000000000000e+00
3.534498986716677837e+00 1.900000000000000000e+01
1.082693695848596427e+00 3.000000000000000000e+00
2.344997551206192021e+00 2.000000000000000000e+01
1.227366294371463606e+00 4.000000000000000000e+00
7.777097311125494850e-01 2.000000000000000000e+00
6.829090034063851622e-01 2.000000000000000000e+00
1.203330494829047304e+00 3.000000000000000000e+00
8.103958318830379870e-01 2.000000000000000000e+00
7.850428321649742802e-01 2.000000000000000000e+00
1.090583716869230724e+00 4.000000000000000000e+00
1.023327662883421141e+00 3.000000000000000000e+00
1.367308258026303847e+00 4.000000000000000000e+00
7.139111864348191006e-01 2.000000000000000000e+00
1.409214911841053963e+00 5.000000000000000000e+00
7.414638530188076837e-01 2.000000000000000000e+00
7.770620058914607942e-01 2.000000000000000000e+00
1.112991120459964955e+00 3.000000000000000000e+00
7.559430584817367071e-01 2.000000000000000000e+00
1.546678570875338332e+00 8.000000000000000000e+00
1.443468814045050230e+00 5.000000000000000000e+00
6.683499036185130970e-01 2.000000000000000000e+00
2.352312047182513410e+00 1.200000000000000000e+01
2.330330787765962697e+00 1.400000000000000000e+01
7.632863528628749394e-01 2.000000000000000000e+00
1.224084822908160897e+00 3.000000000000000000e+00
1.617714588362408445e+00 8.000000000000000000e+00
9.955380504179793810e-01 3.000000000000000000e+00
1.117281593372614124e+00 3.000000000000000000e+00
8.529909020401583719e-01 3.000000000000000000e+00
1.099622032387736148e+00 4.000000000000000000e+00
1.386042364737885890e+00 5.000000000000000000e+00
9.359327398674147647e-01 3.000000000000000000e+00
1.212869752897414166e+00 5.000000000000000000e+00
1.113921932000979220e+00 3.000000000000000000e+00
2.151702996822976832e+00 1.500000000000000000e+01
8.244471098863964675e-01 2.000000000000000000e+00
9.493002284609609598e-01 3.000000000000000000e+00
1.782816363878389598e+00 1.000000000000000000e+01
1.263729294258464142e+00 4.000000000000000000e+00
7.407713212142555959e-01 2.000000000000000000e+00
8.303109740734478939e-01 2.000000000000000000e+00
1.205219676883481528e+00 5.000000000000000000e+00
2.352450204449980653e+00 1.200000000000000000e+01
6.750559613963088568e-01 2.000000000000000000e+00
1.034798383411599909e+00 3.000000000000000000e+00
2.330185278646038860e+00 1.400000000000000000e+01
1.224069063338450114e+00 3.000000000000000000e+00
7.537182323881397306e-01 2.000000000000000000e+00
1.218575242462237362e+00 4.000000000000000000e+00
7.535760471026854423e-01 2.000000000000000000e+00
7.455137142601832023e-01 2.000000000000000000e+00
6.759682279640746305e-01 2.000000000000000000e+00
7.946614097054197634e-01 2.000000000000000000e+00
7.624548039504454033e-01 2.000000000000000000e+00
8.813150785343695226e-01 3.000000000000000000e+00
9.626465932810981396e-01 3.000000000000000000e+00
7.646678352941780332e-01 2.000000000000000000e+00
9.955377813285345434e-01 3.000000000000000000e+00
6.611749479399492424e-01 2.000000000000000000e+00
1.457499784323216474e+00 6.000000000000000000e+00
7.193935649791289855e-01 2.000000000000000000e+00
1.113172517394145355e+00 3.000000000000000000e+00
1.192870295780906087e+00 6.000000000000000000e+00
1.618049424015484794e+00 8.000000000000000000e+00
8.262465460341590351e-01 2.000000000000000000e+00
6.871259279299353206e-01 2.000000000000000000e+00
7.797648207419527466e-01 2.000000000000000000e+00
1.407154554734047158e+00 6.000000000000000000e+00
7.236768293467541469e-01 2.000000000000000000e+00
1.117281299206487777e+00 3.000000000000000000e+00
3.772976206090563167e+00 1.900000000000000000e+01
2.486941770480267877e+00 1.800000000000000000e+01
7.750347709942191354e-01 2.000000000000000000e+00
1.238208915754389405e+00 5.000000000000000000e+00
1.750906575048178926e+00 1.100000000000000000e+01
7.419452606269310024e-01 2.000000000000000000e+00
1.310264453680215491e+00 6.000000000000000000e+00
1.062699991138957190e+00 4.000000000000000000e+00
7.824216979993481313e-01 2.000000000000000000e+00
7.172981332751724448e-01 2.000000000000000000e+00
7.701283927704190013e-01 2.000000000000000000e+00
1.151865213173337787e+00 6.000000000000000000e+00
1.540435284509971803e+00 1.000000000000000000e+01
7.775598995148558235e-01 2.000000000000000000e+00
1.266355003264235224e+00 4.000000000000000000e+00
7.792020646902072523e-01 2.000000000000000000e+00
3.772567650407695705e+00 1.900000000000000000e+01
7.308636389003566602e-01 2.000000000000000000e+00
2.486326603593143503e+00 1.800000000000000000e+01
7.753851914264910938e-01 2.000000000000000000e+00
7.273867382626796330e-01 2.000000000000000000e+00
6.934791842586505162e-01 2.000000000000000000e+00
1.316440366568055520e+00 7.000000000000000000e+00
7.547072458910527581e-01 2.000000000000000000e+00
7.995420006687372627e-01 2.000000000000000000e+00
1.213112114647327822e+00 3.000000000000000000e+00
1.095773849575587100e+00 5.000000000000000000e+00
7.263723106415850284e-01 2.000000000000000000e+00
2.774161619558014547e+00 1.500000000000000000e+01
7.137753540156142051e-01 2.000000000000000000e+00
8.257455876202005607e-01 3.000000000000000000e+00
7.455742573122590144e-01 2.000000000000000000e+00
1.051573132896456153e+00 3.000000000000000000e+00
1.168177475283032285e+00 3.000000000000000000e+00
1.238635056331646611e+00 5.000000000000000000e+00
7.371526839589490621e-01 2.000000000000000000e+00
1.790415549998742417e+00 8.000000000000000000e+00
8.558513820021221852e-01 3.000000000000000000e+00
1.206960929252564485e+00 3.000000000000000000e+00
8.508681605239831747e-01 3.000000000000000000e+00
3.817869906254018453e+00 1.500000000000000000e+01
1.161249787478516371e+00 3.000000000000000000e+00
1.510070475017817104e+00 5.000000000000000000e+00
7.343204970584769065e-01 2.000000000000000000e+00
1.486951271406133257e+00 1.000000000000000000e+01
7.456483834109330910e-01 2.000000000000000000e+00
1.538012380253672262e+00 5.000000000000000000e+00
8.900687372124622687e-01 3.000000000000000000e+00
1.186992925932369713e+00 5.000000000000000000e+00
1.457939445399905720e+00 9.000000000000000000e+00
8.829751740775549917e-01 3.000000000000000000e+00
1.011192629060840842e+00 5.000000000000000000e+00
1.092949069971951737e+00 5.000000000000000000e+00
1.365742727630250730e+00 6.000000000000000000e+00
7.355894578502653047e-01 2.000000000000000000e+00
1.475261739931875260e+00 5.000000000000000000e+00
3.817220351259165589e+00 1.500000000000000000e+01
2.025189878060381421e+00 1.100000000000000000e+01
7.796735328543938914e-01 2.000000000000000000e+00
7.326037635266476888e-01 2.000000000000000000e+00
1.227121505112956035e+00 7.000000000000000000e+00
7.927901135652452025e-01 2.000000000000000000e+00
1.090976225086825790e+00 3.000000000000000000e+00
9.868697100392703758e-01 3.000000000000000000e+00
7.897134471228602903e-01 2.000000000000000000e+00
7.427929749712980367e-01 2.000000000000000000e+00
6.950413617191245619e-01 2.000000000000000000e+00
1.510070269181973623e+00 5.000000000000000000e+00
1.173084131396289420e+00 3.000000000000000000e+00
7.592297320750229783e-01 2.000000000000000000e+00
1.075866560668587990e+00 3.000000000000000000e+00
1.161774639076147642e+00 3.000000000000000000e+00
7.070056787136607124e-01 2.000000000000000000e+00
7.360133332352443158e-01 2.000000000000000000e+00
7.047108218986598560e-01 2.000000000000000000e+00
7.195195651730841302e-01 2.000000000000000000e+00
1.966863338782628645e+00 1.000000000000000000e+01
1.088772731072193523e+00 6.000000000000000000e+00
7.897780027747763887e-01 2.000000000000000000e+00
6.729100859947650948e-01 2.000000000000000000e+00
7.199647309652214000e-01 2.000000000000000000e+00
3.698498719547381519e+00 1.800000000000000000e+01
1.243024641026898802e+00 4.000000000000000000e+00
1.298957463235956400e+00 5.000000000000000000e+00
7.386394967777411003e-01 2.000000000000000000e+00
7.694554608076472624e-01 2.000000000000000000e+00
1.473792784346521501e+00 7.000000000000000000e+00
1.378657031331638860e+00 5.000000000000000000e+00
1.268309143124648264e+00 5.000000000000000000e+00
7.108852121361920462e-01 2.000000000000000000e+00
8.212636029317650355e-01 2.000000000000000000e+00
1.392829883616194975e+00 7.000000000000000000e+00
7.163977169378867860e-01 2.000000000000000000e+00
1.141249253474349024e+00 3.000000000000000000e+00
9.403983061271564692e-01 4.000000000000000000e+00
1.101491271746646072e+00 3.000000000000000000e+00
1.439799214249906534e+00 8.000000000000000000e+00
7.306544922876133663e-01 2.000000000000000000e+00
1.082771322870333952e+00 3.000000000000000000e+00
3.699073729944113431e+00 1.800000000000000000e+01
2.137357065365341757e+00 1.700000000000000000e+01
8.856513371384578948e-01 4.000000000000000000e+00
7.638262332930936260e-01 2.000000000000000000e+00
1.051492064481142963e+00 4.000000000000000000e+00
9.623761643933252952e-01 4.000000000000000000e+00
1.242932489625609538e+00 4.000000000000000000e+00
7.201448509386185748e-01 2.000000000000000000e+00
7.522081247901470924e-01 2.000000000000000000e+00
8.254342346102998551e-01 2.000000000000000000e+00
1.039362782456611844e+00 3.000000000000000000e+00
7.275990135600655107e-01 2.000000000000000000e+00
8.097854327057375512e-01 3.000000000000000000e+00
1.298532739622066723e+00 5.000000000000000000e+00
7.075703827182305838e-01 2.000000000000000000e+00
7.133314622249676829e-01 2.000000000000000000e+00
1.833477083732361956e+00 7.000000000000000000e+00
8.742445962936525872e-01 3.000000000000000000e+00
1.218843321988544615e+00 3.000000000000000000e+00
1.093453550797234497e+00 4.000000000000000000e+00
7.275590449121797088e-01 2.000000000000000000e+00
3.775242905769624624e+00 2.100000000000000000e+01
2.114535166662644183e+00 1.600000000000000000e+01
7.143133959148108003e-01 2.000000000000000000e+00
6.848456652902927821e-01 2.000000000000000000e+00
7.428913460594458451e-01 2.000000000000000000e+00
7.463321017373136801e-01 2.000000000000000000e+00
7.668956952546183148e-01 2.000000000000000000e+00
1.372829029595765027e+00 8.000000000000000000e+00
7.685340712464853175e-01 2.000000000000000000e+00
1.106508080724400545e+00 4.000000000000000000e+00
1.352016882373330287e+00 9.000000000000000000e+00
1.192191651591743895e+00 4.000000000000000000e+00
1.224006741660230047e+00 3.000000000000000000e+00
7.798381199754683690e-01 2.000000000000000000e+00
7.265157709919893847e-01 2.000000000000000000e+00
7.532094599114618205e-01 2.000000000000000000e+00
1.657292396831099301e+00 8.000000000000000000e+00
3.774710354505104171e+00 2.100000000000000000e+01
2.114134743218514689e+00 1.600000000000000000e+01
3.282066749406344019e+00 2.100000000000000000e+01
8.048367021402785815e-01 3.000000000000000000e+00
7.687439558575073217e-01 2.000000000000000000e+00
8.109203423002261379e-01 3.000000000000000000e+00
6.767139348849908753e-01 2.000000000000000000e+00
1.075299333994803153e+00 3.000000000000000000e+00
1.201685481119842525e+00 4.000000000000000000e+00
1.175541831462694198e+00 3.000000000000000000e+00
6.844222191019567747e-01 2.000000000000000000e+00
1.025158077097245268e+00 3.000000000000000000e+00
9.731468982788793465e-01 3.000000000000000000e+00
7.133367904902865320e-01 2.000000000000000000e+00
1.033560769823935965e+00 3.000000000000000000e+00
6.729177359335147823e-01 2.000000000000000000e+00
7.187646108085555818e-01 2.000000000000000000e+00
7.153717330754261194e-01 2.000000000000000000e+00
7.490105083822325982e-01 2.000000000000000000e+00
7.426826789865942358e-01 2.000000000000000000e+00
1.758323701872988698e+00 9.000000000000000000e+00
6.674703510269330842e-01 2.000000000000000000e+00
8.743891492339521676e-01 3.000000000000000000e+00
7.441379008626687330e-01 2.000000000000000000e+00
2.007438610339665530e+00 9.000000000000000000e+00
8.588455193908863805e-01 3.000000000000000000e+00
1.591887558795931135e+00 7.000000000000000000e+00
1.520120995877265235e+00 6.000000000000000000e+00
7.433464793755714117e-01 2.000000000000000000e+00
7.629851470485353726e-01 2.000000000000000000e+00
7.413106226250070208e-01 2.000000000000000000e+00
1.084178667263014484e+00 3.000000000000000000e+00
1.345273054113464761e+00 9.000000000000000000e+00
7.769461275189610827e-01 2.000000000000000000e+00
8.301507139160986259e-01 3.000000000000000000e+00
9.495670332142105430e-01 4.000000000000000000e+00
1.463514974254509715e+00 1.000000000000000000e+01
7.904322460949623208e-01 2.000000000000000000e+00
2.007384622800000962e+00 9.000000000000000000e+00
2.027409616662745773e+00 1.500000000000000000e+01
9.899149653509464741e-01 4.000000000000000000e+00
7.634350568321148778e-01 2.000000000000000000e+00
1.252473944096622382e+00 5.000000000000000000e+00
6.230708838759287937e-01 2.000000000000000000e+00
1.159693124766165706e+00 3.000000000000000000e+00
8.580485888599614919e-01 3.000000000000000000e+00
7.629558228364280437e-01 2.000000000000000000e+00
1.475881588585957305e+00 1.000000000000000000e+01
6.737580376395739812e-01 2.000000000000000000e+00
1.591555438488732932e+00 7.000000000000000000e+00
7.892029819170213178e-01 2.000000000000000000e+00
7.536239207993540301e-01 2.000000000000000000e+00
1.317924289257809134e+00 6.000000000000000000e+00
1.520489113131003656e+00 6.000000000000000000e+00
1.947116352311892395e+00 1.000000000000000000e+01
7.482975671484852764e-01 2.000000000000000000e+00
1.150714349865875841e+00 5.000000000000000000e+00
2.763575510677263036e+00 1.700000000000000000e+01
2.428312642186102988e+00 1.800000000000000000e+01
1.194311118624221235e+00 5.000000000000000000e+00
1.547605955742727968e+00 8.000000000000000000e+00
1.395532600677741542e+00 4.000000000000000000e+00
7.064409235975624979e-01 2.000000000000000000e+00
7.759802509192286202e-01 2.000000000000000000e+00
1.504091255681279105e+00 8.000000000000000000e+00
7.239663203952900750e-01 2.000000000000000000e+00
1.285300562417337922e+00 4.000000000000000000e+00
1.480434899191792386e+00 1.000000000000000000e+01
1.537396810005118075e+00 1.000000000000000000e+01
2.764151619071078869e+00 1.700000000000000000e+01
2.428690387040648435e+00 1.800000000000000000e+01
7.599890523334791315e-01 2.000000000000000000e+00
1.173286259693475220e+00 3.000000000000000000e+00
2.934194825795071182e+00 1.700000000000000000e+01
1.219697301001462231e+00 5.000000000000000000e+00
1.194452163935899591e+00 5.000000000000000000e+00
6.965415446212386286e-01 2.000000000000000000e+00
7.363657082826010614e-01 2.000000000000000000e+00
6.792104184764080621e-01 2.000000000000000000e+00
1.547512813796773301e+00 8.000000000000000000e+00
7.842884305747098717e-01 2.000000000000000000e+00
7.369221273875172784e-01 2.000000000000000000e+00
1.082405492085903198e+00 4.000000000000000000e+00
1.290220661563773463e+00 3.000000000000000000e+00
1.395350575787438041e+00 4.000000000000000000e+00
7.537802021811340625e-01 2.000000000000000000e+00
2.322353841168240507e+00 9.000000000000000000e+00
9.395822834685221281e-01 3.000000000000000000e+00
1.331756188997898604e+00 5.000000000000000000e+00
7.101706969691606863e-01 2.000000000000000000e+00
6.555776086791498258e-01 2.000000000000000000e+00
2.204429488087310318e+00 1.100000000000000000e+01
7.692371427374381510e-01 2.000000000000000000e+00
1.529832475647624035e+00 8.000000000000000000e+00
1.247076480194483139e+00 4.000000000000000000e+00
6.853872501733043743e-01 2.000000000000000000e+00
1.060984303650470029e+00 3.000000000000000000e+00
7.909030495789968196e-01 2.000000000000000000e+00
1.316007773880430776e+00 8.000000000000000000e+00
7.388460485221493013e-01 2.000000000000000000e+00
1.271273674083196914e+00 4.000000000000000000e+00
1.485654921821771390e+00 9.000000000000000000e+00
1.703003982828142693e+00 8.000000000000000000e+00
7.266177921771540538e-01 2.000000000000000000e+00
2.204689119854021939e+00 1.100000000000000000e+01
2.173024938228379721e+00 1.900000000000000000e+01
7.886460957026131258e-01 2.000000000000000000e+00
7.099920694865365922e-01 2.000000000000000000e+00
2.958547841895057928e+00 2.100000000000000000e+01
8.529605288841283217e-01 2.000000000000000000e+00
1.328477103823933581e+00 7.000000000000000000e+00
7.333316405283779593e-01 2.000000000000000000e+00
7.687984596115519098e-01 2.000000000000000000e+00
6.636094842099393709e-01 2.000000000000000000e+00
7.978795088023654669e-01 2.000000000000000000e+00
1.529631510861846122e+00 8.000000000000000000e+00
6.588376044217539862e-01 2.000000000000000000e+00
7.115253504034948495e-01 2.000000000000000000e+00
6.674597349216685460e-01 2.000000000000000000e+00
1.247549767825167466e+00 4.000000000000000000e+00
7.214585747870011501e-01 2.000000000000000000e+00
6.438688411991603244e-01 2.000000000000000000e+00
7.525538894992911398e-01 2.000000000000000000e+00
7.409732110545628192e-01 2.000000000000000000e+00
1.241544142805096618e+00 5.000000000000000000e+00
1.063240909691637981e+00 4.000000000000000000e+00
1.256666556177111094e+00 5.000000000000000000e+00
7.263319357108026786e-01 2.000000000000000000e+00
8.796794290220757429e-01 3.000000000000000000e+00
7.126041173751523905e-01 2.000000000000000000e+00
2.390075071872529211e+00 2.400000000000000000e+01
8.800150934019438376e-01 3.000000000000000000e+00
7.107809099856325918e-01 2.000000000000000000e+00
1.424390082953130410e+00 6.000000000000000000e+00
6.877339061245835161e-01 2.000000000000000000e+00
7.143185018020198340e-01 2.000000000000000000e+00
8.923719245006896950e-01 3.000000000000000000e+00
1.288278929989884691e+00 7.000000000000000000e+00
7.802582946480016712e-01 2.000000000000000000e+00
1.362414106527565894e+00 8.000000000000000000e+00
1.517003545807463327e+00 9.000000000000000000e+00
7.468349859134651991e-01 2.000000000000000000e+00
1.137533926560096997e+00 3.000000000000000000e+00
1.359495752510242683e+00 5.000000000000000000e+00
7.128087188954340681e-01 2.000000000000000000e+00
7.556785614047401012e-01 2.000000000000000000e+00
2.390335345164362746e+00 2.400000000000000000e+01
7.431297693990256414e-01 2.000000000000000000e+00
8.227106759801620095e-01 3.000000000000000000e+00
7.593754432649806319e-01 2.000000000000000000e+00
1.502740436114733846e+00 6.000000000000000000e+00
8.807029791492618775e-01 3.000000000000000000e+00
7.118801175998253905e-01 2.000000000000000000e+00
1.196701667752155585e+00 3.000000000000000000e+00
1.739339551719081056e+00 1.600000000000000000e+01
8.423838674857611064e-01 2.000000000000000000e+00
1.424732350238340661e+00 6.000000000000000000e+00
7.201394186778632411e-01 2.000000000000000000e+00
6.751606724823016048e-01 2.000000000000000000e+00
1.051008243245780571e+00 3.000000000000000000e+00
7.148900846751473637e-01 2.000000000000000000e+00
8.042565102731366045e-01 2.000000000000000000e+00
8.181161372219818428e-01 3.000000000000000000e+00
9.731881626046072764e-01 4.000000000000000000e+00
9.890175848341836717e-01 3.000000000000000000e+00
1.154332847146203989e+00 4.000000000000000000e+00
7.604714158555989645e-01 2.000000000000000000e+00
7.820502177933023047e-01 2.000000000000000000e+00
7.390218636932662788e-01 2.000000000000000000e+00
1.351247169435151108e+00 7.000000000000000000e+00
7.384355173384132831e-01 2.000000000000000000e+00
6.962946704856169955e-01 2.000000000000000000e+00
7.440447254701896274e-01 2.000000000000000000e+00
1.657438967801440066e+00 5.000000000000000000e+00
1.371459796310273482e+00 7.000000000000000000e+00
8.445717284583729167e-01 3.000000000000000000e+00
2.676255098977208036e+00 1.600000000000000000e+01
7.851800863921538642e-01 2.000000000000000000e+00
1.018159470660866539e+00 4.000000000000000000e+00
1.204860003353162456e+00 5.000000000000000000e+00
7.358268719611346098e-01 2.000000000000000000e+00
1.943909153937872336e+00 1.000000000000000000e+01
2.234597138794824023e+00 2.400000000000000000e+01
7.485291149314173831e-01 2.000000000000000000e+00
7.357886286610031412e-01 2.000000000000000000e+00
7.819894122262086578e-01 2.000000000000000000e+00
1.068245272729520190e+00 4.000000000000000000e+00
7.432813538628416650e-01 2.000000000000000000e+00
7.283320691026977656e-01 2.000000000000000000e+00
7.398985936149541365e-01 2.000000000000000000e+00
8.467825082633165801e-01 2.000000000000000000e+00
7.390219685616237211e-01 2.000000000000000000e+00
1.237941061419005617e+00 5.000000000000000000e+00
1.351196905337613829e+00 7.000000000000000000e+00
7.403490936715735327e-01 2.000000000000000000e+00
7.254191873213456931e-01 2.000000000000000000e+00
7.521081480302289624e-01 2.000000000000000000e+00
7.513823498504855758e-01 2.000000000000000000e+00
6.677836127820140355e-01 2.000000000000000000e+00
7.372599064557510129e-01 2.000000000000000000e+00
8.494241421017413307e-01 3.000000000000000000e+00
7.090580509266536380e-01 2.000000000000000000e+00
1.146753958373169846e+00 3.000000000000000000e+00
8.554657589530362261e-01 3.000000000000000000e+00
1.445310596593595731e+00 4.000000000000000000e+00
7.209772635112966510e-01 2.000000000000000000e+00
8.890571514956305821e-01 4.000000000000000000e+00
1.077833559507686667e+00 3.000000000000000000e+00
7.472336680497864148e-01 2.000000000000000000e+00
7.297149735802430648e-01 2.000000000000000000e+00
9.835702999999053064e-01 4.000000000000000000e+00
1.508451075156530319e+00 6.000000000000000000e+00
2.245969265817038263e+00 2.300000000000000000e+01
9.832266168592318500e-01 4.000000000000000000e+00
6.661293035140111174e-01 2.000000000000000000e+00
1.185572519174755923e+00 6.000000000000000000e+00
7.584462611161207901e-01 2.000000000000000000e+00
1.628342292342624065e+00 7.000000000000000000e+00
1.267112872110201405e+00 6.000000000000000000e+00
8.353594404013011676e-01 2.000000000000000000e+00
1.594429395385851933e+00 6.000000000000000000e+00
1.508490857649328110e+00 6.000000000000000000e+00
2.246254204508789432e+00 2.300000000000000000e+01
8.334889767541148187e-01 3.000000000000000000e+00
7.625014865561002830e-01 2.000000000000000000e+00
7.167635895701851556e-01 2.000000000000000000e+00
6.940281981544013101e-01 2.000000000000000000e+00
1.428211685600547787e+00 5.000000000000000000e+00
9.829955231548406225e-01 4.000000000000000000e+00
7.562077832845170988e-01 2.000000000000000000e+00
7.499104170944073111e-01 2.000000000000000000e+00
1.781866933256773589e+00 6.000000000000000000e+00
1.854703683792394919e+00 1.400000000000000000e+01
6.732691336561076323e-01 2.000000000000000000e+00
1.164395531456282384e+00 4.000000000000000000e+00
8.093387113591526960e-01 3.000000000000000000e+00
6.782142537577080521e-01 2.000000000000000000e+00
7.032722192486773327e-01 2.000000000000000000e+00
1.063917217154940031e+00 4.000000000000000000e+00
1.552540302013351692e+00 8.000000000000000000e+00
7.386112654617636997e-01 2.000000000000000000e+00
7.263203418603441097e-01 2.000000000000000000e+00
1.057950287147205737e+00 3.000000000000000000e+00
1.225403000382741636e+00 5.000000000000000000e+00
1.225238528890523648e+00 5.000000000000000000e+00
1.347187667441656744e+00 5.000000000000000000e+00
1.813511349501582215e+00 1.000000000000000000e+01
7.407750586379107105e-01 2.000000000000000000e+00
7.422900808534491635e-01 2.000000000000000000e+00
6.997440010461264404e-01 2.000000000000000000e+00
1.269973209103321121e+00 5.000000000000000000e+00
1.051221503881209829e+00 3.000000000000000000e+00
8.194758620269534388e-01 3.000000000000000000e+00
1.000941408417088896e+00 4.000000000000000000e+00
1.074866228357312048e+00 4.000000000000000000e+00
1.332324773421385444e+00 6.000000000000000000e+00
1.882523415311703863e+00 1.000000000000000000e+01
1.972615757666352110e+00 2.000000000000000000e+01
7.594084103216608428e-01 2.000000000000000000e+00
1.736913131668896382e+00 6.000000000000000000e+00
1.225772209496501786e+00 5.000000000000000000e+00
8.445690717956878535e-01 2.000000000000000000e+00
1.700312520435115937e+00 6.000000000000000000e+00
1.760551348656877790e+00 1.700000000000000000e+01
1.813691219068851890e+00 1.000000000000000000e+01
7.380606745609890051e-01 2.000000000000000000e+00
7.803320733301718493e-01 2.000000000000000000e+00
7.278434948073462252e-01 2.000000000000000000e+00
7.305229321065036530e-01 2.000000000000000000e+00
1.347187671064103753e+00 5.000000000000000000e+00
1.401788548631518916e+00 6.000000000000000000e+00
1.269406206949199811e+00 6.000000000000000000e+00
1.618628018558622150e+00 6.000000000000000000e+00
2.449989679783876717e+00 2.200000000000000000e+01
1.268936500324707728e+00 6.000000000000000000e+00
1.215523985141227170e+00 5.000000000000000000e+00
1.777502011277356520e+00 1.100000000000000000e+01
6.988797690591768141e-01 2.000000000000000000e+00
7.473394207677515055e-01 2.000000000000000000e+00
1.327841171159940714e+00 9.000000000000000000e+00
7.478961259426519792e-01 2.000000000000000000e+00
7.587500508292528423e-01 2.000000000000000000e+00
1.282276355715434191e+00 5.000000000000000000e+00
7.877659027274602765e-01 2.000000000000000000e+00
2.525106477004408490e+00 2.300000000000000000e+01
1.290563464695089868e+00 7.000000000000000000e+00
6.828699511620699436e-01 2.000000000000000000e+00
1.172860665584541495e+00 4.000000000000000000e+00
7.267776099564161596e-01 2.000000000000000000e+00
1.232227583969812690e+00 5.000000000000000000e+00
7.818248061426900097e-01 2.000000000000000000e+00
1.618614138828304183e+00 6.000000000000000000e+00
1.014674999542369616e+00 4.000000000000000000e+00
2.450037647993467349e+00 2.200000000000000000e+01
1.689575229409392199e+00 6.000000000000000000e+00
1.511117463502010816e+00 6.000000000000000000e+00
1.269353201314052493e+00 6.000000000000000000e+00
6.587486154318588083e-01 2.000000000000000000e+00
7.371964327552559260e-01 2.000000000000000000e+00
7.309070105014594532e-01 2.000000000000000000e+00
1.771396045008136522e+00 1.100000000000000000e+01
1.777501862264607491e+00 1.100000000000000000e+01
6.833371478758262230e-01 2.000000000000000000e+00
7.126299880257195296e-01 2.000000000000000000e+00
1.696486933858510904e+00 1.000000000000000000e+01
1.215523835137348740e+00 5.000000000000000000e+00
7.439647678710428202e-01 2.000000000000000000e+00
9.076254433454112869e-01 3.000000000000000000e+00
1.070442848408828862e+00 4.000000000000000000e+00
1.379281461881190385e+00 6.000000000000000000e+00
1.380038994183496071e+00 6.000000000000000000e+00
1.222658387480890729e+00 5.000000000000000000e+00
8.139264967223363012e-01 2.000000000000000000e+00
1.612516068204576936e+00 1.000000000000000000e+01
1.061143335731232762e+00 4.000000000000000000e+00
7.774501747379198857e-01 2.000000000000000000e+00
1.553417959693030204e+00 7.000000000000000000e+00
1.123410441670173565e+00 5.000000000000000000e+00
1.063031752882804826e+00 3.000000000000000000e+00
8.499542108364847026e-01 3.000000000000000000e+00
2.617694870328401535e+00 2.000000000000000000e+01
6.666653376324455094e-01 2.000000000000000000e+00
1.200568619741757104e+00 4.000000000000000000e+00
5.991867416202362184e-01 2.000000000000000000e+00
7.353918961570652391e-01 2.000000000000000000e+00
1.347316636949870805e+00 6.000000000000000000e+00
8.140410174965699852e-01 2.000000000000000000e+00
2.370150456537798433e+00 1.700000000000000000e+01
1.101435850508537984e+00 3.000000000000000000e+00
7.417369931456599952e-01 2.000000000000000000e+00
1.394126947543613326e+00 5.000000000000000000e+00
1.379653518856556405e+00 6.000000000000000000e+00
1.631520975394717299e+00 9.000000000000000000e+00
7.695615767002511598e-01 2.000000000000000000e+00
1.612505562781394897e+00 1.000000000000000000e+01
1.468114021676261371e+00 9.000000000000000000e+00
1.064355242945773217e+00 3.000000000000000000e+00
7.620200826314567077e-01 2.000000000000000000e+00
1.511988611497246948e+00 7.000000000000000000e+00
1.222792468366360241e+00 5.000000000000000000e+00
1.444529495051908308e+00 6.000000000000000000e+00
1.233131718194632853e+00 4.000000000000000000e+00
7.659255451195948750e-01 2.000000000000000000e+00
1.278813543908509986e+00 4.000000000000000000e+00
1.111537610242430141e+00 4.000000000000000000e+00
2.499485027946538374e+00 1.900000000000000000e+01
1.278361674468835751e+00 4.000000000000000000e+00
7.620317002375633919e-01 2.000000000000000000e+00
7.095874799429373603e-01 2.000000000000000000e+00
1.022743330048395238e+00 4.000000000000000000e+00
1.330726090968935127e+00 9.000000000000000000e+00
7.328085177361804980e-01 2.000000000000000000e+00
1.232230330832148280e+00 3.000000000000000000e+00
6.508328539909645771e-01 2.000000000000000000e+00
1.502661306175927747e+00 8.000000000000000000e+00
6.906819861678470396e-01 2.000000000000000000e+00
7.075842934476824775e-01 2.000000000000000000e+00
1.484083066253898187e+00 7.000000000000000000e+00
1.111828489059423442e+00 4.000000000000000000e+00
8.548942740525510287e-01 3.000000000000000000e+00
2.499020293808505766e+00 1.900000000000000000e+01
8.040573761659258745e-01 2.000000000000000000e+00
1.278470815206264710e+00 4.000000000000000000e+00
1.204887106038057709e+00 5.000000000000000000e+00
7.549234022958439816e-01 2.000000000000000000e+00
1.786028139942691606e+00 8.000000000000000000e+00
1.573021469029299624e+00 1.000000000000000000e+01
7.145978340997419798e-01 2.000000000000000000e+00
1.124155534711490656e+00 3.000000000000000000e+00
1.091332706509303252e+00 3.000000000000000000e+00
7.620315331403484382e-01 2.000000000000000000e+00
7.568632132033552562e-01 2.000000000000000000e+00
1.257435380786587231e+00 5.000000000000000000e+00
8.046998571931859301e-01 2.000000000000000000e+00
9.146149922464810178e-01 4.000000000000000000e+00
1.290761360324836238e+00 5.000000000000000000e+00
7.350161297557146201e-01 2.000000000000000000e+00
1.110764998430242345e+00 4.000000000000000000e+00
2.452188631870708235e+00 1.700000000000000000e+01
1.110725490486727862e+00 4.000000000000000000e+00
7.587829785914376179e-01 2.000000000000000000e+00
1.955095174445957484e+00 8.000000000000000000e+00
7.189287117650465797e-01 2.000000000000000000e+00
9.651835617010079416e-01 3.000000000000000000e+00
1.114573570441191208e+00 3.000000000000000000e+00
1.689467452304218131e+00 9.000000000000000000e+00
1.251368559085183074e+00 4.000000000000000000e+00
1.336352483142176473e+00 5.000000000000000000e+00
9.898447104548917519e-01 3.000000000000000000e+00
1.154865262595763387e+00 4.000000000000000000e+00
1.335200601113461394e+00 6.000000000000000000e+00
7.757336459660842953e-01 2.000000000000000000e+00
1.123871861820912699e+00 3.000000000000000000e+00
2.452091509940328429e+00 1.700000000000000000e+01
7.080723195173684870e-01 2.000000000000000000e+00
1.179207544498030336e+00 6.000000000000000000e+00
1.110156476339612341e+00 4.000000000000000000e+00
6.824042460303507696e-01 2.000000000000000000e+00
8.145697903506539106e-01 2.000000000000000000e+00
8.040053591240601261e-01 2.000000000000000000e+00
1.716661211922900332e+00 1.000000000000000000e+01
1.647480916051197619e+00 1.500000000000000000e+01
7.565877182015131597e-01 2.000000000000000000e+00
1.955085900430775459e+00 8.000000000000000000e+00
1.090884720307741196e+00 4.000000000000000000e+00
7.584468711343691494e-01 2.000000000000000000e+00
7.217110557557739892e-01 2.000000000000000000e+00
7.146406049783223802e-01 2.000000000000000000e+00
1.171143787016406534e+00 3.000000000000000000e+00
1.392430555464828190e+00 4.000000000000000000e+00
7.176059409592810967e-01 2.000000000000000000e+00
7.586497319808870321e-01 2.000000000000000000e+00
9.874221077298515059e-01 4.000000000000000000e+00
7.190391108975763279e-01 2.000000000000000000e+00
1.060422689750458058e+00 4.000000000000000000e+00
1.060143634718212935e+00 4.000000000000000000e+00
1.223354468282545904e+00 5.000000000000000000e+00
1.417014654574962451e+00 5.000000000000000000e+00
2.599063728322442923e+00 1.400000000000000000e+01
1.378799571148933145e+00 4.000000000000000000e+00
1.197422917596900227e+00 5.000000000000000000e+00
1.731925826622018105e+00 1.300000000000000000e+01
7.095710174700894379e-01 2.000000000000000000e+00
7.799624128767237430e-01 2.000000000000000000e+00
7.486098213800473911e-01 2.000000000000000000e+00
1.059489705707734819e+00 4.000000000000000000e+00
1.036775485873856484e+00 4.000000000000000000e+00
8.529388835302804672e-01 3.000000000000000000e+00
6.659515828248430136e-01 2.000000000000000000e+00
7.226168251570208589e-01 2.000000000000000000e+00
1.675564245361385929e+00 4.000000000000000000e+00
7.540394172945940054e-01 2.000000000000000000e+00
7.010106714596155975e-01 2.000000000000000000e+00
7.260683735022626095e-01 2.000000000000000000e+00
6.700905918855849519e-01 2.000000000000000000e+00
7.479805060519834070e-01 2.000000000000000000e+00
7.410233096879761394e-01 2.000000000000000000e+00
7.194325699236203686e-01 2.000000000000000000e+00
1.215549961743084717e+00 5.000000000000000000e+00
1.005032177947072336e+00 4.000000000000000000e+00
1.129598536124699848e+00 3.000000000000000000e+00
1.178756540452229551e+00 5.000000000000000000e+00
2.331955311327358338e+00 2.000000000000000000e+01
1.178553863643826416e+00 5.000000000000000000e+00
7.600601456464061156e-01 2.000000000000000000e+00
1.244318458395673233e+00 5.000000000000000000e+00
7.513099562320212366e-01 2.000000000000000000e+00
7.762191620284905058e-01 2.000000000000000000e+00
6.669120859605163210e-01 2.000000000000000000e+00
1.089627759646683680e+00 3.000000000000000000e+00
1.206992451578277503e+00 4.000000000000000000e+00
1.273387540020830322e+00 4.000000000000000000e+00
1.198508649836878437e+00 4.000000000000000000e+00
2.332350887572347986e+00 2.000000000000000000e+01
8.446345585847545578e-01 3.000000000000000000e+00
1.209096586040202537e+00 5.000000000000000000e+00
1.178653548792249373e+00 5.000000000000000000e+00
9.923339107988209395e-01 4.000000000000000000e+00
8.898312348522854354e-01 3.000000000000000000e+00
1.122380659983163387e+00 3.000000000000000000e+00
8.468078332774369166e-01 2.000000000000000000e+00
1.242885072932575552e+00 3.000000000000000000e+00
1.464992555315527190e+00 1.100000000000000000e+01
7.332633915131910873e-01 2.000000000000000000e+00
7.364193678649914032e-01 2.000000000000000000e+00
1.012046288483787970e+00 4.000000000000000000e+00
1.133349449364412731e+00 5.000000000000000000e+00
7.600601665877290136e-01 2.000000000000000000e+00
1.092552995755197154e+00 3.000000000000000000e+00
1.085762907752970685e+00 3.000000000000000000e+00
1.071314463401774386e+00 5.000000000000000000e+00
9.480074731307422953e-01 3.000000000000000000e+00
1.031759130054249463e+00 4.000000000000000000e+00
2.380029030553013403e+00 1.800000000000000000e+01
1.031358666751697850e+00 4.000000000000000000e+00
1.521681997571555200e+00 4.000000000000000000e+00
9.030423003914996860e-01 3.000000000000000000e+00
7.948951992769407449e-01 2.000000000000000000e+00
1.082648245149945732e+00 3.000000000000000000e+00
1.330383570781895175e+00 8.000000000000000000e+00
8.363236288974862376e-01 3.000000000000000000e+00
7.343590799693170412e-01 2.000000000000000000e+00
9.533358007740176943e-01 3.000000000000000000e+00
1.147271887769713672e+00 3.000000000000000000e+00
7.760404177835521500e-01 2.000000000000000000e+00
2.379759639396833659e+00 1.800000000000000000e+01
2.474400094890114588e+00 1.400000000000000000e+01
1.215932156079146065e+00 5.000000000000000000e+00
1.031913566673146931e+00 4.000000000000000000e+00
8.634129923355532421e-01 3.000000000000000000e+00
8.622750304992662373e-01 3.000000000000000000e+00
1.070186098649319684e+00 4.000000000000000000e+00
7.948688407320780858e-01 2.000000000000000000e+00
1.457496469349781387e+00 4.000000000000000000e+00
1.583608373748222276e+00 1.100000000000000000e+01
6.797060761831115183e-01 2.000000000000000000e+00
6.772129710563938865e-01 2.000000000000000000e+00
1.211708714318291413e+00 5.000000000000000000e+00
1.432054999390904859e+00 5.000000000000000000e+00
1.073616451825408991e+00 3.000000000000000000e+00
7.178631769359762327e-01 2.000000000000000000e+00
1.205285201357602975e+00 6.000000000000000000e+00
7.983873853197644976e-01 3.000000000000000000e+00
1.031206224376039371e+00 4.000000000000000000e+00
1.031449450437907922e+00 4.000000000000000000e+00
7.491401937669049937e-01 2.000000000000000000e+00
1.019778423359973596e+00 4.000000000000000000e+00
7.479077041988894115e-01 2.000000000000000000e+00
1.008579640311214387e+00 4.000000000000000000e+00
7.682552328710086087e-01 2.000000000000000000e+00
1.549212660864745406e+00 8.000000000000000000e+00
7.506772572153238565e-01 2.000000000000000000e+00
1.457655906407178126e+00 4.000000000000000000e+00
7.110266308186827811e-01 2.000000000000000000e+00
1.937681263868440640e+00 7.000000000000000000e+00
2.573770914457168324e+00 1.800000000000000000e+01
7.122968674179628312e-01 2.000000000000000000e+00
7.243911147767820857e-01 2.000000000000000000e+00
7.375467440554421827e-01 2.000000000000000000e+00
1.368138967111532489e+00 8.000000000000000000e+00
1.031518414341501266e+00 4.000000000000000000e+00
8.768339146763480807e-01 3.000000000000000000e+00
1.293450313826379761e+00 4.000000000000000000e+00
1.096165236767020268e+00 3.000000000000000000e+00
1.580426046448351940e+00 1.200000000000000000e+01
1.472157083525191146e+00 8.000000000000000000e+00
1.251744102977480066e+00 5.000000000000000000e+00
1.161164511514507724e+00 3.000000000000000000e+00
7.481811163309960433e-01 2.000000000000000000e+00
1.019778701279777877e+00 4.000000000000000000e+00
1.092533349842896184e+00 3.000000000000000000e+00
1.116636632465124235e+00 3.000000000000000000e+00
7.444958945491557678e-01 2.000000000000000000e+00
1.158877367190689345e+00 5.000000000000000000e+00
1.435024104882156593e+00 6.000000000000000000e+00
1.124471740468129921e+00 3.000000000000000000e+00
1.402190457804711521e+00 4.000000000000000000e+00
1.085012256425113453e+00 3.000000000000000000e+00
7.525576635713718820e-01 2.000000000000000000e+00
1.583368937530906129e+00 9.000000000000000000e+00
8.933140800043403162e-01 3.000000000000000000e+00
8.015586912801060393e-01 2.000000000000000000e+00
1.902675641237821624e+00 7.000000000000000000e+00
2.477914333858174611e+00 2.600000000000000000e+01
7.205665795054204681e-01 2.000000000000000000e+00
9.532244940858967119e-01 4.000000000000000000e+00
9.946382707424994418e-01 4.000000000000000000e+00
1.554070632074981750e+00 1.000000000000000000e+01
8.577443920390338539e-01 3.000000000000000000e+00
1.123314506458940265e+00 4.000000000000000000e+00
1.121533357308781564e+00 3.000000000000000000e+00
1.445829403243769962e+00 1.100000000000000000e+01
1.780129574758619659e+00 9.000000000000000000e+00
7.634843082866963337e-01 2.000000000000000000e+00
7.545513124150124984e-01 2.000000000000000000e+00
1.435024366621250991e+00 6.000000000000000000e+00
1.124471745804094036e+00 3.000000000000000000e+00
1.097914171205472078e+00 3.000000000000000000e+00
7.593273572162831941e-01 2.000000000000000000e+00
8.657449457936932102e-01 4.000000000000000000e+00
7.318749848849938067e-01 2.000000000000000000e+00
6.424881475431744038e-01 2.000000000000000000e+00
1.646973487452289886e+00 1.200000000000000000e+01
8.416952326703801557e-01 2.000000000000000000e+00
8.627901546126265364e-01 3.000000000000000000e+00
1.481790220415950543e+00 1.000000000000000000e+01
1.257735879392660072e+00 3.000000000000000000e+00
1.078969156610936508e+00 4.000000000000000000e+00
1.020427681615853954e+00 3.000000000000000000e+00
1.223464357742702902e+00 3.000000000000000000e+00
1.431306817626251338e+00 4.000000000000000000e+00
2.296857643174893049e+00 2.300000000000000000e+01
7.495264713360286768e-01 2.000000000000000000e+00
9.817380459203194354e-01 3.000000000000000000e+00
7.548342119300539554e-01 2.000000000000000000e+00
1.197495973851063766e+00 6.000000000000000000e+00
1.085578595343073438e+00 3.000000000000000000e+00
1.324782751282628457e+00 7.000000000000000000e+00
1.545717869304609193e+00 4.000000000000000000e+00
7.622500364053876876e-01 2.000000000000000000e+00
1.170855874073391645e+00 3.000000000000000000e+00
1.540563440815251095e+00 1.200000000000000000e+01
7.727336499943782133e-01 2.000000000000000000e+00
1.744075707424751043e+00 1.100000000000000000e+01
8.614889026177643405e-01 3.000000000000000000e+00
1.217498531837020614e+00 4.000000000000000000e+00
1.646973402751561233e+00 1.200000000000000000e+01
7.318754257618897974e-01 2.000000000000000000e+00
8.242794508158940436e-01 3.000000000000000000e+00
6.432110988108695748e-01 2.000000000000000000e+00
7.400243435752963395e-01 2.000000000000000000e+00
1.073478525033679798e+00 4.000000000000000000e+00
6.797431284445982769e-01 2.000000000000000000e+00
1.269899989690552733e+00 5.000000000000000000e+00
2.104644814611004833e+00 9.000000000000000000e+00
7.979347036778137170e-01 2.000000000000000000e+00
7.888631682787285992e-01 2.000000000000000000e+00
1.045531956697210108e+00 4.000000000000000000e+00
1.872126695151758780e+00 9.000000000000000000e+00
6.964850540393294764e-01 2.000000000000000000e+00
6.800368531680291984e-01 2.000000000000000000e+00
7.608004668332180032e-01 2.000000000000000000e+00
1.035189893932859428e+00 4.000000000000000000e+00
9.457451893338875148e-01 3.000000000000000000e+00
1.187561715459606093e+00 3.000000000000000000e+00
2.569433965250819796e+00 2.400000000000000000e+01
8.995722305135638308e-01 3.000000000000000000e+00
7.058619280711557753e-01 2.000000000000000000e+00
8.112587820678368589e-01 3.000000000000000000e+00
8.534285822712970315e-01 3.000000000000000000e+00
1.435654373527219807e+00 9.000000000000000000e+00
1.270421784354709649e+00 5.000000000000000000e+00
6.917431765716651748e-01 2.000000000000000000e+00
1.454309850163196582e+00 8.000000000000000000e+00
2.141183842489558842e+00 1.200000000000000000e+01
1.349417686042626352e+00 7.000000000000000000e+00
2.105196521315495950e+00 9.000000000000000000e+00
7.979355924304810666e-01 2.000000000000000000e+00
6.889226485612289785e-01 2.000000000000000000e+00
1.069839063539207658e+00 3.000000000000000000e+00
1.219811474009484087e+00 4.000000000000000000e+00
7.369370858498415222e-01 2.000000000000000000e+00
7.361213644049495741e-01 2.000000000000000000e+00
7.885689157164332830e-01 2.000000000000000000e+00
1.347447604702570079e+00 6.000000000000000000e+00
7.234882800825259697e-01 2.000000000000000000e+00
1.308323965493759289e+00 6.000000000000000000e+00
7.022404734135031523e-01 2.000000000000000000e+00
1.258159437602197839e+00 5.000000000000000000e+00
1.238013980922906043e+00 5.000000000000000000e+00
7.442179698629127760e-01 2.000000000000000000e+00
2.223846557672649826e+00 2.100000000000000000e+01
8.100871048844839883e-01 2.000000000000000000e+00
1.355197739548967384e+00 6.000000000000000000e+00
1.453380456542224364e+00 9.000000000000000000e+00
7.361216116468589643e-01 2.000000000000000000e+00
1.264477760527851880e+00 5.000000000000000000e+00
1.384551396083625763e+00 1.100000000000000000e+01
2.208057752206705082e+00 1.100000000000000000e+01
6.768429907791306821e-01 2.000000000000000000e+00
6.902426742218518152e-01 2.000000000000000000e+00
1.520198785856410106e+00 9.000000000000000000e+00
7.885684619408525053e-01 2.000000000000000000e+00
9.063360728579717973e-01 3.000000000000000000e+00
6.615261185320691073e-01 2.000000000000000000e+00
8.843048077910561355e-01 3.000000000000000000e+00
7.353013130231678129e-01 2.000000000000000000e+00
6.644918248809668082e-01 2.000000000000000000e+00
1.356519569182304874e+00 6.000000000000000000e+00
1.532896796441929999e+00 4.000000000000000000e+00
1.240310168796862733e+00 4.000000000000000000e+00
1.269736171627322996e+00 5.000000000000000000e+00
7.567258521641255786e-01 2.000000000000000000e+00
1.225365430845584358e+00 6.000000000000000000e+00
7.446742058114532714e-01 2.000000000000000000e+00
7.326777287230233915e-01 2.000000000000000000e+00
8.444282647426911703e-01 3.000000000000000000e+00
7.508931306567965258e-01 2.000000000000000000e+00
1.409547855031804131e+00 5.000000000000000000e+00
7.276419434264457253e-01 2.000000000000000000e+00
1.981837736885630141e+00 2.200000000000000000e+01
7.953015188803203017e-01 2.000000000000000000e+00
7.175064713646392978e-01 2.000000000000000000e+00
1.378947515694710635e+00 5.000000000000000000e+00
1.451188638752040960e+00 7.000000000000000000e+00
7.485819770295587539e-01 2.000000000000000000e+00
6.816275493260308682e-01 2.000000000000000000e+00
1.240421115999328583e+00 4.000000000000000000e+00
1.405477991140601013e+00 9.000000000000000000e+00
1.800469535784184449e+00 1.000000000000000000e+01
1.739549645085879392e+00 1.200000000000000000e+01
1.290564966591566831e+00 7.000000000000000000e+00
8.174615924924236721e-01 3.000000000000000000e+00
7.179788455565569993e-01 2.000000000000000000e+00
7.465790960106950536e-01 2.000000000000000000e+00
7.501389967866691766e-01 2.000000000000000000e+00
1.406987008323984600e+00 7.000000000000000000e+00
7.734073785316230021e-01 2.000000000000000000e+00
1.080222969610931782e+00 3.000000000000000000e+00
1.458775779131655126e+00 7.000000000000000000e+00
6.641310992193100171e-01 2.000000000000000000e+00
7.710653294847145123e-01 2.000000000000000000e+00
8.254489790412059547e-01 2.000000000000000000e+00
1.030604018278571399e+00 4.000000000000000000e+00
1.238065767743191659e+00 4.000000000000000000e+00
2.544275872709340192e+00 2.800000000000000000e+01
6.835327843886371824e-01 2.000000000000000000e+00
9.619958734104988585e-01 4.000000000000000000e+00
1.309447567064637052e+00 5.000000000000000000e+00
7.447705709371806870e-01 2.000000000000000000e+00
7.031890941751318680e-01 2.000000000000000000e+00
1.199262684600253870e+00 3.000000000000000000e+00
7.813771241639694276e-01 2.000000000000000000e+00
1.162226109543227359e+00 3.000000000000000000e+00
1.500111681684798359e+00 1.000000000000000000e+01
1.809576233490486796e+00 1.000000000000000000e+01
1.066656612452865582e+00 3.000000000000000000e+00
7.147147373137627824e-01 2.000000000000000000e+00
1.758708458132816732e+00 7.000000000000000000e+00
7.073012154191732348e-01 2.000000000000000000e+00
1.509891040313739552e+00 7.000000000000000000e+00
7.571772906659784974e-01 2.000000000000000000e+00
1.209943121712031111e+00 3.000000000000000000e+00
2.685677193159733189e+00 2.900000000000000000e+01
1.780651490695988715e+00 1.300000000000000000e+01
1.442646656577243780e+00 5.000000000000000000e+00
1.381665626068573571e+00 6.000000000000000000e+00
7.206900769170919707e-01 2.000000000000000000e+00
9.971808823089290952e-01 4.000000000000000000e+00
1.398092219845821216e+00 7.000000000000000000e+00
2.685913402474495726e+00 2.900000000000000000e+01
8.238255065153491374e-01 3.000000000000000000e+00
1.172917237112345079e+00 5.000000000000000000e+00
1.603269077070384130e+00 1.400000000000000000e+01
1.894827833975550435e+00 7.000000000000000000e+00
6.963456081335481773e-01 2.000000000000000000e+00
1.780651487070620709e+00 1.300000000000000000e+01
1.135063886111969511e+00 3.000000000000000000e+00
1.260153383669576632e+00 5.000000000000000000e+00
7.326053023286941412e-01 2.000000000000000000e+00
1.375333934684238590e+00 5.000000000000000000e+00
7.643784567654172690e-01 2.000000000000000000e+00
2.822725471358097593e+00 2.700000000000000000e+01
1.519424453623599458e+00 5.000000000000000000e+00
1.338275808148409407e+00 4.000000000000000000e+00
1.062927695391286065e+00 3.000000000000000000e+00
7.430009029829065526e-01 2.000000000000000000e+00
7.059089164570452324e-01 2.000000000000000000e+00
1.159890564380009703e+00 7.000000000000000000e+00
9.918342485224697080e-01 4.000000000000000000e+00
8.325051655051129984e-01 3.000000000000000000e+00
7.649347777861877917e-01 2.000000000000000000e+00
7.693731277588109485e-01 2.000000000000000000e+00
2.822180224575285834e+00 2.700000000000000000e+01
8.344129980171419714e-01 3.000000000000000000e+00
1.107453723694798997e+00 4.000000000000000000e+00
8.297740571991832903e-01 3.000000000000000000e+00
7.910860386204555672e-01 2.000000000000000000e+00
1.519031924822507262e+00 5.000000000000000000e+00
1.417283164376580418e+00 9.000000000000000000e+00
1.876352957306141045e+00 1.100000000000000000e+01
1.599144568986036852e+00 9.000000000000000000e+00
1.179855735123528815e+00 3.000000000000000000e+00
1.329373471992577604e+00 6.000000000000000000e+00
1.131854353266180668e+00 3.000000000000000000e+00
1.526426268247183193e+00 7.000000000000000000e+00
7.062931734304652709e-01 2.000000000000000000e+00
6.986236155234180067e-01 2.000000000000000000e+00
6.810653660504093487e-01 2.000000000000000000e+00
1.206337815130390290e+00 5.000000000000000000e+00
8.224173811574310156e-01 3.000000000000000000e+00
1.010820996542075134e+00 4.000000000000000000e+00
2.654740730611219401e+00 2.200000000000000000e+01
7.117365810116983438e-01 2.000000000000000000e+00
8.375625204305462423e-01 3.000000000000000000e+00
7.783586390605488070e-01 2.000000000000000000e+00
1.284418468194062024e+00 4.000000000000000000e+00
8.621242458801533504e-01 3.000000000000000000e+00
7.523851110524100161e-01 2.000000000000000000e+00
1.489419522695794917e+00 1.000000000000000000e+01
1.759257738254750514e+00 1.100000000000000000e+01
9.780519901731911103e-01 3.000000000000000000e+00
9.954892622150216530e-01 3.000000000000000000e+00
1.524420657192515183e+00 6.000000000000000000e+00
1.561345684575047965e+00 6.000000000000000000e+00
6.583124038023855373e-01 2.000000000000000000e+00
6.697319109171836482e-01 2.000000000000000000e+00
1.614102376342857692e+00 6.000000000000000000e+00
7.619331877978324785e-01 2.000000000000000000e+00
1.138722508096224439e+00 3.000000000000000000e+00
2.753872572217161974e+00 2.800000000000000000e+01
1.415616918467724972e+00 6.000000000000000000e+00
9.744652770110200368e-01 4.000000000000000000e+00
7.214683545847945245e-01 2.000000000000000000e+00
8.077471622197941459e-01 3.000000000000000000e+00
1.050296131951275358e+00 4.000000000000000000e+00
1.000427631802591755e+00 3.000000000000000000e+00
8.601212442527664814e-01 3.000000000000000000e+00
1.048907459887624682e+00 3.000000000000000000e+00
8.321097001798295478e-01 2.000000000000000000e+00
2.753339515921815472e+00 2.800000000000000000e+01
7.869828181098279529e-01 2.000000000000000000e+00
7.697509027818759675e-01 2.000000000000000000e+00
1.514824634270515613e+00 6.000000000000000000e+00
8.581070496977197815e-01 3.000000000000000000e+00
1.498241484074065877e+00 4.000000000000000000e+00
8.145040109375504267e-01 2.000000000000000000e+00
1.286027365096940933e+00 6.000000000000000000e+00
1.896108758624580171e+00 1.300000000000000000e+01
8.322302679043278584e-01 3.000000000000000000e+00
1.130286734810706628e+00 3.000000000000000000e+00
1.444870247968076615e+00 6.000000000000000000e+00
1.086947013397749018e+00 3.000000000000000000e+00
1.067932934770229991e+00 4.000000000000000000e+00
7.829107707780122993e-01 2.000000000000000000e+00
6.927543036077151717e-01 2.000000000000000000e+00
8.688862775609657030e-01 3.000000000000000000e+00
1.205136801547879388e+00 3.000000000000000000e+00
8.799865650999181277e-01 3.000000000000000000e+00
7.236141020370886467e-01 2.000000000000000000e+00
1.122973431424596713e+00 5.000000000000000000e+00
1.238256325408234604e+00 5.000000000000000000e+00
1.400228975124408137e+00 8.000000000000000000e+00
2.768025951749869318e+00 2.800000000000000000e+01
9.024095735226891346e-01 3.000000000000000000e+00
1.120545732651472504e+00 3.000000000000000000e+00
8.035391151027204693e-01 2.000000000000000000e+00
7.862836113642970304e-01 2.000000000000000000e+00
1.068311444601917293e+00 3.000000000000000000e+00
1.052591397210687951e+00 3.000000000000000000e+00
8.688853405167399346e-01 3.000000000000000000e+00
8.040730920342107346e-01 2.000000000000000000e+00
1.194186027942858663e+00 5.000000000000000000e+00
7.661267113431481368e-01 2.000000000000000000e+00
1.783872774516286563e+00 1.000000000000000000e+01
1.535439842656630471e+00 4.000000000000000000e+00
8.176850651553404514e-01 3.000000000000000000e+00
6.933750775497469210e-01 2.000000000000000000e+00
7.874260903949946711e-01 2.000000000000000000e+00
7.073782247387051525e-01 2.000000000000000000e+00
8.018003393407194812e-01 2.000000000000000000e+00
1.045862992700470118e+00 4.000000000000000000e+00
7.240512915764787394e-01 2.000000000000000000e+00
7.148949344952293394e-01 2.000000000000000000e+00
1.613230421814210391e+00 5.000000000000000000e+00
7.630528498522062275e-01 2.000000000000000000e+00
8.029758468302706786e-01 3.000000000000000000e+00
1.496680803840130691e+00 4.000000000000000000e+00
1.089061990315615347e+00 4.000000000000000000e+00
1.095993474423194725e+00 3.000000000000000000e+00
1.258643055566437630e+00 4.000000000000000000e+00
1.459245601308682749e+00 1.100000000000000000e+01
1.454109383738233952e+00 4.000000000000000000e+00
2.517221462158731438e+00 3.000000000000000000e+01
7.946545375405706935e-01 2.000000000000000000e+00
1.095522695845093208e+00 3.000000000000000000e+00
7.556090920582306802e-01 2.000000000000000000e+00
1.213373621736829389e+00 3.000000000000000000e+00
8.792430556263201025e-01 2.000000000000000000e+00
8.029758534722138963e-01 3.000000000000000000e+00
6.999105474988653874e-01 2.000000000000000000e+00
7.309527385543652667e-01 2.000000000000000000e+00
1.149596751549717411e+00 5.000000000000000000e+00
1.905335377760867699e+00 1.000000000000000000e+01
1.163063843029875200e+00 3.000000000000000000e+00
8.854418300536334163e-01 4.000000000000000000e+00
1.601051822809158365e+00 7.000000000000000000e+00
8.176080091749557965e-01 2.000000000000000000e+00
1.068484765294987815e+00 4.000000000000000000e+00
7.030290421930566191e-01 2.000000000000000000e+00
8.301092042397782977e-01 3.000000000000000000e+00
7.751292730894068228e-01 2.000000000000000000e+00
1.193292547444717577e+00 5.000000000000000000e+00
1.456614232525196284e+00 7.000000000000000000e+00
8.323713356474184977e-01 3.000000000000000000e+00
7.225512274114974653e-01 2.000000000000000000e+00
1.261209704313917657e+00 5.000000000000000000e+00
1.374387717789747221e+00 1.000000000000000000e+01
1.524946451988936857e+00 4.000000000000000000e+00
2.306060309088648452e+00 2.600000000000000000e+01
7.653916208932289855e-01 2.000000000000000000e+00
1.229834180397713528e+00 3.000000000000000000e+00
8.118248311789398874e-01 3.000000000000000000e+00
6.946384705370879376e-01 2.000000000000000000e+00
1.624978845272655015e+00 8.000000000000000000e+00
6.696080947093017155e-01 2.000000000000000000e+00
1.193634580009009793e+00 3.000000000000000000e+00
9.300612705422878213e-01 4.000000000000000000e+00
1.270969574339283925e+00 4.000000000000000000e+00
1.504353277043359194e+00 9.000000000000000000e+00
7.751299214767787271e-01 2.000000000000000000e+00
6.920900227571892271e-01 2.000000000000000000e+00
1.114077996006328952e+00 3.000000000000000000e+00
1.022884567251140631e+00 5.000000000000000000e+00
9.255426099804520135e-01 3.000000000000000000e+00
7.188243318085928424e-01 2.000000000000000000e+00
7.095421073951888591e-01 2.000000000000000000e+00
6.631961616547237259e-01 2.000000000000000000e+00
1.810095132709075072e+00 9.000000000000000000e+00
7.093951182757307627e-01 2.000000000000000000e+00
7.475794355786374856e-01 2.000000000000000000e+00
9.739190924472945765e-01 4.000000000000000000e+00
1.198319552718203562e+00 5.000000000000000000e+00
1.535549730937965096e+00 1.200000000000000000e+01
1.098930922909312047e+00 3.000000000000000000e+00
2.464066387111897072e+00 2.800000000000000000e+01
1.394876455700368334e+00 4.000000000000000000e+00
7.528444083387928476e-01 2.000000000000000000e+00
1.222117749494756600e+00 3.000000000000000000e+00
1.048703032886614039e+00 3.000000000000000000e+00
1.975673312624457445e+00 5.000000000000000000e+00
6.726129032859397006e-01 2.000000000000000000e+00
1.217690624121826826e+00 3.000000000000000000e+00
1.626051529189796563e+00 1.000000000000000000e+01
7.246437899640024716e-01 2.000000000000000000e+00
8.501025270193008909e-01 3.000000000000000000e+00
1.315919135543051288e+00 5.000000000000000000e+00
1.585649646967400628e+00 1.300000000000000000e+01
7.095421073951869717e-01 2.000000000000000000e+00
1.184957121604860220e+00 4.000000000000000000e+00
6.629032986296964358e-01 2.000000000000000000e+00
7.750153727513554580e-01 2.000000000000000000e+00
7.415915030079589521e-01 2.000000000000000000e+00
2.503571096054665546e+00 2.400000000000000000e+01
8.455328159744965877e-01 3.000000000000000000e+00
7.398259246834061331e-01 2.000000000000000000e+00
2.027289801150955917e+00 7.000000000000000000e+00
6.917851547506693732e-01 2.000000000000000000e+00
7.053672232722030255e-01 2.000000000000000000e+00
7.105973921286234951e-01 2.000000000000000000e+00
1.328811108340556268e+00 4.000000000000000000e+00
1.535723052136563904e+00 8.000000000000000000e+00
2.503325243810364142e+00 2.400000000000000000e+01
1.142184242814590744e+00 5.000000000000000000e+00
6.847750820527982452e-01 2.000000000000000000e+00
1.268860920464482289e+00 3.000000000000000000e+00
1.233294388967967725e+00 3.000000000000000000e+00
7.914366761571962616e-01 2.000000000000000000e+00
1.501795517656663304e+00 1.000000000000000000e+01
8.008842476708935010e-01 2.000000000000000000e+00
7.081425581526884505e-01 2.000000000000000000e+00
1.652258712983831535e+00 1.600000000000000000e+01
8.455327126866086784e-01 3.000000000000000000e+00
7.771637184875755944e-01 2.000000000000000000e+00
7.577871146745145392e-01 2.000000000000000000e+00
7.010946716862220818e-01 2.000000000000000000e+00
1.315409223321858612e+00 5.000000000000000000e+00
8.777671908933554201e-01 3.000000000000000000e+00
9.091192754530083020e-01 4.000000000000000000e+00
1.652689606360830066e+00 1.400000000000000000e+01
7.256373790216802400e-01 2.000000000000000000e+00
7.480975908931228879e-01 2.000000000000000000e+00
7.527394735233098322e-01 2.000000000000000000e+00
1.245099464688509183e+00 4.000000000000000000e+00
1.219257125587758450e+00 3.000000000000000000e+00
1.541899077871401014e+00 6.000000000000000000e+00
1.448687110519106813e+00 6.000000000000000000e+00
2.285210408068828247e+00 2.500000000000000000e+01
1.189650006452349862e+00 3.000000000000000000e+00
1.019773966234130524e+00 4.000000000000000000e+00
7.661265535147369077e-01 2.000000000000000000e+00
7.339051164831579266e-01 2.000000000000000000e+00
6.921580603447257118e-01 2.000000000000000000e+00
8.631780225425484954e-01 3.000000000000000000e+00
9.091192137633100634e-01 4.000000000000000000e+00
8.119160390706648966e-01 2.000000000000000000e+00
1.200966646688974127e+00 3.000000000000000000e+00
1.070295830825136019e+00 3.000000000000000000e+00
1.501500279591978293e+00 8.000000000000000000e+00
8.777585439105091147e-01 3.000000000000000000e+00
7.192151209716005633e-01 2.000000000000000000e+00
1.652689540421280245e+00 1.400000000000000000e+01
7.531876139670623527e-01 2.000000000000000000e+00
1.101966305203757379e+00 4.000000000000000000e+00
1.549831099266529844e+00 1.000000000000000000e+01
1.321364629215372899e+00 5.000000000000000000e+00
1.678935279744947939e+00 9.000000000000000000e+00
8.015872536205154164e-01 2.000000000000000000e+00
7.915177243752035130e-01 2.000000000000000000e+00
7.030095700510975432e-01 2.000000000000000000e+00
7.678389626739609009e-01 2.000000000000000000e+00
1.198586190775102756e+00 4.000000000000000000e+00
7.737310122172187388e-01 2.000000000000000000e+00
1.852350722739291244e+00 9.000000000000000000e+00
2.169553948901560947e+00 2.300000000000000000e+01
7.253791452291927788e-01 2.000000000000000000e+00
8.765422551773575099e-01 3.000000000000000000e+00
1.321060273078749070e+00 5.000000000000000000e+00
1.008166531878941008e+00 3.000000000000000000e+00
1.239336190127781734e+00 5.000000000000000000e+00
6.603159035644385888e-01 2.000000000000000000e+00
7.006185162652183163e-01 2.000000000000000000e+00
1.293035792931682915e+00 8.000000000000000000e+00
1.218209051401587084e+00 4.000000000000000000e+00
9.654822823122701791e-01 4.000000000000000000e+00
6.973103334719940039e-01 2.000000000000000000e+00
7.854565447351906649e-01 2.000000000000000000e+00
1.678935303756380559e+00 9.000000000000000000e+00
7.610189796145087060e-01 2.000000000000000000e+00
8.425427347861109695e-01 3.000000000000000000e+00
7.699989451183582023e-01 2.000000000000000000e+00
1.361792183791630251e+00 9.000000000000000000e+00
7.462906402111837423e-01 2.000000000000000000e+00
7.379549438597139410e-01 2.000000000000000000e+00
1.055363621847983602e+00 5.000000000000000000e+00
1.402927473671054859e+00 7.000000000000000000e+00
8.495880778355240359e-01 3.000000000000000000e+00
7.351530709088306415e-01 2.000000000000000000e+00
1.565781632315176308e+00 7.000000000000000000e+00
1.737087706028622058e+00 7.000000000000000000e+00
7.870624707736429970e-01 2.000000000000000000e+00
1.229522694773765856e+00 3.000000000000000000e+00
1.049744217761170217e+00 3.000000000000000000e+00
2.088036561078392861e+00 1.200000000000000000e+01
2.298502003717836306e+00 2.500000000000000000e+01
7.469998829764141757e-01 2.000000000000000000e+00
7.578585442988802212e-01 2.000000000000000000e+00
1.368519611204228603e+00 4.000000000000000000e+00
7.102931602517348342e-01 2.000000000000000000e+00
7.368914436109796906e-01 2.000000000000000000e+00
7.546363837421204979e-01 2.000000000000000000e+00
1.888031508302252082e+00 8.000000000000000000e+00
1.055363416547554278e+00 5.000000000000000000e+00
6.978895958532568278e-01 2.000000000000000000e+00
1.472079275818262811e+00 1.000000000000000000e+01
1.402928087383279898e+00 7.000000000000000000e+00
8.495881808929617307e-01 3.000000000000000000e+00
1.268279669064978243e+00 6.000000000000000000e+00
1.325036302050830672e+00 7.000000000000000000e+00
7.043491726412484111e-01 2.000000000000000000e+00
1.369807684510878198e+00 7.000000000000000000e+00
1.722650616091031317e+00 1.100000000000000000e+01
7.672735599730116096e-01 2.000000000000000000e+00
9.738435429896079576e-01 3.000000000000000000e+00
7.360887543859209181e-01 2.000000000000000000e+00
7.855463232681595409e-01 2.000000000000000000e+00
7.238375090450691607e-01 2.000000000000000000e+00
1.230569510744267125e+00 5.000000000000000000e+00
1.958217693746241883e+00 1.200000000000000000e+01
2.157897867193881325e+00 2.400000000000000000e+01
7.368006122192927165e-01 2.000000000000000000e+00
1.316884354325433604e+00 5.000000000000000000e+00
7.721990052226612722e-01 2.000000000000000000e+00
1.759201983534717018e+00 8.000000000000000000e+00
6.990999364663530447e-01 2.000000000000000000e+00
1.039348564085783577e+00 4.000000000000000000e+00
1.179297967986356221e+00 6.000000000000000000e+00
1.722650676154796390e+00 1.100000000000000000e+01
1.402839373602759565e+00 6.000000000000000000e+00
7.596904048799908438e-01 2.000000000000000000e+00
1.364174131286012059e+00 9.000000000000000000e+00
1.661468120123549941e+00 1.000000000000000000e+01
1.229061365399167771e+00 4.000000000000000000e+00
7.507502211127099478e-01 2.000000000000000000e+00
7.383120465404706678e-01 2.000000000000000000e+00
7.251799917492031122e-01 2.000000000000000000e+00
1.073211614488010390e+00 3.000000000000000000e+00
1.844555792745707468e+00 1.100000000000000000e+01
2.081273835076439926e+00 1.900000000000000000e+01
7.551433035083709999e-01 2.000000000000000000e+00
7.723017241770829822e-01 2.000000000000000000e+00
1.400903841572940456e+00 4.000000000000000000e+00
7.096593999941570585e-01 2.000000000000000000e+00
1.989916743739006177e+00 7.000000000000000000e+00
7.489047377448463383e-01 2.000000000000000000e+00
7.433814217259486767e-01 2.000000000000000000e+00
8.084655392574797705e-01 2.000000000000000000e+00
8.817956534508758493e-01 3.000000000000000000e+00
2.274593825760941268e+00 1.300000000000000000e+01
6.921228215187437138e-01 2.000000000000000000e+00
1.661467941996549458e+00 1.000000000000000000e+01
1.403698198336894798e+00 7.000000000000000000e+00
6.860696180667008592e-01 2.000000000000000000e+00
1.067208233837632081e+00 3.000000000000000000e+00
1.217836408237007451e+00 5.000000000000000000e+00
1.571637836797464605e+00 5.000000000000000000e+00
1.552164133391515710e+00 5.000000000000000000e+00
1.216068261546586537e+00 3.000000000000000000e+00
1.386633943802259239e+00 8.000000000000000000e+00
7.228743479564084806e-01 2.000000000000000000e+00
8.621919597398340906e-01 3.000000000000000000e+00
7.583960938169366228e-01 2.000000000000000000e+00
1.875758066447566597e+00 9.000000000000000000e+00
1.907942902549222497e+00 1.700000000000000000e+01
1.438467704698227267e+00 4.000000000000000000e+00
8.426016281161859967e-01 3.000000000000000000e+00
1.037690739151756247e+00 4.000000000000000000e+00
7.996514328133271787e-01 2.000000000000000000e+00
1.261493124494529328e+00 5.000000000000000000e+00
7.798822422862455861e-01 2.000000000000000000e+00
1.167910939960995265e+00 5.000000000000000000e+00
8.145807106525341235e-01 2.000000000000000000e+00
8.144445394210699796e-01 3.000000000000000000e+00
1.552164332245185019e+00 5.000000000000000000e+00
1.233212945723627385e+00 4.000000000000000000e+00
7.196647794869944770e-01 2.000000000000000000e+00
1.571637912854078500e+00 5.000000000000000000e+00
1.477900809527907144e+00 7.000000000000000000e+00
