# size duration
9.749999999999996447e-01 9.796623422349126642e+00
1.800000000000000711e+00 5.864000721880545441e+00
9.750000000000014211e-01 1.606078733573330419e+00
2.099999999999972999e-01 1.030928575844536343e-01
1.365000000000001990e+00 1.153489266109537725e+00
4.800000000000004263e-01 2.607023157452064144e-01
4.950000000000045475e-01 3.361895980177359022e-01
2.550000000000025580e-01 1.189820435271021909e-01
1.649999999999991473e-01 8.384016325988963292e-02
6.599999999999965894e-01 5.677402598455734140e-01
1.304999999999999716e+00 1.012678647188489434e+00
8.249999999999957367e-01 6.980800010028737068e-01
5.700000000000002842e-01 4.630492785873953632e-01
1.199999999999974420e-01 5.657837482707075982e-02
3.599999999999994316e-01 2.414387642184726290e-01
4.649999999999963052e-01 3.519802562230552323e-01
3.449999999999988631e-01 1.789989973477041363e-01
9.899999999999948841e-01 5.742626086448002765e-01
2.399999999999948841e-01 1.123722928127804666e-01
6.000000000000227374e-02 2.714490438006524758e-02
3.000000000000113687e-02 1.350489131708295168e-02
2.699999999999960210e-01 1.605064258305138325e-01
4.050000000000011369e-01 2.443198689428177084e-01
1.170000000000001705e+00 1.713111658208047894e+00
1.590000000000003411e+00 2.489839044672280455e+00
5.100000000000051159e-01 4.537762070269918402e-01
8.400000000000034106e-01 7.287627015737558889e-01
2.355000000000003979e+00 3.193774734962827822e+00
3.750000000000000000e-01 2.318340399425995735e-01
6.299999999999954525e-01 5.816255852641111224e-01
1.004999999999995453e+00 1.014386561070434345e+00
2.355000000000003979e+00 3.642601850052070045e+00
2.999999999999971578e-01 1.852121771539881889e-01
