# size duration
5.499999999999998224e-01 1.078622568977908314e+00
1.599999999999996980e-01 2.448461354345758401e-01
1.330000000000000515e+00 3.734423338197181419e+00
1.199999999999992184e-01 1.885470804253746580e-01
1.449999999999995737e-01 1.955355471695062464e-01
1.050000000000004263e-01 1.457047678110505173e-01
5.999999999999960920e-02 7.935886593505778186e-02
9.499999999999975131e-02 1.277165530608503352e-01
1.100000000000003197e-01 2.307901335387245179e-01
5.499999999999971578e-02 4.887382132484081876e-02
1.150000000000002132e-01 1.479118133011702585e-01
4.000000000000003553e-02 3.956763175910682495e-02
5.999999999999960920e-02 7.634615583806093897e-02
1.150000000000002132e-01 2.244847222312195134e-01
3.500000000000014211e-02 3.084672001570092775e-02
6.499999999999950262e-02 6.973292777153244915e-02
1.500000000000056843e-02 1.270346765176885717e-02
3.500000000000014211e-02 3.211349293577829556e-02
1.049999999999986500e-01 1.529892849524878695e-01
6.499999999999950262e-02 5.964172773951062489e-02
7.500000000000106581e-02 7.550418667468136724e-02
4.499999999999992895e-02 4.277323917048052315e-02
2.499999999999857891e-02 2.223862730573437571e-02
2.500000000000035527e-02 2.167199842906140581e-02
7.499999999999928946e-02 9.335321730932509554e-02
5.000000000000071054e-02 4.479692793590746985e-02
8.500000000000085265e-02 9.505620538361214678e-02
