# freq power
0.000000000000000000e+00 4.812493776993162461e-25
1.000000000000000000e+00 4.460672689160351292e+05
2.000000000000000000e+00 2.351124847262380063e+05
3.000000000000000000e+00 1.392531927584468503e+05
4.000000000000000000e+00 7.615937275590920763e+04
5.000000000000000000e+00 4.819991240689066763e+04
6.000000000000000000e+00 3.058450470315004350e+04
7.000000000000000000e+00 1.939161508303172013e+04
8.000000000000000000e+00 1.513369792633226280e+04
9.000000000000000000e+00 1.064441038759798539e+04
1.000000000000000000e+01 8.243587742356798117e+03
1.100000000000000000e+01 6.955564217067419122e+03
1.200000000000000000e+01 7.930494549800062487e+03
1.300000000000000000e+01 5.914511620309190221e+03
1.400000000000000000e+01 4.451468758818531569e+03
1.500000000000000000e+01 4.661733775015715764e+03
1.600000000000000000e+01 3.675412456252884567e+03
1.700000000000000000e+01 3.256835341756151138e+03
1.800000000000000000e+01 3.010282650611834924e+03
1.900000000000000000e+01 2.681340194502879513e+03
2.000000000000000000e+01 3.624230453258024227e+03
2.100000000000000000e+01 2.241293518365098862e+03
2.200000000000000000e+01 2.178920529554951372e+03
2.300000000000000000e+01 1.947428715247915534e+03
2.400000000000000000e+01 1.865223442594202652e+03
2.500000000000000000e+01 1.169786281791778720e+03
2.600000000000000000e+01 1.213342600950172709e+03
2.700000000000000000e+01 1.659623467333747612e+03
2.800000000000000000e+01 8.182277203516885038e+02
2.900000000000000000e+01 1.189708282622806792e+03
3.000000000000000000e+01 1.020507193195143827e+03
3.100000000000000000e+01 9.602657411761633739e+02
3.200000000000000000e+01 1.138081412509179927e+03
3.300000000000000000e+01 1.273534460627261296e+03
3.400000000000000000e+01 1.008360357264919344e+03
3.500000000000000000e+01 5.861522938254320252e+02
3.600000000000000000e+01 8.612835927941608816e+02
3.700000000000000000e+01 4.709331324199424103e+02
3.800000000000000000e+01 6.367602610835207315e+02
3.900000000000000000e+01 8.270285842522058601e+02
4.000000000000000000e+01 8.550875757705349542e+02
4.100000000000000000e+01 6.837361121648444851e+02
4.200000000000000000e+01 4.937486555524170058e+02
4.300000000000000000e+01 7.862193023219443830e+02
4.400000000000000000e+01 6.286912714713719197e+02
4.500000000000000000e+01 3.907551002030389213e+02
4.600000000000000000e+01 3.727649374553388952e+02
4.700000000000000000e+01 2.928634700659346208e+02
4.800000000000000000e+01 4.890539645125114703e+02
4.900000000000000000e+01 5.153322544817118569e+02
5.000000000000000000e+01 3.162131638308704282e+02
5.100000000000000000e+01 4.309189799484803416e+02
5.200000000000000000e+01 3.889551392648446040e+02
5.300000000000000000e+01 3.874413692040675414e+02
5.400000000000000000e+01 3.992424842053236489e+02
5.500000000000000000e+01 3.152035852785693919e+02
5.600000000000000000e+01 3.634649684616504146e+02
5.700000000000000000e+01 2.314481740235265192e+02
5.800000000000000000e+01 2.991769934598553959e+02
5.900000000000000000e+01 4.014944101124179383e+02
6.000000000000000000e+01 1.305569542905795117e+02
6.100000000000000000e+01 2.259349876343186452e+02
6.200000000000000000e+01 2.822310108153569672e+02
6.300000000000000000e+01 1.963209278127730499e+02
6.400000000000000000e+01 2.408369918660019096e+02
6.500000000000000000e+01 2.232054679406932109e+02
6.600000000000000000e+01 3.045520527122126850e+02
6.700000000000000000e+01 2.154414099526348991e+02
6.800000000000000000e+01 1.898464774619614275e+02
6.900000000000000000e+01 3.165735800653209822e+02
7.000000000000000000e+01 2.271754654801920310e+02
7.100000000000000000e+01 2.160474253232500246e+02
7.200000000000000000e+01 1.568601101289566770e+02
7.300000000000000000e+01 2.368796354890983196e+02
7.400000000000000000e+01 1.382945392224802390e+02
7.500000000000000000e+01 1.163491425267862382e+02
7.600000000000000000e+01 1.679335122550771473e+02
7.700000000000000000e+01 1.789783054906409916e+02
7.800000000000000000e+01 1.715717628913013755e+02
7.900000000000000000e+01 1.282559570919852376e+02
8.000000000000000000e+01 1.579597288589953337e+02
8.100000000000000000e+01 1.685086773871462924e+02
8.200000000000000000e+01 1.665711196564626277e+02
8.300000000000000000e+01 1.230384477410768795e+02
8.400000000000000000e+01 1.454711874379603955e+02
8.500000000000000000e+01 1.078115376058071888e+02
8.600000000000000000e+01 1.684662172364498076e+02
8.700000000000000000e+01 1.676750205029044025e+02
8.800000000000000000e+01 1.387208715520299904e+02
8.900000000000000000e+01 1.095845187278390824e+02
9.000000000000000000e+01 1.336509430729996097e+02
9.100000000000000000e+01 1.430796791439829576e+02
9.200000000000000000e+01 1.814525812765869830e+02
9.300000000000000000e+01 1.111201856675282613e+02
9.400000000000000000e+01 8.205805118787890251e+01
9.500000000000000000e+01 1.334457372471077576e+02
9.600000000000000000e+01 1.132782376917383118e+02
9.700000000000000000e+01 9.441980434128386435e+01
9.800000000000000000e+01 1.110958148772147922e+02
9.900000000000000000e+01 1.262062240886055378e+02
1.000000000000000000e+02 1.021077585829339540e+02
1.010000000000000000e+02 7.178492110923816938e+01
1.020000000000000000e+02 8.263718196277351069e+01
1.030000000000000000e+02 1.205765120682742264e+02
1.040000000000000000e+02 1.170060096905641274e+02
1.050000000000000000e+02 6.931394645588633807e+01
1.060000000000000000e+02 9.480069750315823285e+01
1.070000000000000000e+02 1.084519334158478614e+02
1.080000000000000000e+02 6.613540175967223433e+01
1.090000000000000000e+02 8.898922947752471657e+01
1.100000000000000000e+02 9.911409819634673113e+01
1.110000000000000000e+02 7.691335059800218232e+01
1.120000000000000000e+02 6.279169544373161926e+01
1.130000000000000000e+02 5.978013170494722317e+01
1.140000000000000000e+02 9.584117852642462765e+01
1.150000000000000000e+02 5.344717658077361477e+01
1.160000000000000000e+02 8.170853617244674183e+01
1.170000000000000000e+02 6.398353678816678070e+01
1.180000000000000000e+02 9.075714022333993114e+01
1.190000000000000000e+02 5.319666909454412007e+01
1.200000000000000000e+02 5.151587263250921467e+01
1.210000000000000000e+02 8.719769467793700812e+01
1.220000000000000000e+02 6.938572342395231374e+01
1.230000000000000000e+02 8.400917393951496592e+01
1.240000000000000000e+02 5.799964034537278224e+01
1.250000000000000000e+02 8.240800550652026857e+01
1.260000000000000000e+02 6.774640699285714618e+01
1.270000000000000000e+02 3.119972933007496607e+01
1.280000000000000000e+02 8.609887179097290755e+01
1.290000000000000000e+02 7.284414566753591203e+01
1.300000000000000000e+02 5.260979640813169311e+01
1.310000000000000000e+02 5.351607335528809983e+01
1.320000000000000000e+02 5.913725629964294228e+01
1.330000000000000000e+02 6.823659200629130339e+01
1.340000000000000000e+02 5.032482082664266443e+01
1.350000000000000000e+02 5.743932381039574864e+01
1.360000000000000000e+02 5.775203171418675652e+01
1.370000000000000000e+02 4.334532167637271272e+01
1.380000000000000000e+02 5.067645416532440095e+01
1.390000000000000000e+02 4.910363651001959795e+01
1.400000000000000000e+02 6.084267768276115618e+01
1.410000000000000000e+02 7.020486803459596103e+01
1.420000000000000000e+02 4.901631748880257078e+01
1.430000000000000000e+02 4.364762102139692246e+01
1.440000000000000000e+02 3.712637483752838108e+01
1.450000000000000000e+02 3.926840234613626279e+01
1.460000000000000000e+02 6.024729652462037421e+01
1.470000000000000000e+02 4.647028178322162972e+01
1.480000000000000000e+02 5.474379852389383672e+01
1.490000000000000000e+02 4.786248026350183693e+01
1.500000000000000000e+02 4.247932942556654012e+01
1.510000000000000000e+02 5.068558175099909846e+01
1.520000000000000000e+02 3.267922109507860995e+01
1.530000000000000000e+02 5.059696798331753342e+01
1.540000000000000000e+02 4.098614043757694958e+01
1.550000000000000000e+02 3.886646002319599091e+01
1.560000000000000000e+02 4.466171547235573769e+01
1.570000000000000000e+02 3.957121984293085148e+01
1.580000000000000000e+02 3.599381942541111812e+01
1.590000000000000000e+02 3.786587889342740709e+01
1.600000000000000000e+02 4.804291228659862156e+01
1.610000000000000000e+02 3.830853863634133916e+01
1.620000000000000000e+02 4.227407434688623056e+01
1.630000000000000000e+02 3.811315469185902316e+01
1.640000000000000000e+02 4.272212326349021083e+01
1.650000000000000000e+02 3.557586919676878523e+01
1.660000000000000000e+02 4.155462042592739635e+01
1.670000000000000000e+02 3.547734406732968182e+01
1.680000000000000000e+02 3.178223448893076508e+01
1.690000000000000000e+02 4.092454788503729191e+01
1.700000000000000000e+02 3.331363917312002343e+01
1.710000000000000000e+02 3.039988725784117207e+01
1.720000000000000000e+02 4.301183761285956564e+01
1.730000000000000000e+02 3.345578042449669454e+01
1.740000000000000000e+02 3.738526182828648814e+01
1.750000000000000000e+02 3.716750099252375605e+01
1.760000000000000000e+02 3.688451669246708775e+01
1.770000000000000000e+02 3.291483590661243852e+01
1.780000000000000000e+02 3.240556615110507011e+01
1.790000000000000000e+02 3.988619231207096050e+01
1.800000000000000000e+02 3.643868541405228711e+01
1.810000000000000000e+02 2.526211040636116323e+01
1.820000000000000000e+02 2.846925084588973220e+01
1.830000000000000000e+02 3.144091988198420040e+01
1.840000000000000000e+02 3.012398202888726928e+01
1.850000000000000000e+02 3.094196538472941782e+01
1.860000000000000000e+02 3.573319495751682240e+01
1.870000000000000000e+02 2.757330751960972393e+01
1.880000000000000000e+02 2.955964517509296385e+01
1.890000000000000000e+02 3.112850484936904394e+01
1.900000000000000000e+02 2.825303102602096317e+01
1.910000000000000000e+02 2.645969556803469658e+01
1.920000000000000000e+02 2.732835145137008226e+01
1.930000000000000000e+02 3.106115078428916121e+01
1.940000000000000000e+02 2.578994868413596464e+01
1.950000000000000000e+02 3.162111107435165636e+01
1.960000000000000000e+02 2.812114535717476471e+01
1.970000000000000000e+02 2.315416687764838244e+01
1.980000000000000000e+02 2.388737012505465529e+01
1.990000000000000000e+02 2.786076339843118888e+01
2.000000000000000000e+02 2.320492133600926721e+01
2.010000000000000000e+02 2.531212795113406955e+01
2.020000000000000000e+02 2.499489101912902100e+01
2.030000000000000000e+02 2.330339904656491257e+01
2.040000000000000000e+02 2.634019725376466425e+01
2.050000000000000000e+02 2.230853906173263468e+01
2.060000000000000000e+02 2.051113171028570648e+01
2.070000000000000000e+02 2.604647188179833606e+01
2.080000000000000000e+02 2.248742682224532174e+01
2.090000000000000000e+02 2.398356752784741275e+01
2.100000000000000000e+02 2.366210614252783984e+01
2.110000000000000000e+02 2.314311015854420717e+01
2.120000000000000000e+02 2.407529994356928782e+01
2.130000000000000000e+02 2.544461180501122044e+01
2.140000000000000000e+02 2.090928587795859173e+01
2.150000000000000000e+02 2.350218445291565672e+01
2.160000000000000000e+02 2.299444047167074245e+01
2.170000000000000000e+02 1.831692502237185849e+01
2.180000000000000000e+02 2.446170813885292006e+01
2.190000000000000000e+02 2.114443441521875755e+01
2.200000000000000000e+02 2.509407880152222248e+01
2.210000000000000000e+02 1.863981989561563779e+01
2.220000000000000000e+02 2.200267162073475902e+01
2.230000000000000000e+02 2.085563876541105444e+01
2.240000000000000000e+02 1.929851288114240404e+01
2.250000000000000000e+02 2.035935988478587433e+01
2.260000000000000000e+02 2.227063276383209001e+01
2.270000000000000000e+02 2.015692821255149170e+01
2.280000000000000000e+02 2.021621153030494966e+01
2.290000000000000000e+02 1.707116269136715303e+01
2.300000000000000000e+02 1.807523966110534275e+01
2.310000000000000000e+02 1.904805237283711961e+01
2.320000000000000000e+02 1.849930136412997683e+01
2.330000000000000000e+02 2.061835266842427217e+01
2.340000000000000000e+02 1.818343290275567981e+01
2.350000000000000000e+02 1.854247449692968530e+01
2.360000000000000000e+02 1.781173553576970647e+01
2.370000000000000000e+02 1.861902222425191056e+01
2.380000000000000000e+02 1.593349811817275530e+01
2.390000000000000000e+02 1.746416506703519644e+01
2.400000000000000000e+02 1.869850888910095676e+01
2.410000000000000000e+02 1.926367627799922388e+01
2.420000000000000000e+02 1.661995599006963076e+01
2.430000000000000000e+02 1.569702057082243130e+01
2.440000000000000000e+02 1.637341150195366524e+01
2.450000000000000000e+02 1.713393437993703827e+01
2.460000000000000000e+02 1.834839358006766474e+01
2.470000000000000000e+02 1.625391230631699457e+01
2.480000000000000000e+02 1.696951569676107852e+01
2.490000000000000000e+02 1.607105603823730533e+01
2.500000000000000000e+02 1.593214644281684933e+01
2.510000000000000000e+02 1.561237281268598309e+01
2.520000000000000000e+02 1.669923664249666828e+01
2.530000000000000000e+02 1.586077944446395094e+01
2.540000000000000000e+02 1.710269506496003800e+01
2.550000000000000000e+02 1.679133311908691795e+01
2.560000000000000000e+02 1.571985809753522823e+01
2.570000000000000000e+02 1.607264458925501316e+01
2.580000000000000000e+02 1.539329686426646404e+01
2.590000000000000000e+02 1.648376093421674682e+01
2.600000000000000000e+02 1.470313672247313974e+01
2.610000000000000000e+02 1.737301576833067784e+01
2.620000000000000000e+02 1.635391607187474960e+01
2.630000000000000000e+02 1.685278733589428768e+01
2.640000000000000000e+02 1.410001775168647420e+01
2.650000000000000000e+02 1.597281844691546837e+01
2.660000000000000000e+02 1.537772901896874345e+01
2.670000000000000000e+02 1.584774587442258387e+01
2.680000000000000000e+02 1.536108370538449286e+01
2.690000000000000000e+02 1.509163270883380470e+01
2.700000000000000000e+02 1.464106284453610130e+01
2.710000000000000000e+02 1.437824127062317636e+01
2.720000000000000000e+02 1.339123884416314958e+01
2.730000000000000000e+02 1.424773297280179207e+01
2.740000000000000000e+02 1.404803783606281975e+01
2.750000000000000000e+02 1.415755415738956735e+01
2.760000000000000000e+02 1.530900184472443115e+01
2.770000000000000000e+02 1.422325305442783616e+01
2.780000000000000000e+02 1.314806987346980272e+01
2.790000000000000000e+02 1.371806464553850802e+01
2.800000000000000000e+02 1.391652887259477644e+01
2.810000000000000000e+02 1.412124006152118127e+01
2.820000000000000000e+02 1.391983810975932911e+01
2.830000000000000000e+02 1.309474839824263803e+01
2.840000000000000000e+02 1.267242400333579155e+01
2.850000000000000000e+02 1.350778092600176450e+01
2.860000000000000000e+02 1.341353874262980383e+01
2.870000000000000000e+02 1.279792682492640488e+01
2.880000000000000000e+02 1.280482464549241683e+01
2.890000000000000000e+02 1.453486747985379779e+01
2.900000000000000000e+02 1.297852189616734897e+01
2.910000000000000000e+02 1.322736859392110809e+01
2.920000000000000000e+02 1.338273213793561212e+01
2.930000000000000000e+02 1.212605152102405270e+01
2.940000000000000000e+02 1.243743025992501394e+01
2.950000000000000000e+02 1.299657578704099770e+01
2.960000000000000000e+02 1.407483868138116812e+01
2.970000000000000000e+02 1.287080046130756905e+01
2.980000000000000000e+02 1.279587667162750719e+01
2.990000000000000000e+02 1.203811642737844778e+01
3.000000000000000000e+02 1.164196448061163380e+01
3.010000000000000000e+02 1.161321766250950205e+01
3.020000000000000000e+02 1.248389333446579563e+01
3.030000000000000000e+02 1.161773852078058411e+01
3.040000000000000000e+02 1.194320210688710659e+01
3.050000000000000000e+02 1.246356081506698743e+01
3.060000000000000000e+02 1.246415461316423290e+01
3.070000000000000000e+02 1.135773164302443305e+01
3.080000000000000000e+02 1.155293862878392552e+01
3.090000000000000000e+02 1.128730748703488196e+01
3.100000000000000000e+02 1.135554072577467721e+01
3.110000000000000000e+02 1.093270654820783605e+01
3.120000000000000000e+02 1.180707688769980557e+01
3.130000000000000000e+02 1.075018323351087801e+01
3.140000000000000000e+02 1.202967486236975070e+01
3.150000000000000000e+02 1.164751524080984701e+01
3.160000000000000000e+02 1.135194688981164468e+01
3.170000000000000000e+02 1.172327941126518880e+01
3.180000000000000000e+02 1.121699867100244674e+01
3.190000000000000000e+02 1.074790599483002218e+01
3.200000000000000000e+02 1.122874691395403879e+01
3.210000000000000000e+02 1.136748904850082909e+01
3.220000000000000000e+02 1.144589036658331160e+01
3.230000000000000000e+02 1.069566539337264821e+01
3.240000000000000000e+02 1.127341069944376528e+01
3.250000000000000000e+02 1.077453580306004710e+01
3.260000000000000000e+02 1.018591018466696063e+01
3.270000000000000000e+02 1.116376720023394498e+01
3.280000000000000000e+02 1.073568684705559662e+01
3.290000000000000000e+02 1.030251591116964782e+01
3.300000000000000000e+02 1.057633840700282235e+01
3.310000000000000000e+02 1.098187348939415031e+01
3.320000000000000000e+02 9.983813913255705330e+00
3.330000000000000000e+02 1.041818723228470667e+01
3.340000000000000000e+02 1.017190000079807177e+01
3.350000000000000000e+02 1.038683691005246246e+01
3.360000000000000000e+02 1.021064838202104852e+01
3.370000000000000000e+02 1.049513787383575192e+01
3.380000000000000000e+02 1.005596625831824831e+01
3.390000000000000000e+02 1.015251509367427296e+01
3.400000000000000000e+02 1.023223773307782025e+01
3.410000000000000000e+02 1.021750595914102355e+01
3.420000000000000000e+02 9.421533165120569819e+00
3.430000000000000000e+02 9.847130920236205398e+00
3.440000000000000000e+02 9.665006681451334458e+00
3.450000000000000000e+02 9.237192411053973373e+00
3.460000000000000000e+02 9.914439580207822900e+00
3.470000000000000000e+02 9.320822104793872853e+00
3.480000000000000000e+02 9.792837709353911180e+00
3.490000000000000000e+02 1.007819547143119010e+01
3.500000000000000000e+02 9.790429581835798700e+00
3.510000000000000000e+02 9.482570331967414390e+00
3.520000000000000000e+02 9.280880594898924585e+00
3.530000000000000000e+02 9.215963385217174064e+00
3.540000000000000000e+02 8.586482413887788212e+00
3.550000000000000000e+02 9.471512489496445752e+00
3.560000000000000000e+02 8.848530575245206364e+00
3.570000000000000000e+02 8.927808302861572898e+00
3.580000000000000000e+02 8.932597262737493438e+00
3.590000000000000000e+02 9.143163278427293150e+00
3.600000000000000000e+02 8.983520665464540755e+00
3.610000000000000000e+02 9.376356354239842261e+00
3.620000000000000000e+02 9.147514198133139374e+00
3.630000000000000000e+02 8.915529204636207794e+00
3.640000000000000000e+02 8.986900481486204129e+00
3.650000000000000000e+02 9.081419391169752942e+00
3.660000000000000000e+02 8.350084213322515936e+00
3.670000000000000000e+02 8.813684970423292242e+00
3.680000000000000000e+02 9.037229885000432006e+00
3.690000000000000000e+02 8.608258940250456348e+00
3.700000000000000000e+02 8.876767449756613360e+00
3.710000000000000000e+02 8.643681597793904103e+00
3.720000000000000000e+02 8.846298824543511685e+00
3.730000000000000000e+02 8.688473811266865354e+00
3.740000000000000000e+02 8.363861676181386429e+00
3.750000000000000000e+02 8.405242976771823749e+00
3.760000000000000000e+02 8.677124153842523668e+00
3.770000000000000000e+02 8.312572159155944718e+00
3.780000000000000000e+02 8.445977899943761358e+00
3.790000000000000000e+02 8.591368976004876146e+00
3.800000000000000000e+02 8.724758141411260937e+00
3.810000000000000000e+02 8.260251134208422386e+00
3.820000000000000000e+02 8.213369624098305621e+00
3.830000000000000000e+02 8.351996356601340210e+00
3.840000000000000000e+02 7.794171105522373466e+00
3.850000000000000000e+02 7.985412137241792330e+00
3.860000000000000000e+02 7.840731194948630467e+00
3.870000000000000000e+02 8.163992367298126496e+00
3.880000000000000000e+02 8.245497559445070124e+00
3.890000000000000000e+02 8.061825568113162532e+00
3.900000000000000000e+02 7.535198560660509415e+00
3.910000000000000000e+02 7.904441777076697484e+00
3.920000000000000000e+02 7.798171557363633433e+00
3.930000000000000000e+02 7.834127332650434816e+00
3.940000000000000000e+02 8.079827873366916435e+00
3.950000000000000000e+02 7.934378516854498464e+00
3.960000000000000000e+02 7.669096617221943468e+00
3.970000000000000000e+02 7.734323194582120031e+00
3.980000000000000000e+02 7.894726041423384189e+00
3.990000000000000000e+02 7.618032800649645608e+00
4.000000000000000000e+02 7.640586973741741339e+00
4.010000000000000000e+02 7.909262288946340647e+00
4.020000000000000000e+02 7.637886597664411248e+00
4.030000000000000000e+02 7.500244398242434052e+00
4.040000000000000000e+02 7.743050077904553241e+00
4.050000000000000000e+02 7.701621019789052447e+00
4.060000000000000000e+02 7.438513380360106453e+00
4.070000000000000000e+02 7.499023662516465016e+00
4.080000000000000000e+02 7.835571555676250632e+00
4.090000000000000000e+02 7.614610751998435845e+00
4.100000000000000000e+02 7.402595043390891583e+00
4.110000000000000000e+02 7.565116076988604554e+00
4.120000000000000000e+02 7.071890186368969822e+00
4.130000000000000000e+02 7.468626695629602352e+00
4.140000000000000000e+02 7.413305231883939861e+00
4.150000000000000000e+02 7.415626111538511367e+00
4.160000000000000000e+02 7.045846532801390616e+00
4.170000000000000000e+02 7.514141973026461585e+00
4.180000000000000000e+02 7.212186361316238248e+00
4.190000000000000000e+02 7.004805113842774489e+00
4.200000000000000000e+02 6.952705585086420115e+00
4.210000000000000000e+02 7.173841484132594815e+00
4.220000000000000000e+02 7.024604827505281257e+00
4.230000000000000000e+02 7.378963510765163214e+00
4.240000000000000000e+02 6.922703526931734963e+00
4.250000000000000000e+02 6.947332149252465783e+00
4.260000000000000000e+02 6.987948695970212398e+00
4.270000000000000000e+02 6.876027354513291279e+00
4.280000000000000000e+02 6.970374628148591434e+00
4.290000000000000000e+02 6.767267956816303887e+00
4.300000000000000000e+02 6.957349087575296132e+00
4.310000000000000000e+02 6.965926711877595601e+00
4.320000000000000000e+02 7.097365717655693018e+00
4.330000000000000000e+02 6.615390959867095688e+00
4.340000000000000000e+02 6.632431276876697979e+00
4.350000000000000000e+02 6.870802805803651658e+00
4.360000000000000000e+02 6.900373932883127281e+00
4.370000000000000000e+02 6.507985689866813139e+00
4.380000000000000000e+02 6.773902900324499932e+00
4.390000000000000000e+02 6.686809342514292709e+00
4.400000000000000000e+02 6.647106406278909141e+00
4.410000000000000000e+02 6.872392354422948380e+00
4.420000000000000000e+02 6.527437204616981070e+00
4.430000000000000000e+02 6.574714535907868473e+00
4.440000000000000000e+02 6.418346474797822943e+00
4.450000000000000000e+02 6.370261053014195873e+00
4.460000000000000000e+02 6.522701798801616491e+00
4.470000000000000000e+02 6.728794260714058950e+00
4.480000000000000000e+02 6.527721608832280253e+00
4.490000000000000000e+02 6.697540390445838376e+00
4.500000000000000000e+02 6.178280372623161654e+00
4.510000000000000000e+02 6.601796610394552900e+00
4.520000000000000000e+02 6.519448115536091493e+00
4.530000000000000000e+02 6.449768670911614876e+00
4.540000000000000000e+02 6.309962633786857289e+00
4.550000000000000000e+02 6.394879864419938720e+00
4.560000000000000000e+02 6.339222034960602770e+00
4.570000000000000000e+02 6.335429637538434910e+00
4.580000000000000000e+02 6.451564277104934853e+00
4.590000000000000000e+02 6.225334562169116737e+00
4.600000000000000000e+02 6.509551586186520744e+00
4.610000000000000000e+02 6.265754901572639923e+00
4.620000000000000000e+02 6.247161331202075729e+00
4.630000000000000000e+02 6.137658920256051864e+00
4.640000000000000000e+02 6.060048231953037323e+00
4.650000000000000000e+02 6.072590515837540615e+00
4.660000000000000000e+02 6.167345919615842220e+00
4.670000000000000000e+02 6.208875858254828017e+00
4.680000000000000000e+02 6.184755221576494932e+00
4.690000000000000000e+02 6.129735931876716393e+00
4.700000000000000000e+02 5.902112009202084231e+00
4.710000000000000000e+02 6.002204886890350366e+00
4.720000000000000000e+02 6.086779833020210084e+00
4.730000000000000000e+02 6.051133512523528601e+00
4.740000000000000000e+02 5.823650569977067981e+00
4.750000000000000000e+02 6.027500671175071822e+00
4.760000000000000000e+02 6.152512476455072488e+00
4.770000000000000000e+02 5.940893421228549798e+00
4.780000000000000000e+02 6.030963591119451017e+00
4.790000000000000000e+02 5.990214758204261969e+00
4.800000000000000000e+02 6.001970298860359598e+00
4.810000000000000000e+02 5.929072175742113870e+00
4.820000000000000000e+02 6.029648036029792380e+00
4.830000000000000000e+02 5.888244176100015714e+00
4.840000000000000000e+02 5.754616467156493442e+00
4.850000000000000000e+02 5.787881942163589422e+00
4.860000000000000000e+02 5.903866374854987775e+00
4.870000000000000000e+02 5.829131302765253153e+00
4.880000000000000000e+02 5.714164744612912017e+00
4.890000000000000000e+02 5.975123999293734833e+00
4.900000000000000000e+02 5.818544890290225702e+00
4.910000000000000000e+02 5.744253158781848612e+00
4.920000000000000000e+02 5.742639593702987710e+00
4.930000000000000000e+02 5.768536493710730184e+00
4.940000000000000000e+02 5.845746956902437397e+00
4.950000000000000000e+02 5.818089626192557873e+00
4.960000000000000000e+02 5.786757695144859603e+00
4.970000000000000000e+02 5.770822261604616088e+00
4.980000000000000000e+02 5.667187853043455625e+00
4.990000000000000000e+02 5.495899666193944100e+00
5.000000000000000000e+02 5.568993867719636448e+00
5.010000000000000000e+02 5.755082473190446635e+00
5.020000000000000000e+02 5.401695161591827166e+00
5.030000000000000000e+02 5.584809416891934220e+00
5.040000000000000000e+02 5.529209921452229004e+00
5.050000000000000000e+02 5.658457306670880982e+00
5.060000000000000000e+02 5.622344361092141085e+00
5.070000000000000000e+02 5.486542164503319441e+00
5.080000000000000000e+02 5.593031312817591250e+00
5.090000000000000000e+02 5.595549850655030077e+00
5.100000000000000000e+02 5.570425005334529445e+00
5.110000000000000000e+02 5.403093757236559824e+00
5.120000000000000000e+02 5.496458067389413671e+00
5.130000000000000000e+02 5.544307926305362066e+00
5.140000000000000000e+02 5.351774256774261218e+00
5.150000000000000000e+02 5.353286182725707221e+00
5.160000000000000000e+02 5.353645412030359374e+00
5.170000000000000000e+02 5.399246379923853922e+00
5.180000000000000000e+02 5.424252473373318395e+00
5.190000000000000000e+02 5.418549313503237208e+00
5.200000000000000000e+02 5.397543526011651771e+00
5.210000000000000000e+02 5.378121749332239965e+00
5.220000000000000000e+02 5.415878168950726490e+00
5.230000000000000000e+02 5.419638023291360795e+00
5.240000000000000000e+02 5.202624477498930311e+00
5.250000000000000000e+02 5.198195779949367434e+00
5.260000000000000000e+02 5.283109020936712419e+00
5.270000000000000000e+02 5.413498706407018801e+00
5.280000000000000000e+02 5.363330129604237051e+00
5.290000000000000000e+02 5.302416029362041705e+00
5.300000000000000000e+02 5.247516074219801929e+00
5.310000000000000000e+02 5.306470743674606361e+00
5.320000000000000000e+02 5.221844040956773902e+00
5.330000000000000000e+02 5.266254588682430793e+00
5.340000000000000000e+02 5.266589449297345737e+00
5.350000000000000000e+02 5.149390782718456627e+00
5.360000000000000000e+02 5.321647620445354221e+00
5.370000000000000000e+02 5.166213469305063199e+00
5.380000000000000000e+02 5.283635570684409366e+00
5.390000000000000000e+02 5.147848392741480872e+00
5.400000000000000000e+02 5.187479981696013098e+00
5.410000000000000000e+02 5.232581498209071924e+00
5.420000000000000000e+02 5.186042025985782011e+00
5.430000000000000000e+02 5.241861630408251926e+00
5.440000000000000000e+02 5.109885248238771105e+00
5.450000000000000000e+02 5.212606795573766938e+00
5.460000000000000000e+02 5.188728234868786870e+00
5.470000000000000000e+02 5.261879501296127692e+00
5.480000000000000000e+02 5.161063891909686063e+00
5.490000000000000000e+02 5.142137958480988758e+00
5.500000000000000000e+02 5.163106176035044292e+00
5.510000000000000000e+02 5.028523090215391456e+00
5.520000000000000000e+02 5.047440344711830562e+00
5.530000000000000000e+02 5.031353319917149847e+00
5.540000000000000000e+02 5.015344059975854307e+00
5.550000000000000000e+02 5.082184789575038941e+00
5.560000000000000000e+02 5.015383257330593203e+00
5.570000000000000000e+02 4.979880942553558398e+00
5.580000000000000000e+02 5.007291439897223917e+00
5.590000000000000000e+02 5.043625011187020668e+00
5.600000000000000000e+02 5.124674523130853032e+00
5.610000000000000000e+02 4.977687479807067383e+00
5.620000000000000000e+02 4.993667706764353120e+00
5.630000000000000000e+02 4.928664735192250568e+00
5.640000000000000000e+02 4.929793378819205429e+00
5.650000000000000000e+02 4.996210142802253173e+00
5.660000000000000000e+02 4.847685422474145689e+00
5.670000000000000000e+02 4.842260362413489894e+00
5.680000000000000000e+02 4.967900548526358762e+00
5.690000000000000000e+02 4.964749731225486684e+00
5.700000000000000000e+02 4.883326893492499821e+00
5.710000000000000000e+02 4.974585508632034525e+00
5.720000000000000000e+02 4.912393155517539967e+00
5.730000000000000000e+02 4.826843214557242412e+00
5.740000000000000000e+02 4.829798729397728252e+00
5.750000000000000000e+02 4.872360053365752286e+00
5.760000000000000000e+02 4.854420460859789621e+00
5.770000000000000000e+02 4.994374401177021028e+00
5.780000000000000000e+02 4.771513683667929051e+00
5.790000000000000000e+02 4.848520766358320522e+00
5.800000000000000000e+02 4.803070843201408202e+00
5.810000000000000000e+02 4.755956289046580743e+00
5.820000000000000000e+02 4.867894361613331000e+00
5.830000000000000000e+02 4.796713017453749117e+00
5.840000000000000000e+02 4.773977704161388225e+00
5.850000000000000000e+02 4.738799431006084362e+00
5.860000000000000000e+02 4.844367798461129304e+00
5.870000000000000000e+02 4.652071520049013031e+00
5.880000000000000000e+02 4.830831896310639806e+00
5.890000000000000000e+02 4.748187461125757736e+00
5.900000000000000000e+02 4.743846756920191865e+00
5.910000000000000000e+02 4.709756424976757394e+00
5.920000000000000000e+02 4.731457803626961223e+00
5.930000000000000000e+02 4.732524591765244537e+00
5.940000000000000000e+02 4.745135889721674438e+00
5.950000000000000000e+02 4.776608136364540513e+00
5.960000000000000000e+02 4.768799777898871106e+00
5.970000000000000000e+02 4.714773425147678054e+00
5.980000000000000000e+02 4.808782371250188703e+00
5.990000000000000000e+02 4.733569474476451155e+00
6.000000000000000000e+02 4.609365071533354730e+00
6.010000000000000000e+02 4.767411300850187494e+00
6.020000000000000000e+02 4.654137666480343327e+00
6.030000000000000000e+02 4.691951690221906723e+00
6.040000000000000000e+02 4.607738306969080710e+00
6.050000000000000000e+02 4.720318052692247690e+00
6.060000000000000000e+02 4.666799427246728804e+00
6.070000000000000000e+02 4.649014004657706423e+00
6.080000000000000000e+02 4.632154018420830965e+00
6.090000000000000000e+02 4.640223376349674744e+00
6.100000000000000000e+02 4.701212856397543938e+00
6.110000000000000000e+02 4.641252193003639448e+00
6.120000000000000000e+02 4.626527837883169347e+00
6.130000000000000000e+02 4.673829886138851641e+00
6.140000000000000000e+02 4.537554850050893762e+00
6.150000000000000000e+02 4.686447502822669087e+00
6.160000000000000000e+02 4.612001453894355230e+00
6.170000000000000000e+02 4.601634500759629987e+00
6.180000000000000000e+02 4.628564675034723130e+00
6.190000000000000000e+02 4.612392957268187210e+00
6.200000000000000000e+02 4.554569786780817253e+00
6.210000000000000000e+02 4.591426739300151105e+00
6.220000000000000000e+02 4.546517232542154119e+00
6.230000000000000000e+02 4.602733641110652307e+00
6.240000000000000000e+02 4.544642080300537401e+00
6.250000000000000000e+02 4.508242804855359331e+00
6.260000000000000000e+02 4.579780071423353860e+00
6.270000000000000000e+02 4.528366625134359502e+00
6.280000000000000000e+02 4.468025182415678032e+00
6.290000000000000000e+02 4.481676680149425884e+00
6.300000000000000000e+02 4.578702787699404197e+00
6.310000000000000000e+02 4.463324693506693031e+00
6.320000000000000000e+02 4.407524666255959289e+00
6.330000000000000000e+02 4.467207739806042355e+00
6.340000000000000000e+02 4.482763322994548716e+00
6.350000000000000000e+02 4.471286481391155476e+00
6.360000000000000000e+02 4.461117526569187142e+00
6.370000000000000000e+02 4.432395739161204773e+00
6.380000000000000000e+02 4.478374356421918279e+00
6.390000000000000000e+02 4.562868357037161537e+00
6.400000000000000000e+02 4.367329736146531971e+00
6.410000000000000000e+02 4.470390404025184061e+00
6.420000000000000000e+02 4.429792510098649494e+00
6.430000000000000000e+02 4.452942373441705293e+00
6.440000000000000000e+02 4.492490239998408796e+00
6.450000000000000000e+02 4.455096362152024980e+00
6.460000000000000000e+02 4.547338353445311121e+00
6.470000000000000000e+02 4.420494474132692808e+00
6.480000000000000000e+02 4.467460442546857813e+00
6.490000000000000000e+02 4.516923387500866305e+00
6.500000000000000000e+02 4.380302479344548416e+00
6.510000000000000000e+02 4.476834506723735174e+00
6.520000000000000000e+02 4.449591676431874809e+00
6.530000000000000000e+02 4.429213266911641966e+00
6.540000000000000000e+02 4.404233668599434992e+00
6.550000000000000000e+02 4.522961890017593412e+00
6.560000000000000000e+02 4.404689574107045758e+00
6.570000000000000000e+02 4.396411043944230990e+00
6.580000000000000000e+02 4.418071341348644765e+00
6.590000000000000000e+02 4.402392189935284250e+00
6.600000000000000000e+02 4.406083754645647055e+00
6.610000000000000000e+02 4.416173807413464658e+00
6.620000000000000000e+02 4.368105323293395514e+00
6.630000000000000000e+02 4.384958733019659327e+00
6.640000000000000000e+02 4.394488358676282402e+00
6.650000000000000000e+02 4.379787926468737602e+00
6.660000000000000000e+02 4.431565934083007363e+00
6.670000000000000000e+02 4.398403331435433827e+00
6.680000000000000000e+02 4.425789841683156922e+00
6.690000000000000000e+02 4.287239351548658206e+00
6.700000000000000000e+02 4.345448901110716022e+00
6.710000000000000000e+02 4.379955325883867268e+00
6.720000000000000000e+02 4.326783899772252973e+00
6.730000000000000000e+02 4.381286974806892331e+00
6.740000000000000000e+02 4.327621573278440437e+00
6.750000000000000000e+02 4.408944624702452408e+00
6.760000000000000000e+02 4.355566202973467860e+00
6.770000000000000000e+02 4.343682146170196212e+00
6.780000000000000000e+02 4.323404922471924650e+00
6.790000000000000000e+02 4.314089813387482764e+00
6.800000000000000000e+02 4.369981956724979355e+00
6.810000000000000000e+02 4.297946009309407067e+00
6.820000000000000000e+02 4.414554789119732092e+00
6.830000000000000000e+02 4.292922628949280117e+00
6.840000000000000000e+02 4.315290746706117453e+00
6.850000000000000000e+02 4.274509659457745414e+00
6.860000000000000000e+02 4.250584082019003951e+00
6.870000000000000000e+02 4.308752103333927330e+00
6.880000000000000000e+02 4.324793117161954470e+00
6.890000000000000000e+02 4.368685311798156334e+00
6.900000000000000000e+02 4.265972178071420373e+00
6.910000000000000000e+02 4.323701193162912126e+00
6.920000000000000000e+02 4.303685351285761129e+00
6.930000000000000000e+02 4.349344242929434223e+00
6.940000000000000000e+02 4.278828254879128323e+00
6.950000000000000000e+02 4.300373095239209853e+00
6.960000000000000000e+02 4.357425311452066019e+00
6.970000000000000000e+02 4.263450669091947809e+00
6.980000000000000000e+02 4.351683261108413525e+00
6.990000000000000000e+02 4.281840351775842990e+00
7.000000000000000000e+02 4.250877074936878053e+00
7.010000000000000000e+02 4.279548789400511311e+00
7.020000000000000000e+02 4.237965213271408516e+00
7.030000000000000000e+02 4.304135312499323796e+00
7.040000000000000000e+02 4.277668318286869997e+00
7.050000000000000000e+02 4.306237750443554724e+00
7.060000000000000000e+02 4.300976448574591160e+00
7.070000000000000000e+02 4.297862398944894302e+00
7.080000000000000000e+02 4.297885867176548302e+00
7.090000000000000000e+02 4.260762762918945512e+00
7.100000000000000000e+02 4.321122501837579399e+00
7.110000000000000000e+02 4.240868830601249861e+00
7.120000000000000000e+02 4.286647060842768475e+00
7.130000000000000000e+02 4.302457162854752326e+00
7.140000000000000000e+02 4.303308250372192667e+00
7.150000000000000000e+02 4.287839204841793261e+00
7.160000000000000000e+02 4.231666435808925542e+00
7.170000000000000000e+02 4.233543246383906222e+00
7.180000000000000000e+02 4.295867298203140727e+00
7.190000000000000000e+02 4.188451921983220139e+00
7.200000000000000000e+02 4.249305046321193657e+00
7.210000000000000000e+02 4.252521492156731142e+00
7.220000000000000000e+02 4.282732051519217542e+00
7.230000000000000000e+02 4.268270940598586805e+00
7.240000000000000000e+02 4.256960292690471270e+00
7.250000000000000000e+02 4.225080627958334389e+00
7.260000000000000000e+02 4.297003236476710342e+00
7.270000000000000000e+02 4.299659116419396021e+00
7.280000000000000000e+02 4.274641621018684390e+00
7.290000000000000000e+02 4.250387528426848860e+00
7.300000000000000000e+02 4.236742216321356835e+00
7.310000000000000000e+02 4.269280997943387668e+00
7.320000000000000000e+02 4.318173230426684661e+00
7.330000000000000000e+02 4.250618655613946473e+00
7.340000000000000000e+02 4.296901243191302733e+00
7.350000000000000000e+02 4.324045060524862372e+00
7.360000000000000000e+02 4.285841938290854358e+00
7.370000000000000000e+02 4.261774443131708168e+00
7.380000000000000000e+02 4.258031971134461635e+00
7.390000000000000000e+02 4.214915346156479892e+00
7.400000000000000000e+02 4.234082072512031836e+00
7.410000000000000000e+02 4.244103201057817465e+00
7.420000000000000000e+02 4.250009711006434543e+00
7.430000000000000000e+02 4.274499712991722156e+00
7.440000000000000000e+02 4.284280451064727657e+00
7.450000000000000000e+02 4.279062033474004600e+00
7.460000000000000000e+02 4.189145210991208401e+00
7.470000000000000000e+02 4.262231900135546425e+00
7.480000000000000000e+02 4.225293188464050331e+00
7.490000000000000000e+02 4.212276008597869215e+00
7.500000000000000000e+02 4.212276008597990007e+00
7.510000000000000000e+02 4.225293188464086747e+00
7.520000000000000000e+02 4.262231900135594387e+00
7.530000000000000000e+02 4.189145210991173762e+00
7.540000000000000000e+02 4.279062033474108517e+00
7.550000000000000000e+02 4.284280451064766737e+00
7.560000000000000000e+02 4.274499712991851830e+00
7.570000000000000000e+02 4.250009711006344837e+00
7.580000000000000000e+02 4.244103201057817465e+00
7.590000000000000000e+02 4.234082072512062922e+00
7.600000000000000000e+02 4.214915346156372422e+00
7.610000000000000000e+02 4.258031971134525584e+00
7.620000000000000000e+02 4.261774443131787216e+00
7.630000000000000000e+02 4.285841938290849917e+00
7.640000000000000000e+02 4.324045060524897899e+00
7.650000000000000000e+02 4.296901243191271647e+00
7.660000000000000000e+02 4.250618655614012198e+00
7.670000000000000000e+02 4.318173230426720188e+00
7.680000000000000000e+02 4.269280997943285527e+00
7.690000000000000000e+02 4.236742216321458976e+00
7.700000000000000000e+02 4.250387528426957218e+00
7.710000000000000000e+02 4.274641621018568927e+00
7.720000000000000000e+02 4.299659116419483063e+00
7.730000000000000000e+02 4.297003236476694354e+00
7.740000000000000000e+02 4.225080627958237578e+00
7.750000000000000000e+02 4.256960292690632919e+00
7.760000000000000000e+02 4.268270940598568153e+00
7.770000000000000000e+02 4.282732051519357874e+00
7.780000000000000000e+02 4.252521492156734695e+00
7.790000000000000000e+02 4.249305046321352641e+00
7.800000000000000000e+02 4.188451921983267212e+00
7.810000000000000000e+02 4.295867298203148721e+00
7.820000000000000000e+02 4.233543246383768555e+00
7.830000000000000000e+02 4.231666435809017024e+00
7.840000000000000000e+02 4.287839204841723095e+00
7.850000000000000000e+02 4.303308250372213983e+00
7.860000000000000000e+02 4.302457162854661732e+00
7.870000000000000000e+02 4.286647060842830648e+00
7.880000000000000000e+02 4.240868830601328909e+00
7.890000000000000000e+02 4.321122501837612262e+00
7.900000000000000000e+02 4.260762762919027224e+00
7.910000000000000000e+02 4.297885867176439056e+00
7.920000000000000000e+02 4.297862398944934270e+00
7.930000000000000000e+02 4.300976448574600042e+00
7.940000000000000000e+02 4.306237750443544066e+00
7.950000000000000000e+02 4.277668318286963256e+00
7.960000000000000000e+02 4.304135312499338006e+00
7.970000000000000000e+02 4.237965213271436049e+00
7.980000000000000000e+02 4.279548789400522857e+00
7.990000000000000000e+02 4.250877074936928679e+00
8.000000000000000000e+02 4.281840351775842990e+00
8.010000000000000000e+02 4.351683261108430401e+00
8.020000000000000000e+02 4.263450669091922052e+00
8.030000000000000000e+02 4.357425311452177041e+00
8.040000000000000000e+02 4.300373095239296006e+00
8.050000000000000000e+02 4.278828254879091908e+00
8.060000000000000000e+02 4.349344242929405802e+00
8.070000000000000000e+02 4.303685351285713168e+00
8.080000000000000000e+02 4.323701193162982293e+00
8.090000000000000000e+02 4.265972178071400833e+00
8.100000000000000000e+02 4.368685311798208737e+00
8.110000000000000000e+02 4.324793117161952694e+00
8.120000000000000000e+02 4.308752103333870487e+00
8.130000000000000000e+02 4.250584082019035037e+00
8.140000000000000000e+02 4.274509659457728539e+00
8.150000000000000000e+02 4.315290746705962910e+00
8.160000000000000000e+02 4.292922628949153108e+00
8.170000000000000000e+02 4.414554789119666367e+00
8.180000000000000000e+02 4.297946009309313808e+00
8.190000000000000000e+02 4.369981956724925176e+00
8.200000000000000000e+02 4.314089813387558259e+00
8.210000000000000000e+02 4.323404922471941525e+00
8.220000000000000000e+02 4.343682146170187330e+00
8.230000000000000000e+02 4.355566202973512269e+00
8.240000000000000000e+02 4.408944624702469284e+00
8.250000000000000000e+02 4.327621573278504385e+00
8.260000000000000000e+02 4.381286974806823942e+00
8.270000000000000000e+02 4.326783899772330244e+00
8.280000000000000000e+02 4.379955325883797101e+00
8.290000000000000000e+02 4.345448901110708029e+00
8.300000000000000000e+02 4.287239351548673305e+00
8.310000000000000000e+02 4.425789841683138270e+00
8.320000000000000000e+02 4.398403331435579489e+00
8.330000000000000000e+02 4.431565934083012692e+00
8.340000000000000000e+02 4.379787926468780235e+00
8.350000000000000000e+02 4.394488358676269080e+00
8.360000000000000000e+02 4.384958733019608701e+00
8.370000000000000000e+02 4.368105323293463904e+00
8.380000000000000000e+02 4.416173807413494856e+00
8.390000000000000000e+02 4.406083754645675477e+00
8.400000000000000000e+02 4.402392189935323330e+00
8.410000000000000000e+02 4.418071341348609238e+00
8.420000000000000000e+02 4.396411043944225661e+00
8.430000000000000000e+02 4.404689574107168326e+00
8.440000000000000000e+02 4.522961890017576536e+00
8.450000000000000000e+02 4.404233668599530027e+00
8.460000000000000000e+02 4.429213266911610880e+00
8.470000000000000000e+02 4.449591676431922771e+00
8.480000000000000000e+02 4.476834506723664120e+00
8.490000000000000000e+02 4.380302479344683420e+00
8.500000000000000000e+02 4.516923387500751730e+00
8.510000000000000000e+02 4.467460442547054988e+00
8.520000000000000000e+02 4.420494474132752316e+00
8.530000000000000000e+02 4.547338353445343095e+00
8.540000000000000000e+02 4.455096362152051626e+00
8.550000000000000000e+02 4.492490239998494950e+00
8.560000000000000000e+02 4.452942373441573842e+00
8.570000000000000000e+02 4.429792510098742753e+00
8.580000000000000000e+02 4.470390404025160969e+00
8.590000000000000000e+02 4.367329736146559505e+00
8.600000000000000000e+02 4.562868357037171307e+00
8.610000000000000000e+02 4.478374356422005320e+00
8.620000000000000000e+02 4.432395739161198556e+00
8.630000000000000000e+02 4.461117526569198688e+00
8.640000000000000000e+02 4.471286481391285150e+00
8.650000000000000000e+02 4.482763322994486543e+00
8.660000000000000000e+02 4.467207739806156930e+00
8.670000000000000000e+02 4.407524666255819845e+00
8.680000000000000000e+02 4.463324693506725005e+00
8.690000000000000000e+02 4.578702787699309162e+00
8.700000000000000000e+02 4.481676680149454306e+00
8.710000000000000000e+02 4.468025182415655827e+00
8.720000000000000000e+02 4.528366625134307988e+00
8.730000000000000000e+02 4.579780071423360965e+00
8.740000000000000000e+02 4.508242804855399299e+00
8.750000000000000000e+02 4.544642080300507203e+00
8.760000000000000000e+02 4.602733641110648755e+00
8.770000000000000000e+02 4.546517232542114151e+00
8.780000000000000000e+02 4.591426739300225712e+00
8.790000000000000000e+02 4.554569786780730212e+00
8.800000000000000000e+02 4.612392957268215632e+00
8.810000000000000000e+02 4.628564675034673392e+00
8.820000000000000000e+02 4.601634500759565150e+00
8.830000000000000000e+02 4.612001453894365000e+00
8.840000000000000000e+02 4.686447502822653988e+00
8.850000000000000000e+02 4.537554850050861788e+00
8.860000000000000000e+02 4.673829886138861411e+00
8.870000000000000000e+02 4.626527837883112504e+00
8.880000000000000000e+02 4.641252193003555071e+00
8.890000000000000000e+02 4.701212856397528839e+00
8.900000000000000000e+02 4.640223376349804418e+00
8.910000000000000000e+02 4.632154018420812314e+00
8.920000000000000000e+02 4.649014004657761490e+00
8.930000000000000000e+02 4.666799427246613341e+00
8.940000000000000000e+02 4.720318052692064725e+00
8.950000000000000000e+02 4.607738306968972353e+00
8.960000000000000000e+02 4.691951690221932481e+00
8.970000000000000000e+02 4.654137666479997826e+00
8.980000000000000000e+02 4.767411300850420197e+00
8.990000000000000000e+02 4.609365071533204627e+00
9.000000000000000000e+02 4.733569474476327699e+00
9.010000000000000000e+02 4.808782371250226007e+00
9.020000000000000000e+02 4.714773425147662067e+00
9.030000000000000000e+02 4.768799777898828474e+00
9.040000000000000000e+02 4.776608136364524526e+00
9.050000000000000000e+02 4.745135889721693978e+00
9.060000000000000000e+02 4.732524591765298716e+00
9.070000000000000000e+02 4.731457803627007408e+00
9.080000000000000000e+02 4.709756424976852429e+00
9.090000000000000000e+02 4.743846756920183871e+00
9.100000000000000000e+02 4.748187461125759512e+00
9.110000000000000000e+02 4.830831896310659346e+00
9.120000000000000000e+02 4.652071520049118725e+00
9.130000000000000000e+02 4.844367798461153285e+00
9.140000000000000000e+02 4.738799431006111007e+00
9.150000000000000000e+02 4.773977704161353586e+00
9.160000000000000000e+02 4.796713017453743788e+00
9.170000000000000000e+02 4.867894361613275933e+00
9.180000000000000000e+02 4.755956289046567420e+00
9.190000000000000000e+02 4.803070843201406426e+00
9.200000000000000000e+02 4.848520766358340062e+00
9.210000000000000000e+02 4.771513683667873096e+00
9.220000000000000000e+02 4.994374401177078759e+00
9.230000000000000000e+02 4.854420460859863340e+00
9.240000000000000000e+02 4.872360053365673238e+00
9.250000000000000000e+02 4.829798729397829504e+00
9.260000000000000000e+02 4.826843214557152706e+00
9.270000000000000000e+02 4.912393155517571941e+00
9.280000000000000000e+02 4.974585508631951036e+00
9.290000000000000000e+02 4.883326893492546894e+00
9.300000000000000000e+02 4.964749731225494678e+00
9.310000000000000000e+02 4.967900548526274385e+00
9.320000000000000000e+02 4.842260362413417063e+00
9.330000000000000000e+02 4.847685422474163452e+00
9.340000000000000000e+02 4.996210142802389953e+00
9.350000000000000000e+02 4.929793378819100624e+00
9.360000000000000000e+02 4.928664735192221258e+00
9.370000000000000000e+02 4.993667706764348679e+00
9.380000000000000000e+02 4.977687479807115345e+00
9.390000000000000000e+02 5.124674523130837045e+00
9.400000000000000000e+02 5.043625011187116591e+00
9.410000000000000000e+02 5.007291439897148422e+00
9.420000000000000000e+02 4.979880942553576162e+00
9.430000000000000000e+02 5.015383257330561229e+00
9.440000000000000000e+02 5.082184789575029171e+00
9.450000000000000000e+02 5.015344059975816116e+00
9.460000000000000000e+02 5.031353319917066358e+00
9.470000000000000000e+02 5.047440344711910498e+00
9.480000000000000000e+02 5.028523090215465174e+00
9.490000000000000000e+02 5.163106176035080708e+00
9.500000000000000000e+02 5.142137958481107773e+00
9.510000000000000000e+02 5.161063891909710044e+00
9.520000000000000000e+02 5.261879501296204964e+00
9.530000000000000000e+02 5.188728234868794864e+00
9.540000000000000000e+02 5.212606795573813123e+00
9.550000000000000000e+02 5.109885248238702715e+00
9.560000000000000000e+02 5.241861630408292783e+00
9.570000000000000000e+02 5.186042025985893034e+00
9.580000000000000000e+02 5.232581498209174065e+00
9.590000000000000000e+02 5.187479981696043296e+00
9.600000000000000000e+02 5.147848392741420476e+00
9.610000000000000000e+02 5.283635570684391602e+00
9.620000000000000000e+02 5.166213469305076522e+00
9.630000000000000000e+02 5.321647620445364879e+00
9.640000000000000000e+02 5.149390782718413107e+00
9.650000000000000000e+02 5.266589449297314651e+00
9.660000000000000000e+02 5.266254588682492077e+00
9.670000000000000000e+02 5.221844040956705513e+00
9.680000000000000000e+02 5.306470743674667645e+00
9.690000000000000000e+02 5.247516074219773508e+00
9.700000000000000000e+02 5.302416029362078120e+00
9.710000000000000000e+02 5.363330129604233498e+00
9.720000000000000000e+02 5.413498706407040117e+00
9.730000000000000000e+02 5.283109020936646694e+00
9.740000000000000000e+02 5.198195779949474904e+00
9.750000000000000000e+02 5.202624477498952515e+00
9.760000000000000000e+02 5.419638023291371454e+00
9.770000000000000000e+02 5.415878168950865046e+00
9.780000000000000000e+02 5.378121749332128942e+00
9.790000000000000000e+02 5.397543526011614468e+00
9.800000000000000000e+02 5.418549313503268294e+00
9.810000000000000000e+02 5.424252473373396555e+00
9.820000000000000000e+02 5.399246379923888561e+00
9.830000000000000000e+02 5.353645412030441975e+00
9.840000000000000000e+02 5.353286182725805809e+00
9.850000000000000000e+02 5.351774256774236349e+00
9.860000000000000000e+02 5.544307926305334533e+00
9.870000000000000000e+02 5.496458067389355939e+00
9.880000000000000000e+02 5.403093757236619332e+00
9.890000000000000000e+02 5.570425005334407764e+00
9.900000000000000000e+02 5.595549850654998103e+00
9.910000000000000000e+02 5.593031312817606349e+00
9.920000000000000000e+02 5.486542164503364738e+00
9.930000000000000000e+02 5.622344361092061149e+00
9.940000000000000000e+02 5.658457306670853448e+00
9.950000000000000000e+02 5.529209921452331145e+00
9.960000000000000000e+02 5.584809416891975964e+00
9.970000000000000000e+02 5.401695161591726801e+00
9.980000000000000000e+02 5.755082473190435977e+00
9.990000000000000000e+02 5.568993867719743029e+00
1.000000000000000000e+03 5.495899666193971633e+00
1.001000000000000000e+03 5.667187853043377466e+00
1.002000000000000000e+03 5.770822261604831915e+00
1.003000000000000000e+03 5.786757695144932434e+00
1.004000000000000000e+03 5.818089626192478825e+00
1.005000000000000000e+03 5.845746956902431180e+00
1.006000000000000000e+03 5.768536493710544555e+00
1.007000000000000000e+03 5.742639593702908662e+00
1.008000000000000000e+03 5.744253158781918778e+00
1.009000000000000000e+03 5.818544890290383798e+00
1.010000000000000000e+03 5.975123999293656674e+00
1.011000000000000000e+03 5.714164744613007940e+00
1.012000000000000000e+03 5.829131302765375722e+00
1.013000000000000000e+03 5.903866374855001098e+00
1.014000000000000000e+03 5.787881942163596527e+00
1.015000000000000000e+03 5.754616467156457027e+00
1.016000000000000000e+03 5.888244176100142724e+00
1.017000000000000000e+03 6.029648036029781721e+00
1.018000000000000000e+03 5.929072175742115647e+00
1.019000000000000000e+03 6.001970298860320518e+00
1.020000000000000000e+03 5.990214758204403189e+00
1.021000000000000000e+03 6.030963591119431477e+00
1.022000000000000000e+03 5.940893421228563120e+00
1.023000000000000000e+03 6.152512476455081369e+00
1.024000000000000000e+03 6.027500671175014979e+00
1.025000000000000000e+03 5.823650569977039559e+00
1.026000000000000000e+03 6.051133512523447777e+00
1.027000000000000000e+03 6.086779833020290909e+00
1.028000000000000000e+03 6.002204886890387669e+00
1.029000000000000000e+03 5.902112009202052256e+00
1.030000000000000000e+03 6.129735931876747479e+00
1.031000000000000000e+03 6.184755221576524242e+00
1.032000000000000000e+03 6.208875858254885749e+00
1.033000000000000000e+03 6.167345919615813798e+00
1.034000000000000000e+03 6.072590515837569036e+00
1.035000000000000000e+03 6.060048231952840148e+00
1.036000000000000000e+03 6.137658920256166439e+00
1.037000000000000000e+03 6.247161331202000234e+00
1.038000000000000000e+03 6.265754901572655911e+00
1.039000000000000000e+03 6.509551586186586469e+00
1.040000000000000000e+03 6.225334562168977293e+00
1.041000000000000000e+03 6.451564277104925971e+00
1.042000000000000000e+03 6.335429637538481984e+00
1.043000000000000000e+03 6.339222034960583230e+00
1.044000000000000000e+03 6.394879864419918292e+00
1.045000000000000000e+03 6.309962633786882158e+00
1.046000000000000000e+03 6.449768670911578461e+00
1.047000000000000000e+03 6.519448115535930732e+00
1.048000000000000000e+03 6.601796610394516485e+00
1.049000000000000000e+03 6.178280372623167871e+00
1.050000000000000000e+03 6.697540390445764658e+00
1.051000000000000000e+03 6.527721608832105282e+00
1.052000000000000000e+03 6.728794260714083819e+00
1.053000000000000000e+03 6.522701798801607609e+00
1.054000000000000000e+03 6.370261053014047548e+00
1.055000000000000000e+03 6.418346474797645307e+00
1.056000000000000000e+03 6.574714535907781432e+00
1.057000000000000000e+03 6.527437204617162259e+00
1.058000000000000000e+03 6.872392354422985683e+00
1.059000000000000000e+03 6.647106406278771473e+00
1.060000000000000000e+03 6.686809342514317578e+00
1.061000000000000000e+03 6.773902900324494603e+00
1.062000000000000000e+03 6.507985689866748302e+00
1.063000000000000000e+03 6.900373932883171690e+00
1.064000000000000000e+03 6.870802805803668534e+00
1.065000000000000000e+03 6.632431276876815218e+00
1.066000000000000000e+03 6.615390959867082366e+00
1.067000000000000000e+03 7.097365717655709005e+00
1.068000000000000000e+03 6.965926711877578725e+00
1.069000000000000000e+03 6.957349087575344981e+00
1.070000000000000000e+03 6.767267956816433561e+00
1.071000000000000000e+03 6.970374628148532814e+00
1.072000000000000000e+03 6.876027354513317036e+00
1.073000000000000000e+03 6.987948695970191082e+00
1.074000000000000000e+03 6.947332149252411604e+00
1.075000000000000000e+03 6.922703526931790918e+00
1.076000000000000000e+03 7.378963510765071732e+00
1.077000000000000000e+03 7.024604827505137372e+00
1.078000000000000000e+03 7.173841484132587709e+00
1.079000000000000000e+03 6.952705585086471629e+00
1.080000000000000000e+03 7.004805113842793141e+00
1.081000000000000000e+03 7.212186361316188510e+00
1.082000000000000000e+03 7.514141973026744026e+00
1.083000000000000000e+03 7.045846532801331996e+00
1.084000000000000000e+03 7.415626111538612619e+00
1.085000000000000000e+03 7.413305231883879465e+00
1.086000000000000000e+03 7.468626695629459356e+00
1.087000000000000000e+03 7.071890186369066633e+00
1.088000000000000000e+03 7.565116076988658733e+00
1.089000000000000000e+03 7.402595043390785001e+00
1.090000000000000000e+03 7.614610751998460714e+00
1.091000000000000000e+03 7.835571555676317246e+00
1.092000000000000000e+03 7.499023662516413502e+00
1.093000000000000000e+03 7.438513380359999871e+00
1.094000000000000000e+03 7.701621019789148370e+00
1.095000000000000000e+03 7.743050077904504391e+00
1.096000000000000000e+03 7.500244398242572608e+00
1.097000000000000000e+03 7.637886597664454769e+00
1.098000000000000000e+03 7.909262288946285580e+00
1.099000000000000000e+03 7.640586973741871901e+00
1.100000000000000000e+03 7.618032800649819691e+00
1.101000000000000000e+03 7.894726041423337115e+00
1.102000000000000000e+03 7.734323194582050753e+00
1.103000000000000000e+03 7.669096617222243673e+00
1.104000000000000000e+03 7.934378516854363461e+00
1.105000000000000000e+03 8.079827873366957292e+00
1.106000000000000000e+03 7.834127332650571596e+00
1.107000000000000000e+03 7.798171557363626327e+00
1.108000000000000000e+03 7.904441777076727682e+00
1.109000000000000000e+03 7.535198560660481881e+00
1.110000000000000000e+03 8.061825568113242468e+00
1.111000000000000000e+03 8.245497559445096769e+00
1.112000000000000000e+03 8.163992367298051889e+00
1.113000000000000000e+03 7.840731194948518556e+00
1.114000000000000000e+03 7.985412137241925556e+00
1.115000000000000000e+03 7.794171105522373466e+00
1.116000000000000000e+03 8.351996356601317117e+00
1.117000000000000000e+03 8.213369624098470823e+00
1.118000000000000000e+03 8.260251134208388635e+00
1.119000000000000000e+03 8.724758141411289358e+00
1.120000000000000000e+03 8.591368976004783775e+00
1.121000000000000000e+03 8.445977899943832412e+00
1.122000000000000000e+03 8.312572159155941165e+00
1.123000000000000000e+03 8.677124153842568077e+00
1.124000000000000000e+03 8.405242976771855723e+00
1.125000000000000000e+03 8.363861676181539195e+00
1.126000000000000000e+03 8.688473811266778313e+00
1.127000000000000000e+03 8.846298824543392669e+00
1.128000000000000000e+03 8.643681597793904103e+00
1.129000000000000000e+03 8.876767449756558293e+00
1.130000000000000000e+03 8.608258940250458124e+00
1.131000000000000000e+03 9.037229885000321872e+00
1.132000000000000000e+03 8.813684970423306453e+00
1.133000000000000000e+03 8.350084213322524818e+00
1.134000000000000000e+03 9.081419391169522015e+00
1.135000000000000000e+03 8.986900481486202352e+00
1.136000000000000000e+03 8.915529204636181149e+00
1.137000000000000000e+03 9.147514198133022134e+00
1.138000000000000000e+03 9.376356354240002133e+00
1.139000000000000000e+03 8.983520665464576282e+00
1.140000000000000000e+03 9.143163278427023144e+00
1.141000000000000000e+03 8.932597262737322907e+00
1.142000000000000000e+03 8.927808302861491185e+00
1.143000000000000000e+03 8.848530575245199259e+00
1.144000000000000000e+03 9.471512489496424436e+00
1.145000000000000000e+03 8.586482413887768672e+00
1.146000000000000000e+03 9.215963385217158077e+00
1.147000000000000000e+03 9.280880594898816227e+00
1.148000000000000000e+03 9.482570331967409061e+00
1.149000000000000000e+03 9.790429581835663697e+00
1.150000000000000000e+03 1.007819547143096806e+01
1.151000000000000000e+03 9.792837709353916509e+00
1.152000000000000000e+03 9.320822104793938578e+00
1.153000000000000000e+03 9.914439580207726976e+00
1.154000000000000000e+03 9.237192411053976926e+00
1.155000000000000000e+03 9.665006681451298931e+00
1.156000000000000000e+03 9.847130920236422114e+00
1.157000000000000000e+03 9.421533165120584030e+00
1.158000000000000000e+03 1.021750595914092408e+01
1.159000000000000000e+03 1.023223773307779538e+01
1.160000000000000000e+03 1.015251509367442040e+01
1.161000000000000000e+03 1.005596625831830160e+01
1.162000000000000000e+03 1.049513787383563468e+01
1.163000000000000000e+03 1.021064838202111069e+01
1.164000000000000000e+03 1.038683691005247134e+01
1.165000000000000000e+03 1.017190000079795453e+01
1.166000000000000000e+03 1.041818723228461607e+01
1.167000000000000000e+03 9.983813913255806582e+00
1.168000000000000000e+03 1.098187348939419294e+01
1.169000000000000000e+03 1.057633840700285965e+01
1.170000000000000000e+03 1.030251591116969045e+01
1.171000000000000000e+03 1.073568684705563037e+01
1.172000000000000000e+03 1.116376720023380997e+01
1.173000000000000000e+03 1.018591018466692510e+01
1.174000000000000000e+03 1.077453580306001868e+01
1.175000000000000000e+03 1.127341069944374041e+01
1.176000000000000000e+03 1.069566539337268019e+01
1.177000000000000000e+03 1.144589036658332937e+01
1.178000000000000000e+03 1.136748904850079711e+01
1.179000000000000000e+03 1.122874691395384517e+01
1.180000000000000000e+03 1.074790599483008791e+01
1.181000000000000000e+03 1.121699867100260484e+01
1.182000000000000000e+03 1.172327941126507689e+01
1.183000000000000000e+03 1.135194688981158073e+01
1.184000000000000000e+03 1.164751524080988254e+01
1.185000000000000000e+03 1.202967486236983952e+01
1.186000000000000000e+03 1.075018323351100769e+01
1.187000000000000000e+03 1.180707688769983044e+01
1.188000000000000000e+03 1.093270654820789467e+01
1.189000000000000000e+03 1.135554072577478735e+01
1.190000000000000000e+03 1.128730748703496545e+01
1.191000000000000000e+03 1.155293862878403743e+01
1.192000000000000000e+03 1.135773164302449523e+01
1.193000000000000000e+03 1.246415461316404105e+01
1.194000000000000000e+03 1.246356081506695901e+01
1.195000000000000000e+03 1.194320210688705153e+01
1.196000000000000000e+03 1.161773852078077951e+01
1.197000000000000000e+03 1.248389333446625038e+01
1.198000000000000000e+03 1.161321766250977738e+01
1.199000000000000000e+03 1.164196448061128208e+01
1.200000000000000000e+03 1.203811642737806231e+01
1.201000000000000000e+03 1.279587667162716791e+01
1.202000000000000000e+03 1.287080046130763300e+01
1.203000000000000000e+03 1.407483868138116989e+01
1.204000000000000000e+03 1.299657578704117178e+01
1.205000000000000000e+03 1.243743025992492690e+01
1.206000000000000000e+03 1.212605152102390704e+01
1.207000000000000000e+03 1.338273213793588923e+01
1.208000000000000000e+03 1.322736859392122533e+01
1.209000000000000000e+03 1.297852189616762786e+01
1.210000000000000000e+03 1.453486747985380134e+01
1.211000000000000000e+03 1.280482464549237598e+01
1.212000000000000000e+03 1.279792682492614553e+01
1.213000000000000000e+03 1.341353874263007029e+01
1.214000000000000000e+03 1.350778092600181601e+01
1.215000000000000000e+03 1.267242400333580221e+01
1.216000000000000000e+03 1.309474839824248704e+01
1.217000000000000000e+03 1.391983810975925273e+01
1.218000000000000000e+03 1.412124006152111910e+01
1.219000000000000000e+03 1.391652887259469473e+01
1.220000000000000000e+03 1.371806464553865545e+01
1.221000000000000000e+03 1.314806987347005318e+01
1.222000000000000000e+03 1.422325305442802801e+01
1.223000000000000000e+03 1.530900184472435832e+01
1.224000000000000000e+03 1.415755415738951051e+01
1.225000000000000000e+03 1.404803783606265988e+01
1.226000000000000000e+03 1.424773297280195727e+01
1.227000000000000000e+03 1.339123884416302879e+01
1.228000000000000000e+03 1.437824127062309465e+01
1.229000000000000000e+03 1.464106284453582951e+01
1.230000000000000000e+03 1.509163270883377983e+01
1.231000000000000000e+03 1.536108370538469181e+01
1.232000000000000000e+03 1.584774587442255900e+01
1.233000000000000000e+03 1.537772901896885180e+01
1.234000000000000000e+03 1.597281844691548258e+01
1.235000000000000000e+03 1.410001775168645821e+01
1.236000000000000000e+03 1.685278733589451505e+01
1.237000000000000000e+03 1.635391607187486684e+01
1.238000000000000000e+03 1.737301576833082351e+01
1.239000000000000000e+03 1.470313672247344350e+01
1.240000000000000000e+03 1.648376093421662247e+01
1.241000000000000000e+03 1.539329686426647470e+01
1.242000000000000000e+03 1.607264458925521211e+01
1.243000000000000000e+03 1.571985809753535790e+01
1.244000000000000000e+03 1.679133311908694637e+01
1.245000000000000000e+03 1.710269506496011971e+01
1.246000000000000000e+03 1.586077944446393317e+01
1.247000000000000000e+03 1.669923664249651551e+01
1.248000000000000000e+03 1.561237281268580368e+01
1.249000000000000000e+03 1.593214644281681380e+01
1.250000000000000000e+03 1.607105603823738349e+01
1.251000000000000000e+03 1.696951569676102878e+01
1.252000000000000000e+03 1.625391230631715445e+01
1.253000000000000000e+03 1.834839358006766474e+01
1.254000000000000000e+03 1.713393437993708801e+01
1.255000000000000000e+03 1.637341150195355866e+01
1.256000000000000000e+03 1.569702057082237090e+01
1.257000000000000000e+03 1.661995599006985813e+01
1.258000000000000000e+03 1.926367627799948323e+01
1.259000000000000000e+03 1.869850888910070807e+01
1.260000000000000000e+03 1.746416506703552329e+01
1.261000000000000000e+03 1.593349811817254214e+01
1.262000000000000000e+03 1.861902222425197806e+01
1.263000000000000000e+03 1.781173553576956436e+01
1.264000000000000000e+03 1.854247449692961780e+01
1.265000000000000000e+03 1.818343290275582547e+01
1.266000000000000000e+03 2.061835266842407677e+01
1.267000000000000000e+03 1.849930136412981696e+01
1.268000000000000000e+03 1.904805237283686381e+01
1.269000000000000000e+03 1.807523966110506208e+01
1.270000000000000000e+03 1.707116269136722408e+01
1.271000000000000000e+03 2.021621153030470097e+01
1.272000000000000000e+03 2.015692821255139577e+01
1.273000000000000000e+03 2.227063276383227475e+01
1.274000000000000000e+03 2.035935988478617986e+01
1.275000000000000000e+03 1.929851288114254970e+01
1.276000000000000000e+03 2.085563876541105444e+01
1.277000000000000000e+03 2.200267162073486560e+01
1.278000000000000000e+03 1.863981989561585095e+01
1.279000000000000000e+03 2.509407880152220471e+01
1.280000000000000000e+03 2.114443441521873268e+01
1.281000000000000000e+03 2.446170813885276019e+01
1.282000000000000000e+03 1.831692502237170572e+01
1.283000000000000000e+03 2.299444047167059679e+01
1.284000000000000000e+03 2.350218445291570646e+01
1.285000000000000000e+03 2.090928587795860594e+01
1.286000000000000000e+03 2.544461180501130215e+01
1.287000000000000000e+03 2.407529994356934822e+01
1.288000000000000000e+03 2.314311015854440257e+01
1.289000000000000000e+03 2.366210614252811695e+01
1.290000000000000000e+03 2.398356752784745538e+01
1.291000000000000000e+03 2.248742682224531109e+01
1.292000000000000000e+03 2.604647188179846040e+01
1.293000000000000000e+03 2.051113171028582016e+01
1.294000000000000000e+03 2.230853906173265244e+01
1.295000000000000000e+03 2.634019725376490229e+01
1.296000000000000000e+03 2.330339904656477756e+01
1.297000000000000000e+03 2.499489101912906719e+01
1.298000000000000000e+03 2.531212795113408021e+01
1.299000000000000000e+03 2.320492133600934537e+01
1.300000000000000000e+03 2.786076339843077676e+01
1.301000000000000000e+03 2.388737012505428225e+01
1.302000000000000000e+03 2.315416687764823678e+01
1.303000000000000000e+03 2.812114535717464392e+01
1.304000000000000000e+03 3.162111107435180557e+01
1.305000000000000000e+03 2.578994868413614583e+01
1.306000000000000000e+03 3.106115078428904397e+01
1.307000000000000000e+03 2.732835145137012844e+01
1.308000000000000000e+03 2.645969556803441236e+01
1.309000000000000000e+03 2.825303102602081040e+01
1.310000000000000000e+03 3.112850484936892670e+01
1.311000000000000000e+03 2.955964517509275069e+01
1.312000000000000000e+03 2.757330751960972393e+01
1.313000000000000000e+03 3.573319495751663766e+01
1.314000000000000000e+03 3.094196538472950664e+01
1.315000000000000000e+03 3.012398202888752152e+01
1.316000000000000000e+03 3.144091988198406895e+01
1.317000000000000000e+03 2.846925084588972510e+01
1.318000000000000000e+03 2.526211040636093941e+01
1.319000000000000000e+03 3.643868541405252159e+01
1.320000000000000000e+03 3.988619231207125893e+01
1.321000000000000000e+03 3.240556615110550354e+01
1.322000000000000000e+03 3.291483590661236747e+01
1.323000000000000000e+03 3.688451669246690301e+01
1.324000000000000000e+03 3.716750099252380579e+01
1.325000000000000000e+03 3.738526182828653077e+01
1.326000000000000000e+03 3.345578042449660217e+01
1.327000000000000000e+03 4.301183761285899010e+01
1.328000000000000000e+03 3.039988725784097667e+01
1.329000000000000000e+03 3.331363917311987421e+01
1.330000000000000000e+03 4.092454788503746244e+01
1.331000000000000000e+03 3.178223448893048442e+01
1.332000000000000000e+03 3.547734406732955392e+01
1.333000000000000000e+03 4.155462042592718319e+01
1.334000000000000000e+03 3.557586919676887049e+01
1.335000000000000000e+03 4.272212326349019662e+01
1.336000000000000000e+03 3.811315469185905158e+01
1.337000000000000000e+03 4.227407434688630872e+01
1.338000000000000000e+03 3.830853863634114020e+01
1.339000000000000000e+03 4.804291228659830892e+01
1.340000000000000000e+03 3.786587889342744973e+01
1.341000000000000000e+03 3.599381942541123891e+01
1.342000000000000000e+03 3.957121984293092254e+01
1.343000000000000000e+03 4.466171547235583006e+01
1.344000000000000000e+03 3.886646002319598381e+01
1.345000000000000000e+03 4.098614043757659431e+01
1.346000000000000000e+03 5.059696798331785317e+01
1.347000000000000000e+03 3.267922109507833994e+01
1.348000000000000000e+03 5.068558175099926189e+01
1.349000000000000000e+03 4.247932942556658276e+01
1.350000000000000000e+03 4.786248026350175166e+01
1.351000000000000000e+03 5.474379852389434120e+01
1.352000000000000000e+03 4.647028178322140235e+01
1.353000000000000000e+03 6.024729652462078633e+01
1.354000000000000000e+03 3.926840234613624148e+01
1.355000000000000000e+03 3.712637483752843082e+01
1.356000000000000000e+03 4.364762102139695088e+01
1.357000000000000000e+03 4.901631748880215866e+01
1.358000000000000000e+03 7.020486803459556313e+01
1.359000000000000000e+03 6.084267768276075827e+01
1.360000000000000000e+03 4.910363651001920715e+01
1.361000000000000000e+03 5.067645416532450042e+01
1.362000000000000000e+03 4.334532167637267008e+01
1.363000000000000000e+03 5.775203171418662151e+01
1.364000000000000000e+03 5.743932381039586943e+01
1.365000000000000000e+03 5.032482082664265022e+01
1.366000000000000000e+03 6.823659200629138866e+01
1.367000000000000000e+03 5.913725629964316255e+01
1.368000000000000000e+03 5.351607335528792220e+01
1.369000000000000000e+03 5.260979640813130231e+01
1.370000000000000000e+03 7.284414566753585518e+01
1.371000000000000000e+03 8.609887179097320598e+01
1.372000000000000000e+03 3.119972933007500515e+01
1.373000000000000000e+03 6.774640699285676249e+01
1.374000000000000000e+03 8.240800550652059542e+01
1.375000000000000000e+03 5.799964034537278224e+01
1.376000000000000000e+03 8.400917393951505119e+01
1.377000000000000000e+03 6.938572342395225689e+01
1.378000000000000000e+03 8.719769467793595652e+01
1.379000000000000000e+03 5.151587263250878124e+01
1.380000000000000000e+03 5.319666909454339532e+01
1.381000000000000000e+03 9.075714022333922060e+01
1.382000000000000000e+03 6.398353678816595647e+01
1.383000000000000000e+03 8.170853617244661393e+01
1.384000000000000000e+03 5.344717658077330213e+01
1.385000000000000000e+03 9.584117852642452817e+01
1.386000000000000000e+03 5.978013170494718054e+01
1.387000000000000000e+03 6.279169544373159084e+01
1.388000000000000000e+03 7.691335059800249496e+01
1.389000000000000000e+03 9.911409819634729956e+01
1.390000000000000000e+03 8.898922947752478763e+01
1.391000000000000000e+03 6.613540175967234802e+01
1.392000000000000000e+03 1.084519334158482309e+02
1.393000000000000000e+03 9.480069750315861654e+01
1.394000000000000000e+03 6.931394645588657966e+01
1.395000000000000000e+03 1.170060096905646247e+02
1.396000000000000000e+03 1.205765120682741127e+02
1.397000000000000000e+03 8.263718196277305594e+01
1.398000000000000000e+03 7.178492110923781411e+01
1.399000000000000000e+03 1.021077585829336698e+02
1.400000000000000000e+03 1.262062240886058504e+02
1.401000000000000000e+03 1.110958148772142664e+02
1.402000000000000000e+03 9.441980434128365118e+01
1.403000000000000000e+03 1.132782376917386813e+02
1.404000000000000000e+03 1.334457372471080987e+02
1.405000000000000000e+03 8.205805118787874619e+01
1.406000000000000000e+03 1.111201856675281476e+02
1.407000000000000000e+03 1.814525812765869830e+02
1.408000000000000000e+03 1.430796791439827871e+02
1.409000000000000000e+03 1.336509430729992687e+02
1.410000000000000000e+03 1.095845187278390824e+02
1.411000000000000000e+03 1.387208715520296778e+02
1.412000000000000000e+03 1.676750205029049994e+02
1.413000000000000000e+03 1.684662172364494950e+02
1.414000000000000000e+03 1.078115376058071888e+02
1.415000000000000000e+03 1.454711874379604808e+02
1.416000000000000000e+03 1.230384477410776327e+02
1.417000000000000000e+03 1.665711196564639920e+02
1.418000000000000000e+03 1.685086773871468324e+02
1.419000000000000000e+03 1.579597288589954474e+02
1.420000000000000000e+03 1.282559570919856071e+02
1.421000000000000000e+03 1.715717628913010628e+02
1.422000000000000000e+03 1.789783054906410484e+02
1.423000000000000000e+03 1.679335122550772326e+02
1.424000000000000000e+03 1.163491425267858546e+02
1.425000000000000000e+03 1.382945392224803527e+02
1.426000000000000000e+03 2.368796354890982627e+02
1.427000000000000000e+03 1.568601101289557391e+02
1.428000000000000000e+03 2.160474253232501383e+02
1.429000000000000000e+03 2.271754654801911784e+02
1.430000000000000000e+03 3.165735800653207548e+02
1.431000000000000000e+03 1.898464774619610864e+02
1.432000000000000000e+03 2.154414099526342454e+02
1.433000000000000000e+03 3.045520527122122871e+02
1.434000000000000000e+03 2.232054679406934099e+02
1.435000000000000000e+03 2.408369918660029043e+02
1.436000000000000000e+03 1.963209278127737605e+02
1.437000000000000000e+03 2.822310108153569672e+02
1.438000000000000000e+03 2.259349876343190999e+02
1.439000000000000000e+03 1.305569542905798812e+02
1.440000000000000000e+03 4.014944101124173699e+02
1.441000000000000000e+03 2.991769934598548275e+02
1.442000000000000000e+03 2.314481740235262066e+02
1.443000000000000000e+03 3.634649684616501304e+02
1.444000000000000000e+03 3.152035852785696761e+02
1.445000000000000000e+03 3.992424842053229668e+02
1.446000000000000000e+03 3.874413692040661203e+02
1.447000000000000000e+03 3.889551392648443198e+02
1.448000000000000000e+03 4.309189799484803416e+02
1.449000000000000000e+03 3.162131638308710535e+02
1.450000000000000000e+03 5.153322544817137896e+02
1.451000000000000000e+03 4.890539645125138009e+02
1.452000000000000000e+03 2.928634700659364398e+02
1.453000000000000000e+03 3.727649374553395774e+02
1.454000000000000000e+03 3.907551002030390350e+02
1.455000000000000000e+03 6.286912714713722607e+02
1.456000000000000000e+03 7.862193023219448378e+02
1.457000000000000000e+03 4.937486555524173468e+02
1.458000000000000000e+03 6.837361121648439166e+02
1.459000000000000000e+03 8.550875757705359774e+02
1.460000000000000000e+03 8.270285842522068833e+02
1.461000000000000000e+03 6.367602610835203905e+02
1.462000000000000000e+03 4.709331324199413302e+02
1.463000000000000000e+03 8.612835927941601994e+02
1.464000000000000000e+03 5.861522938254329347e+02
1.465000000000000000e+03 1.008360357264920708e+03
1.466000000000000000e+03 1.273534460627261751e+03
1.467000000000000000e+03 1.138081412509182883e+03
1.468000000000000000e+03 9.602657411761654203e+02
1.469000000000000000e+03 1.020507193195144055e+03
1.470000000000000000e+03 1.189708282622810202e+03
1.471000000000000000e+03 8.182277203516889585e+02
1.472000000000000000e+03 1.659623467333748749e+03
1.473000000000000000e+03 1.213342600950172709e+03
1.474000000000000000e+03 1.169786281791779629e+03
1.475000000000000000e+03 1.865223442594202652e+03
1.476000000000000000e+03 1.947428715247918717e+03
1.477000000000000000e+03 2.178920529554952282e+03
1.478000000000000000e+03 2.241293518365097498e+03
1.479000000000000000e+03 3.624230453258025591e+03
1.480000000000000000e+03 2.681340194502884060e+03
1.481000000000000000e+03 3.010282650611838108e+03
1.482000000000000000e+03 3.256835341756154321e+03
1.483000000000000000e+03 3.675412456252885477e+03
1.484000000000000000e+03 4.661733775015719402e+03
1.485000000000000000e+03 4.451468758818533388e+03
1.486000000000000000e+03 5.914511620309192949e+03
1.487000000000000000e+03 7.930494549800072491e+03
1.488000000000000000e+03 6.955564217067419122e+03
1.489000000000000000e+03 8.243587742356789022e+03
1.490000000000000000e+03 1.064441038759798175e+04
1.491000000000000000e+03 1.513369792633225916e+04
1.492000000000000000e+03 1.939161508303171286e+04
1.493000000000000000e+03 3.058450470315005441e+04
1.494000000000000000e+03 4.819991240689063852e+04
1.495000000000000000e+03 7.615937275590917852e+04
1.496000000000000000e+03 1.392531927584468212e+05
1.497000000000000000e+03 2.351124847262379481e+05
1.498000000000000000e+03 4.460672689160351292e+05
