# freq power
0.000000000000000000e+00 4.338468738160052838e-25
1.000000000000000000e+00 5.156741879297970445e+05
2.000000000000000000e+00 2.218892177885460842e+05
3.000000000000000000e+00 1.058535143003869598e+05
4.000000000000000000e+00 7.094127339918438520e+04
5.000000000000000000e+00 3.782619498086196836e+04
6.000000000000000000e+00 2.883489174639502380e+04
7.000000000000000000e+00 2.061144072929190224e+04
8.000000000000000000e+00 1.398721186839306574e+04
9.000000000000000000e+00 1.212606136598531521e+04
1.000000000000000000e+01 7.941987202713748957e+03
1.100000000000000000e+01 6.351771357296679525e+03
1.200000000000000000e+01 6.394711587765335935e+03
1.300000000000000000e+01 5.846790953314095532e+03
1.400000000000000000e+01 5.069472821020722222e+03
1.500000000000000000e+01 4.272777559313275560e+03
1.600000000000000000e+01 3.870094349113552198e+03
1.700000000000000000e+01 2.971562721882305141e+03
1.800000000000000000e+01 2.946968948390218884e+03
1.900000000000000000e+01 2.159793416718833214e+03
2.000000000000000000e+01 2.186915755882203030e+03
2.100000000000000000e+01 2.113703157281907806e+03
2.200000000000000000e+01 1.449004182006289057e+03
2.300000000000000000e+01 1.307150735105713693e+03
2.400000000000000000e+01 1.598998812022306311e+03
2.500000000000000000e+01 1.337617385678059236e+03
2.600000000000000000e+01 1.227261424861863588e+03
2.700000000000000000e+01 1.115094554629421737e+03
2.800000000000000000e+01 1.435028954180748997e+03
2.900000000000000000e+01 1.076672508764086388e+03
3.000000000000000000e+01 8.840758011627966653e+02
3.100000000000000000e+01 7.321429546324229705e+02
3.200000000000000000e+01 8.004337319634189498e+02
3.300000000000000000e+01 1.075413985359514982e+03
3.400000000000000000e+01 8.015485973827969701e+02
3.500000000000000000e+01 1.356695498923748119e+03
3.600000000000000000e+01 4.130419635329873245e+02
3.700000000000000000e+01 5.715109785648808156e+02
3.800000000000000000e+01 7.253184458623200044e+02
3.900000000000000000e+01 6.014214204663215924e+02
4.000000000000000000e+01 6.605368386096204176e+02
4.100000000000000000e+01 8.081150887293218830e+02
4.200000000000000000e+01 4.740951992095170340e+02
4.300000000000000000e+01 9.437840740195520084e+02
4.400000000000000000e+01 4.291274546800239023e+02
4.500000000000000000e+01 6.487142544665065316e+02
4.600000000000000000e+01 5.808191091909677652e+02
4.700000000000000000e+01 6.760110806356506146e+02
4.800000000000000000e+01 4.782403892379430772e+02
4.900000000000000000e+01 5.300382668096120824e+02
5.000000000000000000e+01 4.221369722362532002e+02
5.100000000000000000e+01 3.495224232065082788e+02
5.200000000000000000e+01 4.160065125722864536e+02
5.300000000000000000e+01 2.958903614199616072e+02
5.400000000000000000e+01 3.892567669966506969e+02
5.500000000000000000e+01 2.054605338542109223e+02
5.600000000000000000e+01 3.135851470270357026e+02
5.700000000000000000e+01 3.831698286836885927e+02
5.800000000000000000e+01 2.896605185117129508e+02
5.900000000000000000e+01 2.959961749411925780e+02
6.000000000000000000e+01 1.850255554088170982e+02
6.100000000000000000e+01 3.572832187419879801e+02
6.200000000000000000e+01 2.963654250761909452e+02
6.300000000000000000e+01 3.131917646691902632e+02
6.400000000000000000e+01 2.737474042314445342e+02
6.500000000000000000e+01 2.731057467013533824e+02
6.600000000000000000e+01 1.902890982437123171e+02
6.700000000000000000e+01 2.459042157161933915e+02
6.800000000000000000e+01 2.137369830102718424e+02
6.900000000000000000e+01 2.586042908275039167e+02
7.000000000000000000e+01 1.910204051921596715e+02
7.100000000000000000e+01 1.738963969422753451e+02
7.200000000000000000e+01 1.383914279426452936e+02
7.300000000000000000e+01 1.299086769338406384e+02
7.400000000000000000e+01 1.098582511285170256e+02
7.500000000000000000e+01 1.731795281432693514e+02
7.600000000000000000e+01 2.349808683227719825e+02
7.700000000000000000e+01 1.933746080364524573e+02
7.800000000000000000e+01 1.494586360651994994e+02
7.900000000000000000e+01 1.099274641833884374e+02
8.000000000000000000e+01 1.197928934370608118e+02
8.100000000000000000e+01 1.526221339480482300e+02
8.200000000000000000e+01 1.547286779281900237e+02
8.300000000000000000e+01 7.912912330869806965e+01
8.400000000000000000e+01 1.202726865375022527e+02
8.500000000000000000e+01 5.869806663563146287e+01
8.600000000000000000e+01 1.426489806248330865e+02
8.700000000000000000e+01 1.522075624923420776e+02
8.800000000000000000e+01 1.219552653578128201e+02
8.900000000000000000e+01 9.026144579795096945e+01
9.000000000000000000e+01 1.518874148768796317e+02
9.100000000000000000e+01 9.988241213837738997e+01
9.200000000000000000e+01 1.290815358224749900e+02
9.300000000000000000e+01 7.856458291100544500e+01
9.400000000000000000e+01 8.547335601772225289e+01
9.500000000000000000e+01 1.557523264138363288e+02
9.600000000000000000e+01 1.166103358087083706e+02
9.700000000000000000e+01 9.047911558411719568e+01
9.800000000000000000e+01 1.062510899391658938e+02
9.900000000000000000e+01 1.112592237047994246e+02
1.000000000000000000e+02 8.155583677947139165e+01
1.010000000000000000e+02 7.555097410289522486e+01
1.020000000000000000e+02 9.503045126207047133e+01
1.030000000000000000e+02 7.756985093225225114e+01
1.040000000000000000e+02 9.134601356587529608e+01
1.050000000000000000e+02 6.376604829324007540e+01
1.060000000000000000e+02 7.117701370078718526e+01
1.070000000000000000e+02 6.716481535746687825e+01
1.080000000000000000e+02 6.992774334453308427e+01
1.090000000000000000e+02 7.000386958769175294e+01
1.100000000000000000e+02 7.683348732396264325e+01
1.110000000000000000e+02 1.025104628673947218e+02
1.120000000000000000e+02 6.975288266786644442e+01
1.130000000000000000e+02 8.786727968166091784e+01
1.140000000000000000e+02 7.331082281614544627e+01
1.150000000000000000e+02 8.271125022460989840e+01
1.160000000000000000e+02 5.364050980651440881e+01
1.170000000000000000e+02 8.373609112830550316e+01
1.180000000000000000e+02 5.922274068324468743e+01
1.190000000000000000e+02 4.047307727171872926e+01
1.200000000000000000e+02 9.583151643426133148e+01
1.210000000000000000e+02 5.260471529824993553e+01
1.220000000000000000e+02 8.122009171576391395e+01
1.230000000000000000e+02 5.622598262363433719e+01
1.240000000000000000e+02 5.012299294981028197e+01
1.250000000000000000e+02 7.025894884941024543e+01
1.260000000000000000e+02 4.412327726397560923e+01
1.270000000000000000e+02 4.946846449948967717e+01
1.280000000000000000e+02 5.245220298419181404e+01
1.290000000000000000e+02 4.993105869787930118e+01
1.300000000000000000e+02 4.783546406360452607e+01
1.310000000000000000e+02 5.145732186580426060e+01
1.320000000000000000e+02 7.014664561899211037e+01
1.330000000000000000e+02 6.174082663465092935e+01
1.340000000000000000e+02 3.865854997646550828e+01
1.350000000000000000e+02 5.643791873989703589e+01
1.360000000000000000e+02 5.319277938239048353e+01
1.370000000000000000e+02 5.354016817370258252e+01
1.380000000000000000e+02 5.392341125579074657e+01
1.390000000000000000e+02 5.645487976371891392e+01
1.400000000000000000e+02 5.032077282332846835e+01
1.410000000000000000e+02 5.564763722269995583e+01
1.420000000000000000e+02 3.940747271502042537e+01
1.430000000000000000e+02 4.334281223792343241e+01
1.440000000000000000e+02 6.006030580103136884e+01
1.450000000000000000e+02 4.761713889333769600e+01
1.460000000000000000e+02 4.507385217708192471e+01
1.470000000000000000e+02 4.922009683367092236e+01
1.480000000000000000e+02 3.932965043003215300e+01
1.490000000000000000e+02 3.712378109735219311e+01
1.500000000000000000e+02 3.923971255909038547e+01
1.510000000000000000e+02 3.440127402321731154e+01
1.520000000000000000e+02 2.867965696882458104e+01
1.530000000000000000e+02 4.264377877420461260e+01
1.540000000000000000e+02 3.844991608234094116e+01
1.550000000000000000e+02 4.447321239319250452e+01
1.560000000000000000e+02 3.817507968265451979e+01
1.570000000000000000e+02 3.413131688651697715e+01
1.580000000000000000e+02 3.905209097539446361e+01
1.590000000000000000e+02 4.061318115768355597e+01
1.600000000000000000e+02 3.961339647388945195e+01
1.610000000000000000e+02 3.090414859189358765e+01
1.620000000000000000e+02 4.126674971663379665e+01
1.630000000000000000e+02 3.260569629666654379e+01
1.640000000000000000e+02 3.868099539226820127e+01
1.650000000000000000e+02 2.990767620599499566e+01
1.660000000000000000e+02 4.044635985490526764e+01
1.670000000000000000e+02 3.205738889366601541e+01
1.680000000000000000e+02 3.165607411989355313e+01
1.690000000000000000e+02 3.966838185281477536e+01
1.700000000000000000e+02 2.985625334998294989e+01
1.710000000000000000e+02 3.907418296751951203e+01
1.720000000000000000e+02 3.830202966775225093e+01
1.730000000000000000e+02 2.803943400016277820e+01
1.740000000000000000e+02 2.925668363298972352e+01
1.750000000000000000e+02 3.636436676093526899e+01
1.760000000000000000e+02 3.205236641934851605e+01
1.770000000000000000e+02 3.031603636272219759e+01
1.780000000000000000e+02 2.679343411247901585e+01
1.790000000000000000e+02 3.040490494785794695e+01
1.800000000000000000e+02 2.988442632919859676e+01
1.810000000000000000e+02 3.003577162977147808e+01
1.820000000000000000e+02 2.714940621049747094e+01
1.830000000000000000e+02 2.851382962220875328e+01
1.840000000000000000e+02 3.368151847171441204e+01
1.850000000000000000e+02 2.587777033098804225e+01
1.860000000000000000e+02 2.927988711058554117e+01
1.870000000000000000e+02 2.444136552527592343e+01
1.880000000000000000e+02 3.123989376946475716e+01
1.890000000000000000e+02 2.689537675640728054e+01
1.900000000000000000e+02 2.857552310139508123e+01
1.910000000000000000e+02 2.970915995971160584e+01
1.920000000000000000e+02 2.455884676254176568e+01
1.930000000000000000e+02 2.508380990402533683e+01
1.940000000000000000e+02 2.418574609345584747e+01
1.950000000000000000e+02 2.355159117424782877e+01
1.960000000000000000e+02 2.261479957136730690e+01
1.970000000000000000e+02 2.615535738015680423e+01
1.980000000000000000e+02 2.445686629318847594e+01
1.990000000000000000e+02 2.725048416901079307e+01
2.000000000000000000e+02 2.426698733543737774e+01
2.010000000000000000e+02 2.297397012030955565e+01
2.020000000000000000e+02 2.671376159074015177e+01
2.030000000000000000e+02 2.272501217580579436e+01
2.040000000000000000e+02 2.518652462590450725e+01
2.050000000000000000e+02 2.095483895647523909e+01
2.060000000000000000e+02 2.531098173497739978e+01
2.070000000000000000e+02 2.471545552614755792e+01
2.080000000000000000e+02 2.137838891659584917e+01
2.090000000000000000e+02 2.101038118336690630e+01
2.100000000000000000e+02 1.909247387213594394e+01
2.110000000000000000e+02 2.036923141808454574e+01
2.120000000000000000e+02 2.221427681770530427e+01
2.130000000000000000e+02 2.134506753678414626e+01
2.140000000000000000e+02 2.256439355363070121e+01
2.150000000000000000e+02 1.935114017796406571e+01
2.160000000000000000e+02 2.296134220158526063e+01
2.170000000000000000e+02 1.870705542589313808e+01
2.180000000000000000e+02 2.105291686702558707e+01
2.190000000000000000e+02 2.091371750516371009e+01
2.200000000000000000e+02 2.104056582219191185e+01
2.210000000000000000e+02 1.826334405458167964e+01
2.220000000000000000e+02 1.952467149154223236e+01
2.230000000000000000e+02 1.990177450191085740e+01
2.240000000000000000e+02 1.781081176529642818e+01
2.250000000000000000e+02 2.125200699221549883e+01
2.260000000000000000e+02 1.861801239829264532e+01
2.270000000000000000e+02 1.960997030724715628e+01
2.280000000000000000e+02 1.715370382806633742e+01
2.290000000000000000e+02 2.056772705528599943e+01
2.300000000000000000e+02 1.712631778439614649e+01
2.310000000000000000e+02 2.033591022545932603e+01
2.320000000000000000e+02 1.800625680122615435e+01
2.330000000000000000e+02 1.830277969183674003e+01
2.340000000000000000e+02 1.774760102499665848e+01
2.350000000000000000e+02 1.845139036870667937e+01
2.360000000000000000e+02 1.969233651441420463e+01
2.370000000000000000e+02 1.702406816585626359e+01
2.380000000000000000e+02 1.932219464394156816e+01
2.390000000000000000e+02 1.702155400220605941e+01
2.400000000000000000e+02 1.557930477841377837e+01
2.410000000000000000e+02 1.597903548931500239e+01
2.420000000000000000e+02 1.755209243249114337e+01
2.430000000000000000e+02 1.700912791259744239e+01
2.440000000000000000e+02 1.569231180696920269e+01
2.450000000000000000e+02 1.710229186470582263e+01
2.460000000000000000e+02 1.782044275222528640e+01
2.470000000000000000e+02 1.845367228534760784e+01
2.480000000000000000e+02 1.591534910342890718e+01
2.490000000000000000e+02 1.653964526107269606e+01
2.500000000000000000e+02 1.490945335895622037e+01
2.510000000000000000e+02 1.601759324064433443e+01
2.520000000000000000e+02 1.714921290094163808e+01
2.530000000000000000e+02 1.602789646822062153e+01
2.540000000000000000e+02 1.526788518725820154e+01
2.550000000000000000e+02 1.648325687257913685e+01
2.560000000000000000e+02 1.644525485965102973e+01
2.570000000000000000e+02 1.535693419351332345e+01
2.580000000000000000e+02 1.521679165521920041e+01
2.590000000000000000e+02 1.353078138806061048e+01
2.600000000000000000e+02 1.460295404690089782e+01
2.610000000000000000e+02 1.523464438038614510e+01
2.620000000000000000e+02 1.654023227530408846e+01
2.630000000000000000e+02 1.419269312631758773e+01
2.640000000000000000e+02 1.409760072004690556e+01
2.650000000000000000e+02 1.542653007298563672e+01
2.660000000000000000e+02 1.344416034999457921e+01
2.670000000000000000e+02 1.354949847752391001e+01
2.680000000000000000e+02 1.403827237137913464e+01
2.690000000000000000e+02 1.463123460170442236e+01
2.700000000000000000e+02 1.334720885520765954e+01
2.710000000000000000e+02 1.419455458778152668e+01
2.720000000000000000e+02 1.301586575533035450e+01
2.730000000000000000e+02 1.307021927988020948e+01
2.740000000000000000e+02 1.432795551222654851e+01
2.750000000000000000e+02 1.443401594651622766e+01
2.760000000000000000e+02 1.445271516231441034e+01
2.770000000000000000e+02 1.179135224462813802e+01
2.780000000000000000e+02 1.302406057222495406e+01
2.790000000000000000e+02 1.357139748347150388e+01
2.800000000000000000e+02 1.251975939073276933e+01
2.810000000000000000e+02 1.424456381017347972e+01
2.820000000000000000e+02 1.135557911209793147e+01
2.830000000000000000e+02 1.362953423554758459e+01
2.840000000000000000e+02 1.281249607606145524e+01
2.850000000000000000e+02 1.225394623120439164e+01
2.860000000000000000e+02 1.303581013577151282e+01
2.870000000000000000e+02 1.256432909910700602e+01
2.880000000000000000e+02 1.330550475122716492e+01
2.890000000000000000e+02 1.199907983025628155e+01
2.900000000000000000e+02 1.187636540924597739e+01
2.910000000000000000e+02 1.202672432191321050e+01
2.920000000000000000e+02 1.271516435083662699e+01
2.930000000000000000e+02 1.206409755587584343e+01
2.940000000000000000e+02 1.213913956868475452e+01
2.950000000000000000e+02 1.287772764837737682e+01
2.960000000000000000e+02 1.193845146184763628e+01
2.970000000000000000e+02 1.188660788163844195e+01
2.980000000000000000e+02 1.154302450525947243e+01
2.990000000000000000e+02 1.202876452603794277e+01
3.000000000000000000e+02 1.048000765979591087e+01
3.010000000000000000e+02 1.041126515951977360e+01
3.020000000000000000e+02 1.163662264339090946e+01
3.030000000000000000e+02 1.110658401601112288e+01
3.040000000000000000e+02 1.201554492633334092e+01
3.050000000000000000e+02 1.186486398077702908e+01
3.060000000000000000e+02 1.084381068795785197e+01
3.070000000000000000e+02 1.077584193659814282e+01
3.080000000000000000e+02 1.127449565925457975e+01
3.090000000000000000e+02 1.031832635705598022e+01
3.100000000000000000e+02 1.100476849008134828e+01
3.110000000000000000e+02 1.066419229511506472e+01
3.120000000000000000e+02 1.107924237812338042e+01
3.130000000000000000e+02 1.092279325420591718e+01
3.140000000000000000e+02 9.589206016805920996e+00
3.150000000000000000e+02 1.053534237975690324e+01
3.160000000000000000e+02 1.019677557921742483e+01
3.170000000000000000e+02 1.022874918488497187e+01
3.180000000000000000e+02 1.078454996133958055e+01
3.190000000000000000e+02 1.028529341259798002e+01
3.200000000000000000e+02 1.064022854092770665e+01
3.210000000000000000e+02 1.068328322170785682e+01
3.220000000000000000e+02 1.065607211667614074e+01
3.230000000000000000e+02 9.814500798657304514e+00
3.240000000000000000e+02 1.064314427013493436e+01
3.250000000000000000e+02 1.034921559320577522e+01
3.260000000000000000e+02 9.958553604511033441e+00
3.270000000000000000e+02 9.401391768933770265e+00
3.280000000000000000e+02 9.352195672263180271e+00
3.290000000000000000e+02 1.053301598765651015e+01
3.300000000000000000e+02 9.494569582714207812e+00
3.310000000000000000e+02 9.923332594233867709e+00
3.320000000000000000e+02 9.486729320185009584e+00
3.330000000000000000e+02 9.605074332296005934e+00
3.340000000000000000e+02 9.449231943708618076e+00
3.350000000000000000e+02 9.747356461499856906e+00
3.360000000000000000e+02 9.400690159788252842e+00
3.370000000000000000e+02 9.315700009644432456e+00
3.380000000000000000e+02 9.121992203840388669e+00
3.390000000000000000e+02 9.522780493162786186e+00
3.400000000000000000e+02 9.344037637838457755e+00
3.410000000000000000e+02 9.374694416254031992e+00
3.420000000000000000e+02 9.431883587802230906e+00
3.430000000000000000e+02 9.201762627859014998e+00
3.440000000000000000e+02 9.318081800436480933e+00
3.450000000000000000e+02 9.195138626728279974e+00
3.460000000000000000e+02 8.975759490603774537e+00
3.470000000000000000e+02 8.909126320458303994e+00
3.480000000000000000e+02 9.096582668520358794e+00
3.490000000000000000e+02 8.341185054135980437e+00
3.500000000000000000e+02 9.127447003984350715e+00
3.510000000000000000e+02 8.929677400775359430e+00
3.520000000000000000e+02 8.882359213594847702e+00
3.530000000000000000e+02 8.879414693332419617e+00
3.540000000000000000e+02 8.547507347461824168e+00
3.550000000000000000e+02 9.008578974088326419e+00
3.560000000000000000e+02 8.446912100956465608e+00
3.570000000000000000e+02 8.412487227995958605e+00
3.580000000000000000e+02 9.044146277879544726e+00
3.590000000000000000e+02 8.441218425458229646e+00
3.600000000000000000e+02 8.713942830536721473e+00
3.610000000000000000e+02 8.140198065995761567e+00
3.620000000000000000e+02 8.728427644949583453e+00
3.630000000000000000e+02 8.442845342960000110e+00
3.640000000000000000e+02 8.291160515679717236e+00
3.650000000000000000e+02 8.530810435878983355e+00
3.660000000000000000e+02 8.184591935745283209e+00
3.670000000000000000e+02 8.231015681049937527e+00
3.680000000000000000e+02 8.028697440296205912e+00
3.690000000000000000e+02 8.180175924049178704e+00
3.700000000000000000e+02 8.306798823649263142e+00
3.710000000000000000e+02 7.575175527232718586e+00
3.720000000000000000e+02 8.289387823582192283e+00
3.730000000000000000e+02 7.872808599777259886e+00
3.740000000000000000e+02 7.931056813011867490e+00
3.750000000000000000e+02 7.840945764449438471e+00
3.760000000000000000e+02 7.783488342766860413e+00
3.770000000000000000e+02 8.232346040552718236e+00
3.780000000000000000e+02 7.556370793433972111e+00
3.790000000000000000e+02 8.415355331623413093e+00
3.800000000000000000e+02 8.006096115826482063e+00
3.810000000000000000e+02 7.912921201123113590e+00
3.820000000000000000e+02 7.782919721008988212e+00
3.830000000000000000e+02 7.414498831578448801e+00
3.840000000000000000e+02 7.898507531093739154e+00
3.850000000000000000e+02 7.178432493288863903e+00
3.860000000000000000e+02 8.019092337932381298e+00
3.870000000000000000e+02 7.617863663507907113e+00
3.880000000000000000e+02 7.412550433504702774e+00
3.890000000000000000e+02 7.390176852438266053e+00
3.900000000000000000e+02 7.234526569740037161e+00
3.910000000000000000e+02 7.679328781777126522e+00
3.920000000000000000e+02 7.251925662471656153e+00
3.930000000000000000e+02 7.133128233672785257e+00
3.940000000000000000e+02 7.505379055857417825e+00
3.950000000000000000e+02 7.376362587684845096e+00
3.960000000000000000e+02 7.269394770760951197e+00
3.970000000000000000e+02 7.451573477193920603e+00
3.980000000000000000e+02 7.227536527132054189e+00
3.990000000000000000e+02 7.277298912280574683e+00
4.000000000000000000e+02 7.200039863566018994e+00
4.010000000000000000e+02 7.190155770118786371e+00
4.020000000000000000e+02 7.202841267548373949e+00
4.030000000000000000e+02 7.080822158784185305e+00
4.040000000000000000e+02 6.869754413669197035e+00
4.050000000000000000e+02 7.177328184587806525e+00
4.060000000000000000e+02 7.118125783623292513e+00
4.070000000000000000e+02 6.715279660787116356e+00
4.080000000000000000e+02 6.858536669431977373e+00
4.090000000000000000e+02 6.715600949338752734e+00
4.100000000000000000e+02 7.180668867681331058e+00
4.110000000000000000e+02 6.770200081882690846e+00
4.120000000000000000e+02 6.895822782320391475e+00
4.130000000000000000e+02 6.836260809658634585e+00
4.140000000000000000e+02 6.976136801135551124e+00
4.150000000000000000e+02 7.040251822758310851e+00
4.160000000000000000e+02 6.548407424391063714e+00
4.170000000000000000e+02 6.697573158906036994e+00
4.180000000000000000e+02 6.925525277643773236e+00
4.190000000000000000e+02 6.715821900591395277e+00
4.200000000000000000e+02 6.745347294079095057e+00
4.210000000000000000e+02 6.629421698448619615e+00
4.220000000000000000e+02 6.574960695862023030e+00
4.230000000000000000e+02 6.500274215228954766e+00
4.240000000000000000e+02 6.843128866705002977e+00
4.250000000000000000e+02 6.614372527446069405e+00
4.260000000000000000e+02 6.610918979433145104e+00
4.270000000000000000e+02 6.289852797191226585e+00
4.280000000000000000e+02 6.457147739598218195e+00
4.290000000000000000e+02 6.682240939878067110e+00
4.300000000000000000e+02 6.308228157933430502e+00
4.310000000000000000e+02 6.440809039066030195e+00
4.320000000000000000e+02 6.622306177253643789e+00
4.330000000000000000e+02 6.591737179558007753e+00
4.340000000000000000e+02 6.405286832713097844e+00
4.350000000000000000e+02 6.492868574704551143e+00
4.360000000000000000e+02 6.355854898036597866e+00
4.370000000000000000e+02 6.225174617180669223e+00
4.380000000000000000e+02 6.360184361411881149e+00
4.390000000000000000e+02 6.359221311982280689e+00
4.400000000000000000e+02 6.147599402726124040e+00
4.410000000000000000e+02 6.302560186153192134e+00
4.420000000000000000e+02 6.192708306289915754e+00
4.430000000000000000e+02 6.292667331944416631e+00
4.440000000000000000e+02 6.057948315713783671e+00
4.450000000000000000e+02 6.329127714494017454e+00
4.460000000000000000e+02 6.175178542604461640e+00
4.470000000000000000e+02 6.136425327431497045e+00
4.480000000000000000e+02 6.161571154734605038e+00
4.490000000000000000e+02 6.356066798896921277e+00
4.500000000000000000e+02 5.758841636922746865e+00
4.510000000000000000e+02 5.861256317624254919e+00
4.520000000000000000e+02 6.170811684975916478e+00
4.530000000000000000e+02 5.977369395116488349e+00
4.540000000000000000e+02 5.911311692359253023e+00
4.550000000000000000e+02 6.045883502433008871e+00
4.560000000000000000e+02 5.950504367703746134e+00
4.570000000000000000e+02 5.789988646981195863e+00
4.580000000000000000e+02 5.924269468112770554e+00
4.590000000000000000e+02 6.080469558273092545e+00
4.600000000000000000e+02 6.092632571358868709e+00
4.610000000000000000e+02 5.905592010034416361e+00
4.620000000000000000e+02 5.891241494588674854e+00
4.630000000000000000e+02 5.849802336807135461e+00
4.640000000000000000e+02 5.746962081780873532e+00
4.650000000000000000e+02 5.782474173138578699e+00
4.660000000000000000e+02 5.871194878779355975e+00
4.670000000000000000e+02 5.723738616769239229e+00
4.680000000000000000e+02 5.872723131877622293e+00
4.690000000000000000e+02 5.815730770689123474e+00
4.700000000000000000e+02 5.832802712656307342e+00
4.710000000000000000e+02 5.749538724773858078e+00
4.720000000000000000e+02 5.804772176509662707e+00
4.730000000000000000e+02 5.640909224750470408e+00
4.740000000000000000e+02 5.648436418814660520e+00
4.750000000000000000e+02 5.648153771931363920e+00
4.760000000000000000e+02 5.805266362843628514e+00
4.770000000000000000e+02 5.561645154959619752e+00
4.780000000000000000e+02 5.636225637431278024e+00
4.790000000000000000e+02 5.809310206970179635e+00
4.800000000000000000e+02 5.590065822684183061e+00
4.810000000000000000e+02 5.675158246705152010e+00
4.820000000000000000e+02 5.443670922379973298e+00
4.830000000000000000e+02 5.697781534045081031e+00
4.840000000000000000e+02 5.588387304878978057e+00
4.850000000000000000e+02 5.368345030172758214e+00
4.860000000000000000e+02 5.568136825139717416e+00
4.870000000000000000e+02 5.527333728522709322e+00
4.880000000000000000e+02 5.302870118052720905e+00
4.890000000000000000e+02 5.502479995626001319e+00
4.900000000000000000e+02 5.455467771020392043e+00
4.910000000000000000e+02 5.315255900152640933e+00
4.920000000000000000e+02 5.470773306031901484e+00
4.930000000000000000e+02 5.407344918057109595e+00
4.940000000000000000e+02 5.498779554822950999e+00
4.950000000000000000e+02 5.566973187492927799e+00
4.960000000000000000e+02 5.285437013266296447e+00
4.970000000000000000e+02 5.530228299625179922e+00
4.980000000000000000e+02 5.370359253624190643e+00
4.990000000000000000e+02 5.151628212644186355e+00
5.000000000000000000e+02 5.404528570489832262e+00
5.010000000000000000e+02 5.353374233724301767e+00
5.020000000000000000e+02 5.209937959438827093e+00
5.030000000000000000e+02 5.167319466229374214e+00
5.040000000000000000e+02 5.394801399265386266e+00
5.050000000000000000e+02 5.263329218588473246e+00
5.060000000000000000e+02 5.078485714017145547e+00
5.070000000000000000e+02 5.184047088973675166e+00
5.080000000000000000e+02 5.213527432825655339e+00
5.090000000000000000e+02 5.193812356481526393e+00
5.100000000000000000e+02 5.099134602591373522e+00
5.110000000000000000e+02 5.222391965169327577e+00
5.120000000000000000e+02 5.051451614950573266e+00
5.130000000000000000e+02 5.078726968624147631e+00
5.140000000000000000e+02 5.225004174435140314e+00
5.150000000000000000e+02 5.137740145407676984e+00
5.160000000000000000e+02 5.169530706755931071e+00
5.170000000000000000e+02 5.054312829646509186e+00
5.180000000000000000e+02 5.098081057353749834e+00
5.190000000000000000e+02 5.147862058252122175e+00
5.200000000000000000e+02 4.990369056660219904e+00
5.210000000000000000e+02 5.199794498028937006e+00
5.220000000000000000e+02 5.104818158991792032e+00
5.230000000000000000e+02 5.132039304838636795e+00
5.240000000000000000e+02 5.104495546196683442e+00
5.250000000000000000e+02 4.996573364367884018e+00
5.260000000000000000e+02 5.050889659012967492e+00
5.270000000000000000e+02 5.033731361337887122e+00
5.280000000000000000e+02 4.934190746012846240e+00
5.290000000000000000e+02 4.859587400628901044e+00
5.300000000000000000e+02 4.928361437444053195e+00
5.310000000000000000e+02 5.005286252247524104e+00
5.320000000000000000e+02 4.989097323598003619e+00
5.330000000000000000e+02 4.879677139439997369e+00
5.340000000000000000e+02 4.852643162328574178e+00
5.350000000000000000e+02 4.854458167285625514e+00
5.360000000000000000e+02 4.908105036171876989e+00
5.370000000000000000e+02 4.898484612700706897e+00
5.380000000000000000e+02 4.932359439485088259e+00
5.390000000000000000e+02 4.852058498598642799e+00
5.400000000000000000e+02 4.940411619729120574e+00
5.410000000000000000e+02 4.906877525150177277e+00
5.420000000000000000e+02 4.850326156194159744e+00
5.430000000000000000e+02 4.768299042275333299e+00
5.440000000000000000e+02 4.748927205218425485e+00
5.450000000000000000e+02 4.831335607374243502e+00
5.460000000000000000e+02 4.780662717435890663e+00
5.470000000000000000e+02 4.754637423329347357e+00
5.480000000000000000e+02 4.858563148246848762e+00
5.490000000000000000e+02 4.856655402000714439e+00
5.500000000000000000e+02 4.797476855471997759e+00
5.510000000000000000e+02 4.723440167582926286e+00
5.520000000000000000e+02 4.677275682436589754e+00
5.530000000000000000e+02 4.809776355958730321e+00
5.540000000000000000e+02 4.776630083852820619e+00
5.550000000000000000e+02 4.719454286233368379e+00
5.560000000000000000e+02 4.625344616694297528e+00
5.570000000000000000e+02 4.734651720137661002e+00
5.580000000000000000e+02 4.588511265080357227e+00
5.590000000000000000e+02 4.772496540520936747e+00
5.600000000000000000e+02 4.618287038133555455e+00
5.610000000000000000e+02 4.665408597586234052e+00
5.620000000000000000e+02 4.696228360295613413e+00
5.630000000000000000e+02 4.617952862537570091e+00
5.640000000000000000e+02 4.740370773041573393e+00
5.650000000000000000e+02 4.608602946309801496e+00
5.660000000000000000e+02 4.665162387796261356e+00
5.670000000000000000e+02 4.629766484041843988e+00
5.680000000000000000e+02 4.736979643352507097e+00
5.690000000000000000e+02 4.586216726569517732e+00
5.700000000000000000e+02 4.651657125273822579e+00
5.710000000000000000e+02 4.543497053370928462e+00
5.720000000000000000e+02 4.565824168876438272e+00
5.730000000000000000e+02 4.607577210458587480e+00
5.740000000000000000e+02 4.562535430698907213e+00
5.750000000000000000e+02 4.505504698846665157e+00
5.760000000000000000e+02 4.574089887694817946e+00
5.770000000000000000e+02 4.604751003783779773e+00
5.780000000000000000e+02 4.673558992759295982e+00
5.790000000000000000e+02 4.584101082181743614e+00
5.800000000000000000e+02 4.488622017869300151e+00
5.810000000000000000e+02 4.451927489479340139e+00
5.820000000000000000e+02 4.486469518879530050e+00
5.830000000000000000e+02 4.559129188260603982e+00
5.840000000000000000e+02 4.591343329819610020e+00
5.850000000000000000e+02 4.579622075056184016e+00
5.860000000000000000e+02 4.543097338507893213e+00
5.870000000000000000e+02 4.528284799164215002e+00
5.880000000000000000e+02 4.493101398430190407e+00
5.890000000000000000e+02 4.477619644739207594e+00
5.900000000000000000e+02 4.472393080585805869e+00
5.910000000000000000e+02 4.506285068180951647e+00
5.920000000000000000e+02 4.523008671836892702e+00
5.930000000000000000e+02 4.406117682150752835e+00
5.940000000000000000e+02 4.498005901654678951e+00
5.950000000000000000e+02 4.412550621780278348e+00
5.960000000000000000e+02 4.544114887428939653e+00
5.970000000000000000e+02 4.494582909554039496e+00
5.980000000000000000e+02 4.407615505007905554e+00
5.990000000000000000e+02 4.462352129513184273e+00
6.000000000000000000e+02 4.349535249742555898e+00
6.010000000000000000e+02 4.309716586616329614e+00
6.020000000000000000e+02 4.493076314559833584e+00
6.030000000000000000e+02 4.417345892382313011e+00
6.040000000000000000e+02 4.375109240073456363e+00
6.050000000000000000e+02 4.323502744428528111e+00
6.060000000000000000e+02 4.301254622417935103e+00
6.070000000000000000e+02 4.398597932384981313e+00
6.080000000000000000e+02 4.282533954025356415e+00
6.090000000000000000e+02 4.369439320003706939e+00
6.100000000000000000e+02 4.410082934672219679e+00
6.110000000000000000e+02 4.307258393379498784e+00
6.120000000000000000e+02 4.426821547473431373e+00
6.130000000000000000e+02 4.306388519802701431e+00
6.140000000000000000e+02 4.400047373916545546e+00
6.150000000000000000e+02 4.324072690874921854e+00
6.160000000000000000e+02 4.330455446259763086e+00
6.170000000000000000e+02 4.240219966243672367e+00
6.180000000000000000e+02 4.299292445303710686e+00
6.190000000000000000e+02 4.329759783738561296e+00
6.200000000000000000e+02 4.398821279778066362e+00
6.210000000000000000e+02 4.292333710415046966e+00
6.220000000000000000e+02 4.319620638110573729e+00
6.230000000000000000e+02 4.316479854885476364e+00
6.240000000000000000e+02 4.277976242742349555e+00
6.250000000000000000e+02 4.331094533294844950e+00
6.260000000000000000e+02 4.252527754338083277e+00
6.270000000000000000e+02 4.227315798250608658e+00
6.280000000000000000e+02 4.258293759957652469e+00
6.290000000000000000e+02 4.356319757158905404e+00
6.300000000000000000e+02 4.238008655882322451e+00
6.310000000000000000e+02 4.176860679695974632e+00
6.320000000000000000e+02 4.158388426032980867e+00
6.330000000000000000e+02 4.218568012982123250e+00
6.340000000000000000e+02 4.208016025201504640e+00
6.350000000000000000e+02 4.189519880270767160e+00
6.360000000000000000e+02 4.237345997610363568e+00
6.370000000000000000e+02 4.191737557039685313e+00
6.380000000000000000e+02 4.201091532435943243e+00
6.390000000000000000e+02 4.229992929619857733e+00
6.400000000000000000e+02 4.203370779146461622e+00
6.410000000000000000e+02 4.133568501950152019e+00
6.420000000000000000e+02 4.201208719051236606e+00
6.430000000000000000e+02 4.160054012732019579e+00
6.440000000000000000e+02 4.161076962909023180e+00
6.450000000000000000e+02 4.262267292129950036e+00
6.460000000000000000e+02 4.219641359550886150e+00
6.470000000000000000e+02 4.183876786360317901e+00
6.480000000000000000e+02 4.132956148679332919e+00
6.490000000000000000e+02 4.265515303509842759e+00
6.500000000000000000e+02 4.151479540387173373e+00
6.510000000000000000e+02 4.196154521671304316e+00
6.520000000000000000e+02 4.176798676866004811e+00
6.530000000000000000e+02 4.188177454989274295e+00
6.540000000000000000e+02 4.161443853564871453e+00
6.550000000000000000e+02 4.116190485641079810e+00
6.560000000000000000e+02 4.088690338390151169e+00
6.570000000000000000e+02 4.082327809124495666e+00
6.580000000000000000e+02 4.147408148303397546e+00
6.590000000000000000e+02 4.207265945764211423e+00
6.600000000000000000e+02 4.103784135023792246e+00
6.610000000000000000e+02 4.138231904376118209e+00
6.620000000000000000e+02 4.119795470474604926e+00
6.630000000000000000e+02 4.185011227502969611e+00
6.640000000000000000e+02 4.070387376142502234e+00
6.650000000000000000e+02 4.045099251432070275e+00
6.660000000000000000e+02 4.127705591276653152e+00
6.670000000000000000e+02 4.107409091075421514e+00
6.680000000000000000e+02 4.212791490842142217e+00
6.690000000000000000e+02 4.137785629369022722e+00
6.700000000000000000e+02 4.172986283379492178e+00
6.710000000000000000e+02 4.067823069253249990e+00
6.720000000000000000e+02 4.162675486414599391e+00
6.730000000000000000e+02 4.149829111943850180e+00
6.740000000000000000e+02 4.054340974213805460e+00
6.750000000000000000e+02 4.071387464972959336e+00
6.760000000000000000e+02 4.053378626153632425e+00
6.770000000000000000e+02 4.102005249210706417e+00
6.780000000000000000e+02 4.113344676851204085e+00
6.790000000000000000e+02 4.008202213292560323e+00
6.800000000000000000e+02 4.038029438199107091e+00
6.810000000000000000e+02 4.067309088584104337e+00
6.820000000000000000e+02 4.056516271629086567e+00
6.830000000000000000e+02 4.115485593690549670e+00
6.840000000000000000e+02 4.106403242803836839e+00
6.850000000000000000e+02 4.059263846995989411e+00
6.860000000000000000e+02 4.153983911663871709e+00
6.870000000000000000e+02 4.044999434393653281e+00
6.880000000000000000e+02 4.035152869435592038e+00
6.890000000000000000e+02 4.039728713429633800e+00
6.900000000000000000e+02 4.092098884048272822e+00
6.910000000000000000e+02 4.000914838665769580e+00
6.920000000000000000e+02 4.137355554527969659e+00
6.930000000000000000e+02 4.036568848636639117e+00
6.940000000000000000e+02 4.099477679694040866e+00
6.950000000000000000e+02 4.043777358966222479e+00
6.960000000000000000e+02 4.054801719799517201e+00
6.970000000000000000e+02 4.078973151250623097e+00
6.980000000000000000e+02 4.041228067297578441e+00
6.990000000000000000e+02 4.074562077908123747e+00
7.000000000000000000e+02 4.049708821989780105e+00
7.010000000000000000e+02 3.988242805732082896e+00
7.020000000000000000e+02 4.021250053675692548e+00
7.030000000000000000e+02 3.966973250304437926e+00
7.040000000000000000e+02 4.023321879660169742e+00
7.050000000000000000e+02 4.099270857448467531e+00
7.060000000000000000e+02 3.997154261839930278e+00
7.070000000000000000e+02 4.084872790071747417e+00
7.080000000000000000e+02 4.023706706563146440e+00
7.090000000000000000e+02 4.008712831888134431e+00
7.100000000000000000e+02 4.008890677759264776e+00
7.110000000000000000e+02 3.990876297501660730e+00
7.120000000000000000e+02 4.134139973150663394e+00
7.130000000000000000e+02 3.971703084451980281e+00
7.140000000000000000e+02 4.051777049450134172e+00
7.150000000000000000e+02 4.014120232986565284e+00
7.160000000000000000e+02 3.995339804259130378e+00
7.170000000000000000e+02 4.014719294509855096e+00
7.180000000000000000e+02 4.058250355837460965e+00
7.190000000000000000e+02 4.025834227487220751e+00
7.200000000000000000e+02 4.015857949300804641e+00
7.210000000000000000e+02 4.020097314738692695e+00
7.220000000000000000e+02 4.022808979133523977e+00
7.230000000000000000e+02 4.043499759529347592e+00
7.240000000000000000e+02 4.038975921305683059e+00
7.250000000000000000e+02 3.960120512142450089e+00
7.260000000000000000e+02 4.001150889153048062e+00
7.270000000000000000e+02 4.071657648435658139e+00
7.280000000000000000e+02 4.059085526265342914e+00
7.290000000000000000e+02 4.016161173374216631e+00
7.300000000000000000e+02 4.020416566515224055e+00
7.310000000000000000e+02 4.005678917338036271e+00
7.320000000000000000e+02 4.039303171410832505e+00
7.330000000000000000e+02 3.991247865587317367e+00
7.340000000000000000e+02 3.976355623920230009e+00
7.350000000000000000e+02 4.006653442874993587e+00
7.360000000000000000e+02 4.023313239345033487e+00
7.370000000000000000e+02 4.038993499097656148e+00
7.380000000000000000e+02 4.007168784705377185e+00
7.390000000000000000e+02 4.020263460128948196e+00
7.400000000000000000e+02 3.941807681827246945e+00
7.410000000000000000e+02 3.975393250180155658e+00
7.420000000000000000e+02 3.974290695303603016e+00
7.430000000000000000e+02 3.988925544299055215e+00
7.440000000000000000e+02 4.008160441771646987e+00
7.450000000000000000e+02 3.998747580932571655e+00
7.460000000000000000e+02 3.994757372828737108e+00
7.470000000000000000e+02 4.047839340306537359e+00
7.480000000000000000e+02 4.040300957156192752e+00
7.490000000000000000e+02 4.020266218483104836e+00
7.500000000000000000e+02 4.020266218483124376e+00
7.510000000000000000e+02 4.040300957156134132e+00
7.520000000000000000e+02 4.047839340306625289e+00
7.530000000000000000e+02 3.994757372828754871e+00
7.540000000000000000e+02 3.998747580932585866e+00
7.550000000000000000e+02 4.008160441771676297e+00
7.560000000000000000e+02 3.988925544299075643e+00
7.570000000000000000e+02 3.974290695303668297e+00
7.580000000000000000e+02 3.975393250180117466e+00
7.590000000000000000e+02 3.941807681827347309e+00
7.600000000000000000e+02 4.020263460128863819e+00
7.610000000000000000e+02 4.007168784705396725e+00
7.620000000000000000e+02 4.038993499097700557e+00
7.630000000000000000e+02 4.023313239345005066e+00
7.640000000000000000e+02 4.006653442875061089e+00
7.650000000000000000e+02 3.976355623920204252e+00
7.660000000000000000e+02 3.991247865587412402e+00
7.670000000000000000e+02 4.039303171410846716e+00
7.680000000000000000e+02 4.005678917338029166e+00
7.690000000000000000e+02 4.020416566515192081e+00
7.700000000000000000e+02 4.016161173374236171e+00
7.710000000000000000e+02 4.059085526265264754e+00
7.720000000000000000e+02 4.071657648435656363e+00
7.730000000000000000e+02 4.001150889153023194e+00
7.740000000000000000e+02 3.960120512142448312e+00
7.750000000000000000e+02 4.038975921305795858e+00
7.760000000000000000e+02 4.043499759529322723e+00
7.770000000000000000e+02 4.022808979133579044e+00
7.780000000000000000e+02 4.020097314738678485e+00
7.790000000000000000e+02 4.015857949300928098e+00
7.800000000000000000e+02 4.025834227487018246e+00
7.810000000000000000e+02 4.058250355837414780e+00
7.820000000000000000e+02 4.014719294509913716e+00
7.830000000000000000e+02 3.995339804259110839e+00
7.840000000000000000e+02 4.014120232986586601e+00
7.850000000000000000e+02 4.051777049450300261e+00
7.860000000000000000e+02 3.971703084451960741e+00
7.870000000000000000e+02 4.134139973150578129e+00
7.880000000000000000e+02 3.990876297501643855e+00
7.890000000000000000e+02 4.008890677759225696e+00
7.900000000000000000e+02 4.008712831888175288e+00
7.910000000000000000e+02 4.023706706563067392e+00
7.920000000000000000e+02 4.084872790071719884e+00
7.930000000000000000e+02 3.997154261839932943e+00
7.940000000000000000e+02 4.099270857448307659e+00
7.950000000000000000e+02 4.023321879660160860e+00
7.960000000000000000e+02 3.966973250304485443e+00
7.970000000000000000e+02 4.021250053675616165e+00
7.980000000000000000e+02 3.988242805732220564e+00
7.990000000000000000e+02 4.049708821989741026e+00
8.000000000000000000e+02 4.074562077908125524e+00
8.010000000000000000e+02 4.041228067297585547e+00
8.020000000000000000e+02 4.078973151250531615e+00
8.030000000000000000e+02 4.054801719799556281e+00
8.040000000000000000e+02 4.043777358966047508e+00
8.050000000000000000e+02 4.099477679694001786e+00
8.060000000000000000e+02 4.036568848636614248e+00
8.070000000000000000e+02 4.137355554527944790e+00
8.080000000000000000e+02 4.000914838665803330e+00
8.090000000000000000e+02 4.092098884048229301e+00
8.100000000000000000e+02 4.039728713429631135e+00
8.110000000000000000e+02 4.035152869435602696e+00
8.120000000000000000e+02 4.044999434393663940e+00
8.130000000000000000e+02 4.153983911663864603e+00
8.140000000000000000e+02 4.059263846995964542e+00
8.150000000000000000e+02 4.106403242803741804e+00
8.160000000000000000e+02 4.115485593690515920e+00
8.170000000000000000e+02 4.056516271629075909e+00
8.180000000000000000e+02 4.067309088583959564e+00
8.190000000000000000e+02 4.038029438199187027e+00
8.200000000000000000e+02 4.008202213292691773e+00
8.210000000000000000e+02 4.113344676851248494e+00
8.220000000000000000e+02 4.102005249210690430e+00
8.230000000000000000e+02 4.053378626153660846e+00
8.240000000000000000e+02 4.071387464972901604e+00
8.250000000000000000e+02 4.054340974213846316e+00
8.260000000000000000e+02 4.149829111943938997e+00
8.270000000000000000e+02 4.162675486414655346e+00
8.280000000000000000e+02 4.067823069253264201e+00
8.290000000000000000e+02 4.172986283379448658e+00
8.300000000000000000e+02 4.137785629369046703e+00
8.310000000000000000e+02 4.212791490842218600e+00
8.320000000000000000e+02 4.107409091075517438e+00
8.330000000000000000e+02 4.127705591276625618e+00
8.340000000000000000e+02 4.045099251431977905e+00
8.350000000000000000e+02 4.070387376142470259e+00
8.360000000000000000e+02 4.185011227503003362e+00
8.370000000000000000e+02 4.119795470474573840e+00
8.380000000000000000e+02 4.138231904376102221e+00
8.390000000000000000e+02 4.103784135023697210e+00
8.400000000000000000e+02 4.207265945764222081e+00
8.410000000000000000e+02 4.147408148303449948e+00
8.420000000000000000e+02 4.082327809124413065e+00
8.430000000000000000e+02 4.088690338390186696e+00
8.440000000000000000e+02 4.116190485641076258e+00
8.450000000000000000e+02 4.161443853564970929e+00
8.460000000000000000e+02 4.188177454989189030e+00
8.470000000000000000e+02 4.176798676866064319e+00
8.480000000000000000e+02 4.196154521671203952e+00
8.490000000000000000e+02 4.151479540387289724e+00
8.500000000000000000e+02 4.265515303509808120e+00
8.510000000000000000e+02 4.132956148679411967e+00
8.520000000000000000e+02 4.183876786360237965e+00
8.530000000000000000e+02 4.219641359550986515e+00
8.540000000000000000e+02 4.262267292129893193e+00
8.550000000000000000e+02 4.161076962908979660e+00
8.560000000000000000e+02 4.160054012731889017e+00
8.570000000000000000e+02 4.201208719051276574e+00
8.580000000000000000e+02 4.133568501950197316e+00
8.590000000000000000e+02 4.203370779146514025e+00
8.600000000000000000e+02 4.229992929619854181e+00
8.610000000000000000e+02 4.201091532436006304e+00
8.620000000000000000e+02 4.191737557039765250e+00
8.630000000000000000e+02 4.237345997610296067e+00
8.640000000000000000e+02 4.189519880270792918e+00
8.650000000000000000e+02 4.208016025201362531e+00
8.660000000000000000e+02 4.218568012982145454e+00
8.670000000000000000e+02 4.158388426032852969e+00
8.680000000000000000e+02 4.176860679696028811e+00
8.690000000000000000e+02 4.238008655882346432e+00
8.700000000000000000e+02 4.356319757158942707e+00
8.710000000000000000e+02 4.258293759957729741e+00
8.720000000000000000e+02 4.227315798250582901e+00
8.730000000000000000e+02 4.252527754338117916e+00
8.740000000000000000e+02 4.331094533294853832e+00
8.750000000000000000e+02 4.277976242742337121e+00
8.760000000000000000e+02 4.316479854885510115e+00
8.770000000000000000e+02 4.319620638110538202e+00
8.780000000000000000e+02 4.292333710415041637e+00
8.790000000000000000e+02 4.398821279777975768e+00
8.800000000000000000e+02 4.329759783738618140e+00
8.810000000000000000e+02 4.299292445303679600e+00
8.820000000000000000e+02 4.240219966243538252e+00
8.830000000000000000e+02 4.330455446259859897e+00
8.840000000000000000e+02 4.324072690874820601e+00
8.850000000000000000e+02 4.400047373916508242e+00
8.860000000000000000e+02 4.306388519802688997e+00
8.870000000000000000e+02 4.426821547473487328e+00
8.880000000000000000e+02 4.307258393379598260e+00
8.890000000000000000e+02 4.410082934672180599e+00
8.900000000000000000e+02 4.369439320003833060e+00
8.910000000000000000e+02 4.282533954025237399e+00
8.920000000000000000e+02 4.398597932385054143e+00
8.930000000000000000e+02 4.301254622417895135e+00
8.940000000000000000e+02 4.323502744428435740e+00
8.950000000000000000e+02 4.375109240073573602e+00
8.960000000000000000e+02 4.417345892382150474e+00
8.970000000000000000e+02 4.493076314559618645e+00
8.980000000000000000e+02 4.309716586616182177e+00
8.990000000000000000e+02 4.349535249742383591e+00
9.000000000000000000e+02 4.462352129513005750e+00
9.010000000000000000e+02 4.407615505007971279e+00
9.020000000000000000e+02 4.494582909554026173e+00
9.030000000000000000e+02 4.544114887429070215e+00
9.040000000000000000e+02 4.412550621780302329e+00
9.050000000000000000e+02 4.498005901654714478e+00
9.060000000000000000e+02 4.406117682150748394e+00
9.070000000000000000e+02 4.523008671836930006e+00
9.080000000000000000e+02 4.506285068181044018e+00
9.090000000000000000e+02 4.472393080585923997e+00
9.100000000000000000e+02 4.477619644739288418e+00
9.110000000000000000e+02 4.493101398430150439e+00
9.120000000000000000e+02 4.528284799164234542e+00
9.130000000000000000e+02 4.543097338507842586e+00
9.140000000000000000e+02 4.579622075056215103e+00
9.150000000000000000e+02 4.591343329819538965e+00
9.160000000000000000e+02 4.559129188260625298e+00
9.170000000000000000e+02 4.486469518879467877e+00
9.180000000000000000e+02 4.451927489479412969e+00
9.190000000000000000e+02 4.488622017869276171e+00
9.200000000000000000e+02 4.584101082181776476e+00
9.210000000000000000e+02 4.673558992759201836e+00
9.220000000000000000e+02 4.604751003783869479e+00
9.230000000000000000e+02 4.574089887694861467e+00
9.240000000000000000e+02 4.505504698846611866e+00
9.250000000000000000e+02 4.562535430699020900e+00
9.260000000000000000e+02 4.607577210458583927e+00
9.270000000000000000e+02 4.565824168876506661e+00
9.280000000000000000e+02 4.543497053370900041e+00
9.290000000000000000e+02 4.651657125273903404e+00
9.300000000000000000e+02 4.586216726569569246e+00
9.310000000000000000e+02 4.736979643352511538e+00
9.320000000000000000e+02 4.629766484041802244e+00
9.330000000000000000e+02 4.665162387796302212e+00
9.340000000000000000e+02 4.608602946309803272e+00
9.350000000000000000e+02 4.740370773041522767e+00
9.360000000000000000e+02 4.617952862537497261e+00
9.370000000000000000e+02 4.696228360295696014e+00
9.380000000000000000e+02 4.665408597586243822e+00
9.390000000000000000e+02 4.618287038133568778e+00
9.400000000000000000e+02 4.772496540520944741e+00
9.410000000000000000e+02 4.588511265080292389e+00
9.420000000000000000e+02 4.734651720137688535e+00
9.430000000000000000e+02 4.625344616694277988e+00
9.440000000000000000e+02 4.719454286233406570e+00
9.450000000000000000e+02 4.776630083852859698e+00
9.460000000000000000e+02 4.809776355958638838e+00
9.470000000000000000e+02 4.677275682436720317e+00
9.480000000000000000e+02 4.723440167582954707e+00
9.490000000000000000e+02 4.797476855471916046e+00
9.500000000000000000e+02 4.856655402000685129e+00
9.510000000000000000e+02 4.858563148246934027e+00
9.520000000000000000e+02 4.754637423329368673e+00
9.530000000000000000e+02 4.780662717435739673e+00
9.540000000000000000e+02 4.831335607374207974e+00
9.550000000000000000e+02 4.748927205218458347e+00
9.560000000000000000e+02 4.768299042275259580e+00
9.570000000000000000e+02 4.850326156194128657e+00
9.580000000000000000e+02 4.906877525150238561e+00
9.590000000000000000e+02 4.940411619729106363e+00
9.600000000000000000e+02 4.852058498598592173e+00
9.610000000000000000e+02 4.932359439485206387e+00
9.620000000000000000e+02 4.898484612700771734e+00
9.630000000000000000e+02 4.908105036171859226e+00
9.640000000000000000e+02 4.854458167285557124e+00
9.650000000000000000e+02 4.852643162328489801e+00
9.660000000000000000e+02 4.879677139440038225e+00
9.670000000000000000e+02 4.989097323597823319e+00
9.680000000000000000e+02 5.005286252247577394e+00
9.690000000000000000e+02 4.928361437444053195e+00
9.700000000000000000e+02 4.859587400628860188e+00
9.710000000000000000e+02 4.934190746012873774e+00
9.720000000000000000e+02 5.033731361338034560e+00
9.730000000000000000e+02 5.050889659012799626e+00
9.740000000000000000e+02 4.996573364367874248e+00
9.750000000000000000e+02 5.104495546196583078e+00
9.760000000000000000e+02 5.132039304838671434e+00
9.770000000000000000e+02 5.104818158991870192e+00
9.780000000000000000e+02 5.199794498028811773e+00
9.790000000000000000e+02 4.990369056660253655e+00
9.800000000000000000e+02 5.147862058252114181e+00
9.810000000000000000e+02 5.098081057353802237e+00
9.820000000000000000e+02 5.054312829646597116e+00
9.830000000000000000e+02 5.169530706755979921e+00
9.840000000000000000e+02 5.137740145407710735e+00
9.850000000000000000e+02 5.225004174435145643e+00
9.860000000000000000e+02 5.078726968624051707e+00
9.870000000000000000e+02 5.051451614950613234e+00
9.880000000000000000e+02 5.222391965169387973e+00
9.890000000000000000e+02 5.099134602591381515e+00
9.900000000000000000e+02 5.193812356481546821e+00
9.910000000000000000e+02 5.213527432825579844e+00
9.920000000000000000e+02 5.184047088973679607e+00
9.930000000000000000e+02 5.078485714017108243e+00
9.940000000000000000e+02 5.263329218588465253e+00
9.950000000000000000e+02 5.394801399265419128e+00
9.960000000000000000e+02 5.167319466229317371e+00
9.970000000000000000e+02 5.209937959438802224e+00
9.980000000000000000e+02 5.353374233724406572e+00
9.990000000000000000e+02 5.404528570489966377e+00
1.000000000000000000e+03 5.151628212644288496e+00
1.001000000000000000e+03 5.370359253624132911e+00
1.002000000000000000e+03 5.530228299625255417e+00
1.003000000000000000e+03 5.285437013266366613e+00
1.004000000000000000e+03 5.566973187492826547e+00
1.005000000000000000e+03 5.498779554822982085e+00
1.006000000000000000e+03 5.407344918057074068e+00
1.007000000000000000e+03 5.470773306031889049e+00
1.008000000000000000e+03 5.315255900152703994e+00
1.009000000000000000e+03 5.455467771020460432e+00
1.010000000000000000e+03 5.502479995625928488e+00
1.011000000000000000e+03 5.302870118052667614e+00
1.012000000000000000e+03 5.527333728522758172e+00
1.013000000000000000e+03 5.568136825139757384e+00
1.014000000000000000e+03 5.368345030172686272e+00
1.015000000000000000e+03 5.588387304878942530e+00
1.016000000000000000e+03 5.697781534045256890e+00
1.017000000000000000e+03 5.443670922380004384e+00
1.018000000000000000e+03 5.675158246705029441e+00
1.019000000000000000e+03 5.590065822684055163e+00
1.020000000000000000e+03 5.809310206970111246e+00
1.021000000000000000e+03 5.636225637431330426e+00
1.022000000000000000e+03 5.561645154959458104e+00
1.023000000000000000e+03 5.805266362843722661e+00
1.024000000000000000e+03 5.648153771931319511e+00
1.025000000000000000e+03 5.648436418814553051e+00
1.026000000000000000e+03 5.640909224750476625e+00
1.027000000000000000e+03 5.804772176509726656e+00
1.028000000000000000e+03 5.749538724773798570e+00
1.029000000000000000e+03 5.832802712656328659e+00
1.030000000000000000e+03 5.815730770689325091e+00
1.031000000000000000e+03 5.872723131877545022e+00
1.032000000000000000e+03 5.723738616769281862e+00
1.033000000000000000e+03 5.871194878779372850e+00
1.034000000000000000e+03 5.782474173138625773e+00
1.035000000000000000e+03 5.746962081780679910e+00
1.036000000000000000e+03 5.849802336807203851e+00
1.037000000000000000e+03 5.891241494588718375e+00
1.038000000000000000e+03 5.905592010034431460e+00
1.039000000000000000e+03 6.092632571358890914e+00
1.040000000000000000e+03 6.080469558272937114e+00
1.041000000000000000e+03 5.924269468112811410e+00
1.042000000000000000e+03 5.789988646981306886e+00
1.043000000000000000e+03 5.950504367703785213e+00
1.044000000000000000e+03 6.045883502433098577e+00
1.045000000000000000e+03 5.911311692359277004e+00
1.046000000000000000e+03 5.977369395116395090e+00
1.047000000000000000e+03 6.170811684975969769e+00
1.048000000000000000e+03 5.861256317624203405e+00
1.049000000000000000e+03 5.758841636922793938e+00
1.050000000000000000e+03 6.356066798896816472e+00
1.051000000000000000e+03 6.161571154734505562e+00
1.052000000000000000e+03 6.136425327431492605e+00
1.053000000000000000e+03 6.175178542604611742e+00
1.054000000000000000e+03 6.329127714493925971e+00
1.055000000000000000e+03 6.057948315713710841e+00
1.056000000000000000e+03 6.292667331944367781e+00
1.057000000000000000e+03 6.192708306289997466e+00
1.058000000000000000e+03 6.302560186153232102e+00
1.059000000000000000e+03 6.147599402726106277e+00
1.060000000000000000e+03 6.359221311982348190e+00
1.061000000000000000e+03 6.360184361411874043e+00
1.062000000000000000e+03 6.225174617180631920e+00
1.063000000000000000e+03 6.355854898036793266e+00
1.064000000000000000e+03 6.492868574704419693e+00
1.065000000000000000e+03 6.405286832713223966e+00
1.066000000000000000e+03 6.591737179558093906e+00
1.067000000000000000e+03 6.622306177253671322e+00
1.068000000000000000e+03 6.440809039066059505e+00
1.069000000000000000e+03 6.308228157933466029e+00
1.070000000000000000e+03 6.682240939878071551e+00
1.071000000000000000e+03 6.457147739598148029e+00
1.072000000000000000e+03 6.289852797191282541e+00
1.073000000000000000e+03 6.610918979433206388e+00
1.074000000000000000e+03 6.614372527446096051e+00
1.075000000000000000e+03 6.843128866704872415e+00
1.076000000000000000e+03 6.500274215228864172e+00
1.077000000000000000e+03 6.574960695861886251e+00
1.078000000000000000e+03 6.629421698448651590e+00
1.079000000000000000e+03 6.745347294079203415e+00
1.080000000000000000e+03 6.715821900591340210e+00
1.081000000000000000e+03 6.925525277643829192e+00
1.082000000000000000e+03 6.697573158906071633e+00
1.083000000000000000e+03 6.548407424390966014e+00
1.084000000000000000e+03 7.040251822758294864e+00
1.085000000000000000e+03 6.976136801135522703e+00
1.086000000000000000e+03 6.836260809658601723e+00
1.087000000000000000e+03 6.895822782320438549e+00
1.088000000000000000e+03 6.770200081882656207e+00
1.089000000000000000e+03 7.180668867681216483e+00
1.090000000000000000e+03 6.715600949338842440e+00
1.091000000000000000e+03 6.858536669431972932e+00
1.092000000000000000e+03 6.715279660787065730e+00
1.093000000000000000e+03 7.118125783623352021e+00
1.094000000000000000e+03 7.177328184587725701e+00
1.095000000000000000e+03 6.869754413669215687e+00
1.096000000000000000e+03 7.080822158784279452e+00
1.097000000000000000e+03 7.202841267548400594e+00
1.098000000000000000e+03 7.190155770118609624e+00
1.099000000000000000e+03 7.200039863566135345e+00
1.100000000000000000e+03 7.277298912280595999e+00
1.101000000000000000e+03 7.227536527131942279e+00
1.102000000000000000e+03 7.451573477193979222e+00
1.103000000000000000e+03 7.269394770761047120e+00
1.104000000000000000e+03 7.376362587684766048e+00
1.105000000000000000e+03 7.505379055857440029e+00
1.106000000000000000e+03 7.133128233672747065e+00
1.107000000000000000e+03 7.251925662471588652e+00
1.108000000000000000e+03 7.679328781777165602e+00
1.109000000000000000e+03 7.234526569740030055e+00
1.110000000000000000e+03 7.390176852438388622e+00
1.111000000000000000e+03 7.412550433504667247e+00
1.112000000000000000e+03 7.617863663507742800e+00
1.113000000000000000e+03 8.019092337932297809e+00
1.114000000000000000e+03 7.178432493289189864e+00
1.115000000000000000e+03 7.898507531093724054e+00
1.116000000000000000e+03 7.414498831578304028e+00
1.117000000000000000e+03 7.782919721009035285e+00
1.118000000000000000e+03 7.912921201123190862e+00
1.119000000000000000e+03 8.006096115826522919e+00
1.120000000000000000e+03 8.415355331623372237e+00
1.121000000000000000e+03 7.556370793434016520e+00
1.122000000000000000e+03 8.232346040552817712e+00
1.123000000000000000e+03 7.783488342766890611e+00
1.124000000000000000e+03 7.840945764449510413e+00
1.125000000000000000e+03 7.931056813011872819e+00
1.126000000000000000e+03 7.872808599777123106e+00
1.127000000000000000e+03 8.289387823582348602e+00
1.128000000000000000e+03 7.575175527232706152e+00
1.129000000000000000e+03 8.306798823649153007e+00
1.130000000000000000e+03 8.180175924049141400e+00
1.131000000000000000e+03 8.028697440296248544e+00
1.132000000000000000e+03 8.231015681049964172e+00
1.133000000000000000e+03 8.184591935745332947e+00
1.134000000000000000e+03 8.530810435879079279e+00
1.135000000000000000e+03 8.291160515679797172e+00
1.136000000000000000e+03 8.442845342959939714e+00
1.137000000000000000e+03 8.728427644949691810e+00
1.138000000000000000e+03 8.140198065995690513e+00
1.139000000000000000e+03 8.713942830536835160e+00
1.140000000000000000e+03 8.441218425458171026e+00
1.141000000000000000e+03 9.044146277879685059e+00
1.142000000000000000e+03 8.412487227995940842e+00
1.143000000000000000e+03 8.446912100956517122e+00
1.144000000000000000e+03 9.008578974088404578e+00
1.145000000000000000e+03 8.547507347461863247e+00
1.146000000000000000e+03 8.879414693332376984e+00
1.147000000000000000e+03 8.882359213594654079e+00
1.148000000000000000e+03 8.929677400775327456e+00
1.149000000000000000e+03 9.127447003984309859e+00
1.150000000000000000e+03 8.341185054135918264e+00
1.151000000000000000e+03 9.096582668520474257e+00
1.152000000000000000e+03 8.909126320458454984e+00
1.153000000000000000e+03 8.975759490603774537e+00
1.154000000000000000e+03 9.195138626728178721e+00
1.155000000000000000e+03 9.318081800436537776e+00
1.156000000000000000e+03 9.201762627859073618e+00
1.157000000000000000e+03 9.431883587802230906e+00
1.158000000000000000e+03 9.374694416254049756e+00
1.159000000000000000e+03 9.344037637838406241e+00
1.160000000000000000e+03 9.522780493162834148e+00
1.161000000000000000e+03 9.121992203840513014e+00
1.162000000000000000e+03 9.315700009644292123e+00
1.163000000000000000e+03 9.400690159788318567e+00
1.164000000000000000e+03 9.747356461500025659e+00
1.165000000000000000e+03 9.449231943708712222e+00
1.166000000000000000e+03 9.605074332295750139e+00
1.167000000000000000e+03 9.486729320185023795e+00
1.168000000000000000e+03 9.923332594233944093e+00
1.169000000000000000e+03 9.494569582714197153e+00
1.170000000000000000e+03 1.053301598765659364e+01
1.171000000000000000e+03 9.352195672263221127e+00
1.172000000000000000e+03 9.401391768933917703e+00
1.173000000000000000e+03 9.958553604510941071e+00
1.174000000000000000e+03 1.034921559320571838e+01
1.175000000000000000e+03 1.064314427013489883e+01
1.176000000000000000e+03 9.814500798657253000e+00
1.177000000000000000e+03 1.065607211667619580e+01
1.178000000000000000e+03 1.068328322170779110e+01
1.179000000000000000e+03 1.064022854092758585e+01
1.180000000000000000e+03 1.028529341259794272e+01
1.181000000000000000e+03 1.078454996133972443e+01
1.182000000000000000e+03 1.022874918488491325e+01
1.183000000000000000e+03 1.019677557921726496e+01
1.184000000000000000e+03 1.053534237975689081e+01
1.185000000000000000e+03 9.589206016805993826e+00
1.186000000000000000e+03 1.092279325420606639e+01
1.187000000000000000e+03 1.107924237812343549e+01
1.188000000000000000e+03 1.066419229511479116e+01
1.189000000000000000e+03 1.100476849008126123e+01
1.190000000000000000e+03 1.031832635705623247e+01
1.191000000000000000e+03 1.127449565925451580e+01
1.192000000000000000e+03 1.077584193659833289e+01
1.193000000000000000e+03 1.084381068795788572e+01
1.194000000000000000e+03 1.186486398077691540e+01
1.195000000000000000e+03 1.201554492633318816e+01
1.196000000000000000e+03 1.110658401601121525e+01
1.197000000000000000e+03 1.163662264339117058e+01
1.198000000000000000e+03 1.041126515951957998e+01
1.199000000000000000e+03 1.048000765979577587e+01
1.200000000000000000e+03 1.202876452603757329e+01
1.201000000000000000e+03 1.154302450525890045e+01
1.202000000000000000e+03 1.188660788163807602e+01
1.203000000000000000e+03 1.193845146184743200e+01
1.204000000000000000e+03 1.287772764837754202e+01
1.205000000000000000e+03 1.213913956868461241e+01
1.206000000000000000e+03 1.206409755587581500e+01
1.207000000000000000e+03 1.271516435083666607e+01
1.208000000000000000e+03 1.202672432191341656e+01
1.209000000000000000e+03 1.187636540924599160e+01
1.210000000000000000e+03 1.199907983025624603e+01
1.211000000000000000e+03 1.330550475122727150e+01
1.212000000000000000e+03 1.256432909910691365e+01
1.213000000000000000e+03 1.303581013577155190e+01
1.214000000000000000e+03 1.225394623120453019e+01
1.215000000000000000e+03 1.281249607606161689e+01
1.216000000000000000e+03 1.362953423554746379e+01
1.217000000000000000e+03 1.135557911209789239e+01
1.218000000000000000e+03 1.424456381017329498e+01
1.219000000000000000e+03 1.251975939073277999e+01
1.220000000000000000e+03 1.357139748347152164e+01
1.221000000000000000e+03 1.302406057222508551e+01
1.222000000000000000e+03 1.179135224462823572e+01
1.223000000000000000e+03 1.445271516231422204e+01
1.224000000000000000e+03 1.443401594651601805e+01
1.225000000000000000e+03 1.432795551222655739e+01
1.226000000000000000e+03 1.307021927988057364e+01
1.227000000000000000e+03 1.301586575533047885e+01
1.228000000000000000e+03 1.419455458778140233e+01
1.229000000000000000e+03 1.334720885520753697e+01
1.230000000000000000e+03 1.463123460170442591e+01
1.231000000000000000e+03 1.403827237137923589e+01
1.232000000000000000e+03 1.354949847752389580e+01
1.233000000000000000e+03 1.344416034999452947e+01
1.234000000000000000e+03 1.542653007298580015e+01
1.235000000000000000e+03 1.409760072004680609e+01
1.236000000000000000e+03 1.419269312631759128e+01
1.237000000000000000e+03 1.654023227530431228e+01
1.238000000000000000e+03 1.523464438038598523e+01
1.239000000000000000e+03 1.460295404690099730e+01
1.240000000000000000e+03 1.353078138806036534e+01
1.241000000000000000e+03 1.521679165521915422e+01
1.242000000000000000e+03 1.535693419351333411e+01
1.243000000000000000e+03 1.644525485965111855e+01
1.244000000000000000e+03 1.648325687257907290e+01
1.245000000000000000e+03 1.526788518725839694e+01
1.246000000000000000e+03 1.602789646822052205e+01
1.247000000000000000e+03 1.714921290094163808e+01
1.248000000000000000e+03 1.601759324064421364e+01
1.249000000000000000e+03 1.490945335895624169e+01
1.250000000000000000e+03 1.653964526107272448e+01
1.251000000000000000e+03 1.591534910342910436e+01
1.252000000000000000e+03 1.845367228534770732e+01
1.253000000000000000e+03 1.782044275222529350e+01
1.254000000000000000e+03 1.710229186470573737e+01
1.255000000000000000e+03 1.569231180696903749e+01
1.256000000000000000e+03 1.700912791259759871e+01
1.257000000000000000e+03 1.755209243249127837e+01
1.258000000000000000e+03 1.597903548931519069e+01
1.259000000000000000e+03 1.557930477841371086e+01
1.260000000000000000e+03 1.702155400220626547e+01
1.261000000000000000e+03 1.932219464394157526e+01
1.262000000000000000e+03 1.702406816585633820e+01
1.263000000000000000e+03 1.969233651441390620e+01
1.264000000000000000e+03 1.845139036870673976e+01
1.265000000000000000e+03 1.774760102499675085e+01
1.266000000000000000e+03 1.830277969183686793e+01
1.267000000000000000e+03 1.800625680122614725e+01
1.268000000000000000e+03 2.033591022545915550e+01
1.269000000000000000e+03 1.712631778439578056e+01
1.270000000000000000e+03 2.056772705528603851e+01
1.271000000000000000e+03 1.715370382806639782e+01
1.272000000000000000e+03 1.960997030724718826e+01
1.273000000000000000e+03 1.861801239829259202e+01
1.274000000000000000e+03 2.125200699221557343e+01
1.275000000000000000e+03 1.781081176529667687e+01
1.276000000000000000e+03 1.990177450191109543e+01
1.277000000000000000e+03 1.952467149154222525e+01
1.278000000000000000e+03 1.826334405458176136e+01
1.279000000000000000e+03 2.104056582219193672e+01
1.280000000000000000e+03 2.091371750516381667e+01
1.281000000000000000e+03 2.105291686702549825e+01
1.282000000000000000e+03 1.870705542589299242e+01
1.283000000000000000e+03 2.296134220158528549e+01
1.284000000000000000e+03 1.935114017796417585e+01
1.285000000000000000e+03 2.256439355363064081e+01
1.286000000000000000e+03 2.134506753678419599e+01
1.287000000000000000e+03 2.221427681770549611e+01
1.288000000000000000e+03 2.036923141808467363e+01
1.289000000000000000e+03 1.909247387213609315e+01
1.290000000000000000e+03 2.101038118336729710e+01
1.291000000000000000e+03 2.137838891659576390e+01
1.292000000000000000e+03 2.471545552614755792e+01
1.293000000000000000e+03 2.531098173497753479e+01
1.294000000000000000e+03 2.095483895647540251e+01
1.295000000000000000e+03 2.518652462590490870e+01
1.296000000000000000e+03 2.272501217580574462e+01
1.297000000000000000e+03 2.671376159074026191e+01
1.298000000000000000e+03 2.297397012030936025e+01
1.299000000000000000e+03 2.426698733543734221e+01
1.300000000000000000e+03 2.725048416901066162e+01
1.301000000000000000e+03 2.445686629318832672e+01
1.302000000000000000e+03 2.615535738015670475e+01
1.303000000000000000e+03 2.261479957136731400e+01
1.304000000000000000e+03 2.355159117424791404e+01
1.305000000000000000e+03 2.418574609345586524e+01
1.306000000000000000e+03 2.508380990402535460e+01
1.307000000000000000e+03 2.455884676254197885e+01
1.308000000000000000e+03 2.970915995971131451e+01
1.309000000000000000e+03 2.857552310139493912e+01
1.310000000000000000e+03 2.689537675640723435e+01
1.311000000000000000e+03 3.123989376946485663e+01
1.312000000000000000e+03 2.444136552527586304e+01
1.313000000000000000e+03 2.927988711058541682e+01
1.314000000000000000e+03 2.587777033098808843e+01
1.315000000000000000e+03 3.368151847171454705e+01
1.316000000000000000e+03 2.851382962220910500e+01
1.317000000000000000e+03 2.714940621049737857e+01
1.318000000000000000e+03 3.003577162977171966e+01
1.319000000000000000e+03 2.988442632919870334e+01
1.320000000000000000e+03 3.040490494785810327e+01
1.321000000000000000e+03 2.679343411247927165e+01
1.322000000000000000e+03 3.031603636272196312e+01
1.323000000000000000e+03 3.205236641934848763e+01
1.324000000000000000e+03 3.636436676093538267e+01
1.325000000000000000e+03 2.925668363298996155e+01
1.326000000000000000e+03 2.803943400016252596e+01
1.327000000000000000e+03 3.830202966775230777e+01
1.328000000000000000e+03 3.907418296751917097e+01
1.329000000000000000e+03 2.985625334998293923e+01
1.330000000000000000e+03 3.966838185281480378e+01
1.331000000000000000e+03 3.165607411989353182e+01
1.332000000000000000e+03 3.205738889366607225e+01
1.333000000000000000e+03 4.044635985490511842e+01
1.334000000000000000e+03 2.990767620599481802e+01
1.335000000000000000e+03 3.868099539226830075e+01
1.336000000000000000e+03 3.260569629666654379e+01
1.337000000000000000e+03 4.126674971663393165e+01
1.338000000000000000e+03 3.090414859189344909e+01
1.339000000000000000e+03 3.961339647388946617e+01
1.340000000000000000e+03 4.061318115768325043e+01
1.341000000000000000e+03 3.905209097539450624e+01
1.342000000000000000e+03 3.413131688651706952e+01
1.343000000000000000e+03 3.817507968265443452e+01
1.344000000000000000e+03 4.447321239319238373e+01
1.345000000000000000e+03 3.844991608234089853e+01
1.346000000000000000e+03 4.264377877420456997e+01
1.347000000000000000e+03 2.867965696882439985e+01
1.348000000000000000e+03 3.440127402321729022e+01
1.349000000000000000e+03 3.923971255909036415e+01
1.350000000000000000e+03 3.712378109735225706e+01
1.351000000000000000e+03 3.932965043003233774e+01
1.352000000000000000e+03 4.922009683367117105e+01
1.353000000000000000e+03 4.507385217708202418e+01
1.354000000000000000e+03 4.761713889333790206e+01
1.355000000000000000e+03 6.006030580103146832e+01
1.356000000000000000e+03 4.334281223792371662e+01
1.357000000000000000e+03 3.940747271502009141e+01
1.358000000000000000e+03 5.564763722269983504e+01
1.359000000000000000e+03 5.032077282332825519e+01
1.360000000000000000e+03 5.645487976371897787e+01
1.361000000000000000e+03 5.392341125579061156e+01
1.362000000000000000e+03 5.354016817370273884e+01
1.363000000000000000e+03 5.319277938239035564e+01
1.364000000000000000e+03 5.643791873989683694e+01
1.365000000000000000e+03 3.865854997646593461e+01
1.366000000000000000e+03 6.174082663465072329e+01
1.367000000000000000e+03 7.014664561899232353e+01
1.368000000000000000e+03 5.145732186580414691e+01
1.369000000000000000e+03 4.783546406360473924e+01
1.370000000000000000e+03 4.993105869787932960e+01
1.371000000000000000e+03 5.245220298419198457e+01
1.372000000000000000e+03 4.946846449948959901e+01
1.373000000000000000e+03 4.412327726397509053e+01
1.374000000000000000e+03 7.025894884941018859e+01
1.375000000000000000e+03 5.012299294981011144e+01
1.376000000000000000e+03 5.622598262363428034e+01
1.377000000000000000e+03 8.122009171576384290e+01
1.378000000000000000e+03 5.260471529824884129e+01
1.379000000000000000e+03 9.583151643426035093e+01
1.380000000000000000e+03 4.047307727171769898e+01
1.381000000000000000e+03 5.922274068324464480e+01
1.382000000000000000e+03 8.373609112830520473e+01
1.383000000000000000e+03 5.364050980651413170e+01
1.384000000000000000e+03 8.271125022461032472e+01
1.385000000000000000e+03 7.331082281614560259e+01
1.386000000000000000e+03 8.786727968166108838e+01
1.387000000000000000e+03 6.975288266786652969e+01
1.388000000000000000e+03 1.025104628673947929e+02
1.389000000000000000e+03 7.683348732396267167e+01
1.390000000000000000e+03 7.000386958769190926e+01
1.391000000000000000e+03 6.992774334453368112e+01
1.392000000000000000e+03 6.716481535746696352e+01
1.393000000000000000e+03 7.117701370078785317e+01
1.394000000000000000e+03 6.376604829324031698e+01
1.395000000000000000e+03 9.134601356587573662e+01
1.396000000000000000e+03 7.756985093225213745e+01
1.397000000000000000e+03 9.503045126207003079e+01
1.398000000000000000e+03 7.555097410289496906e+01
1.399000000000000000e+03 8.155583677947105059e+01
1.400000000000000000e+03 1.112592237047993109e+02
1.401000000000000000e+03 1.062510899391656380e+02
1.402000000000000000e+03 9.047911558411773569e+01
1.403000000000000000e+03 1.166103358087087543e+02
1.404000000000000000e+03 1.557523264138366983e+02
1.405000000000000000e+03 8.547335601772212499e+01
1.406000000000000000e+03 7.856458291100584290e+01
1.407000000000000000e+03 1.290815358224754164e+02
1.408000000000000000e+03 9.988241213837741839e+01
1.409000000000000000e+03 1.518874148768799444e+02
1.410000000000000000e+03 9.026144579795123946e+01
1.411000000000000000e+03 1.219552653578129480e+02
1.412000000000000000e+03 1.522075624923422481e+02
1.413000000000000000e+03 1.426489806248331149e+02
1.414000000000000000e+03 5.869806663563157656e+01
1.415000000000000000e+03 1.202726865375022527e+02
1.416000000000000000e+03 7.912912330869856703e+01
1.417000000000000000e+03 1.547286779281908196e+02
1.418000000000000000e+03 1.526221339480489689e+02
1.419000000000000000e+03 1.197928934370608118e+02
1.420000000000000000e+03 1.099274641833887074e+02
1.421000000000000000e+03 1.494586360651987889e+02
1.422000000000000000e+03 1.933746080364520594e+02
1.423000000000000000e+03 2.349808683227710162e+02
1.424000000000000000e+03 1.731795281432683282e+02
1.425000000000000000e+03 1.098582511285166134e+02
1.426000000000000000e+03 1.299086769338410079e+02
1.427000000000000000e+03 1.383914279426443272e+02
1.428000000000000000e+03 1.738963969422747198e+02
1.429000000000000000e+03 1.910204051921591883e+02
1.430000000000000000e+03 2.586042908275031209e+02
1.431000000000000000e+03 2.137369830102711887e+02
1.432000000000000000e+03 2.459042157161927378e+02
1.433000000000000000e+03 1.902890982437118623e+02
1.434000000000000000e+03 2.731057467013538371e+02
1.435000000000000000e+03 2.737474042314455005e+02
1.436000000000000000e+03 3.131917646691912864e+02
1.437000000000000000e+03 2.963654250761916842e+02
1.438000000000000000e+03 3.572832187419890602e+02
1.439000000000000000e+03 1.850255554088175245e+02
1.440000000000000000e+03 2.959961749411925780e+02
1.441000000000000000e+03 2.896605185117128372e+02
1.442000000000000000e+03 3.831698286836888769e+02
1.443000000000000000e+03 3.135851470270361006e+02
1.444000000000000000e+03 2.054605338542106665e+02
1.445000000000000000e+03 3.892567669966500148e+02
1.446000000000000000e+03 2.958903614199618346e+02
1.447000000000000000e+03 4.160065125722858852e+02
1.448000000000000000e+03 3.495224232065079946e+02
1.449000000000000000e+03 4.221369722362542234e+02
1.450000000000000000e+03 5.300382668096134466e+02
1.451000000000000000e+03 4.782403892379449530e+02
1.452000000000000000e+03 6.760110806356514104e+02
1.453000000000000000e+03 5.808191091909684474e+02
1.454000000000000000e+03 6.487142544665071000e+02
1.455000000000000000e+03 4.291274546800240728e+02
1.456000000000000000e+03 9.437840740195525768e+02
1.457000000000000000e+03 4.740951992095178298e+02
1.458000000000000000e+03 8.081150887293221103e+02
1.459000000000000000e+03 6.605368386096204176e+02
1.460000000000000000e+03 6.014214204663215924e+02
1.461000000000000000e+03 7.253184458623193223e+02
1.462000000000000000e+03 5.715109785648794514e+02
1.463000000000000000e+03 4.130419635329865855e+02
1.464000000000000000e+03 1.356695498923749710e+03
1.465000000000000000e+03 8.015485973827991302e+02
1.466000000000000000e+03 1.075413985359518165e+03
1.467000000000000000e+03 8.004337319634213372e+02
1.468000000000000000e+03 7.321429546324244484e+02
1.469000000000000000e+03 8.840758011627979158e+02
1.470000000000000000e+03 1.076672508764088661e+03
1.471000000000000000e+03 1.435028954180751271e+03
1.472000000000000000e+03 1.115094554629421737e+03
1.473000000000000000e+03 1.227261424861866089e+03
1.474000000000000000e+03 1.337617385678060828e+03
1.475000000000000000e+03 1.598998812022306993e+03
1.476000000000000000e+03 1.307150735105716421e+03
1.477000000000000000e+03 1.449004182006290193e+03
1.478000000000000000e+03 2.113703157281910080e+03
1.479000000000000000e+03 2.186915755882204394e+03
1.480000000000000000e+03 2.159793416718836397e+03
1.481000000000000000e+03 2.946968948390219794e+03
1.482000000000000000e+03 2.971562721882307414e+03
1.483000000000000000e+03 3.870094349113555836e+03
1.484000000000000000e+03 4.272777559313281017e+03
1.485000000000000000e+03 5.069472821020722222e+03
1.486000000000000000e+03 5.846790953314090984e+03
1.487000000000000000e+03 6.394711587765335935e+03
1.488000000000000000e+03 6.351771357296677706e+03
1.489000000000000000e+03 7.941987202713741681e+03
1.490000000000000000e+03 1.212606136598531521e+04
1.491000000000000000e+03 1.398721186839306574e+04
1.492000000000000000e+03 2.061144072929189497e+04
1.493000000000000000e+03 2.883489174639502380e+04
1.494000000000000000e+03 3.782619498086196108e+04
1.495000000000000000e+03 7.094127339918432699e+04
1.496000000000000000e+03 1.058535143003869161e+05
1.497000000000000000e+03 2.218892177885460842e+05
1.498000000000000000e+03 5.156741879297970445e+05
