# itime ezz other fcc hcp bcc ico
0.000000000000000000e+00 0.000000000000000000e+00 4.551661356395084266e-04 9.995448338643604380e-01 0.000000000000000000e+00 0.000000000000000000e+00 0.000000000000000000e+00
3.000000000000000000e+01 1.199998215019704162e-02 7.965407373691396923e-04 9.990896677287209870e-01 0.000000000000000000e+00 1.137915339098771066e-04 0.000000000000000000e+00
6.000000000000000000e+01 2.399996430039408324e-02 2.617205279927173507e-03 9.973827947200728516e-01 0.000000000000000000e+00 0.000000000000000000e+00 0.000000000000000000e+00
9.000000000000000000e+01 3.599994645059112486e-02 3.982703686845699004e-03 9.960172963131542767e-01 0.000000000000000000e+00 0.000000000000000000e+00 0.000000000000000000e+00
1.200000000000000000e+02 4.799992860078816648e-02 9.558488848429677609e-03 9.903277196176604180e-01 0.000000000000000000e+00 1.137915339098771066e-04 0.000000000000000000e+00
1.500000000000000000e+02 5.999991075098520810e-02 1.558944014565316269e-02 9.838416021847974369e-01 0.000000000000000000e+00 5.689576695493854790e-04 0.000000000000000000e+00
1.800000000000000000e+02 7.199989290118202767e-02 4.062357760582612637e-02 9.569868001820664993e-01 0.000000000000000000e+00 2.389622212107419402e-03 0.000000000000000000e+00
2.100000000000000000e+02 8.399987505137906929e-02 8.716431497496586467e-02 9.085116067364588099e-01 0.000000000000000000e+00 4.324078288575329727e-03 0.000000000000000000e+00
2.400000000000000000e+02 9.599985720157611091e-02 1.514565316340464318e-01 8.363677742375966728e-01 0.000000000000000000e+00 1.217569412835685025e-02 0.000000000000000000e+00
2.700000000000000000e+02 1.079998393517731525e-01 2.337278106508875741e-01 7.426035502958580059e-01 0.000000000000000000e+00 2.366863905325443732e-02 0.000000000000000000e+00
3.000000000000000000e+02 1.199998215019701941e-01 3.839326354119253493e-01 5.773782430587164338e-01 2.275830678197542133e-04 3.846153846153846367e-02 0.000000000000000000e+00
3.300000000000000000e+02 1.319998036521672358e-01 5.395994538006372299e-01 3.859808830223031562e-01 1.365498406918525280e-03 7.305416477014110843e-02 0.000000000000000000e+00
3.600000000000000000e+02 1.439997858023642774e-01 6.268775603095130267e-01 2.406690942193900895e-01 3.982703686845699004e-03 1.284706417842512438e-01 0.000000000000000000e+00
3.900000000000000000e+02 1.559997679525613190e-01 6.972007282658170269e-01 1.374601729631315383e-01 1.228948566226672687e-02 1.530496131087847045e-01 0.000000000000000000e+00
4.200000000000000000e+02 1.679997501027583606e-01 7.423759672280382249e-01 7.589895311788802390e-02 2.127901684114701791e-02 1.604460628129267263e-01 0.000000000000000000e+00
4.500000000000000000e+02 1.799997322529554022e-01 7.793582157487483064e-01 5.336822940373236318e-02 2.503413746017296368e-02 1.422394173873463841e-01 0.000000000000000000e+00
4.800000000000000000e+02 1.919997144031522218e-01 8.105370960400546387e-01 4.597177969959034827e-02 3.504779244424215123e-02 1.084433318161128756e-01 0.000000000000000000e+00
5.100000000000000000e+02 2.039996965533492634e-01 8.470641784251251583e-01 3.652708238507055422e-02 3.254437869822485174e-02 8.386436049157942885e-02 0.000000000000000000e+00
5.400000000000000000e+02 2.159996787035463051e-01 8.771051433773326966e-01 2.776513427401001294e-02 3.607191624943104080e-02 5.905780609922621494e-02 0.000000000000000000e+00
5.700000000000000000e+02 2.279996608537433467e-01 8.907601274465180019e-01 2.617205279927173334e-02 2.992717341829767910e-02 5.291306326809285671e-02 2.275830678197542133e-04
6.000000000000000000e+02 2.399996430039403883e-01 9.060081929904415521e-01 2.469276285844333035e-02 3.265817023213472836e-02 3.652708238507055422e-02 1.137915339098771066e-04
6.300000000000000000e+02 2.519996251541374299e-01 9.144287664997724496e-01 2.253072371415566766e-02 2.776513427401001294e-02 3.527537551206190447e-02 0.000000000000000000e+00
6.600000000000000000e+02 2.639996073043344715e-01 9.236458807464724696e-01 2.264451524806554428e-02 2.628584433318160996e-02 2.742375967228038308e-02 0.000000000000000000e+00
6.900000000000000000e+02 2.759995894545315132e-01 9.328629949931724896e-01 2.002730996813837164e-02 2.730996813837050646e-02 1.945835229858898507e-02 3.413746017296313199e-04
7.200000000000000000e+02 2.879995716047285548e-01 9.434456076467910846e-01 1.684114701866181243e-02 2.036868456986800149e-02 1.923076923076923184e-02 1.137915339098771066e-04
7.500000000000000000e+02 2.999995537549255964e-01 9.501593081474738467e-01 1.342740100136549826e-02 2.139280837505689453e-02 1.490669094219390124e-02 1.137915339098771066e-04
7.800000000000000000e+02 3.119995359051226380e-01 9.540282203004096795e-01 1.274465179790623508e-02 1.991351843422849502e-02 1.331360946745562164e-02 0.000000000000000000e+00
8.100000000000000000e+02 3.239995180553194576e-01 9.609695038689121116e-01 1.058261265361857065e-02 1.684114701866181243e-02 1.126536185707783383e-02 3.413746017296313199e-04
8.400000000000000000e+02 3.359995002055164992e-01 9.663177059626764098e-01 8.079198907601274626e-03 1.513427401001365448e-02 1.024123805188893906e-02 2.275830678197542133e-04
8.700000000000000000e+02 3.479994823557135408e-01 9.670004551661356418e-01 8.989531178880291046e-03 1.445152480655439303e-02 9.217114246700046018e-03 3.413746017296313199e-04
9.000000000000000000e+02 3.599994645059105824e-01 9.741693218024578549e-01 7.965407373691398007e-03 1.069640418752844727e-02 7.055075102412380721e-03 1.137915339098771066e-04
9.300000000000000000e+02 3.719994466561078461e-01 9.764451524806554428e-01 8.079198907601274626e-03 1.058261265361857065e-02 4.551661356395083832e-03 3.413746017296313199e-04
9.600000000000000000e+02 3.839994288063046657e-01 9.734865725989986229e-01 9.103322712790167665e-03 1.263086026399635846e-02 4.551661356395083832e-03 2.275830678197542133e-04
9.900000000000000000e+02 3.959994109565014853e-01 9.743969048702776359e-01 8.192990441511151245e-03 1.137915339098771045e-02 5.803368229403732710e-03 2.275830678197542133e-04
1.020000000000000000e+03 4.079993931066987489e-01 9.779244424214837972e-01 7.282658170232134826e-03 1.069640418752844727e-02 3.868912152935821518e-03 2.275830678197542133e-04
1.050000000000000000e+03 4.199993752568957905e-01 9.786071916249431402e-01 5.689576695493855224e-03 1.103777878925807886e-02 4.437869822485207214e-03 2.275830678197542133e-04
1.080000000000000000e+03 4.319993574070928322e-01 9.807692307692307265e-01 5.461993627674101119e-03 9.558488848429677609e-03 3.982703686845699004e-03 2.275830678197542133e-04
1.110000000000000000e+03 4.439993395572896517e-01 9.857760582612653533e-01 5.120619025944469528e-03 6.372325898953117539e-03 2.275830678197541916e-03 4.551661356395084266e-04
1.140000000000000000e+03 4.559993217074866934e-01 9.864588074647245852e-01 4.779244424214838804e-03 6.599908966772872511e-03 1.934456076467910759e-03 2.275830678197542133e-04
1.170000000000000000e+03 4.679993038576839570e-01 9.870277651342740377e-01 4.096495220755575623e-03 6.713700500682749130e-03 1.934456076467910759e-03 2.275830678197542133e-04
1.200000000000000000e+03 4.799992860078807766e-01 9.864588074647245852e-01 4.210286754665453109e-03 7.396449704142011444e-03 1.820664542558033706e-03 1.137915339098771066e-04
1.230000000000000000e+03 4.919992681580775962e-01 9.865725989986344757e-01 3.755120619025944465e-03 7.624032771961766417e-03 1.593081474738279385e-03 4.551661356395084266e-04
1.260000000000000000e+03 5.039992503082748598e-01 9.874829312699134887e-01 3.072371415566681717e-03 6.258534365043240920e-03 2.730996813837050560e-03 4.551661356395084266e-04
1.290000000000000000e+03 5.159992324584721235e-01 9.885070550751023921e-01 3.072371415566681717e-03 5.348202093764223633e-03 2.617205279927173507e-03 4.551661356395084266e-04
1.320000000000000000e+03 5.279992146086689431e-01 9.903277196176604180e-01 2.730996813837050560e-03 4.437869822485207214e-03 2.162039144287664864e-03 3.413746017296313199e-04
1.350000000000000000e+03 5.399991967588657626e-01 9.914656349567592120e-01 2.617205279927173507e-03 3.755120619025944465e-03 1.820664542558033706e-03 3.413746017296313199e-04
1.380000000000000000e+03 5.519991789090630263e-01 9.905553026854801990e-01 2.503413746017296455e-03 4.437869822485207214e-03 1.820664542558033706e-03 6.827492034592626399e-04
1.410000000000000000e+03 5.639991610592600679e-01 9.907828857532999800e-01 2.162039144287664864e-03 4.893035958124715423e-03 1.820664542558033706e-03 3.413746017296313199e-04
1.440000000000000000e+03 5.759991432094568875e-01 9.907828857532999800e-01 1.934456076467910759e-03 5.120619025944469528e-03 1.593081474738279385e-03 5.689576695493854790e-04
1.470000000000000000e+03 5.879991253596539291e-01 9.916932180245789930e-01 2.048247610377787811e-03 3.868912152935821518e-03 1.593081474738279385e-03 7.965407373691396923e-04
1.500000000000000000e+03 5.999991075098509707e-01 9.943104233045061413e-01 1.593081474738279385e-03 2.844788347746927612e-03 7.965407373691396923e-04 4.551661356395084266e-04
1.530000000000000000e+03 6.119990896600482344e-01 9.935138825671370189e-01 1.706873008648156654e-03 3.527537551206190360e-03 5.689576695493854790e-04 6.827492034592626399e-04
1.560000000000000000e+03 6.239990718102450540e-01 9.944242148384160318e-01 7.965407373691396923e-04 3.755120619025944465e-03 7.965407373691396923e-04 2.275830678197542133e-04
1.590000000000000000e+03 6.359990539604418736e-01 9.937414656349567998e-01 1.934456076467910759e-03 2.958579881656804664e-03 1.024123805188893906e-03 3.413746017296313199e-04
1.620000000000000000e+03 6.479990361106391372e-01 9.949931725079653733e-01 1.251706873008648227e-03 2.389622212107419402e-03 3.413746017296313199e-04 1.024123805188893906e-03
1.650000000000000000e+03 6.599990182608361788e-01 9.945380063723259223e-01 9.103322712790168532e-04 3.413746017296313308e-03 6.827492034592626399e-04 4.551661356395084266e-04
1.680000000000000000e+03 6.719990004110332205e-01 9.953345471096950448e-01 6.827492034592626399e-04 2.844788347746927612e-03 3.413746017296313199e-04 7.965407373691396923e-04
1.710000000000000000e+03 6.839989825612300400e-01 9.952207555757851543e-01 9.103322712790168532e-04 2.503413746017296455e-03 4.551661356395084266e-04 9.103322712790168532e-04
1.740000000000000000e+03 6.959989647114273037e-01 9.946517979062358128e-01 1.706873008648156654e-03 1.934456076467910759e-03 1.024123805188893906e-03 6.827492034592626399e-04
1.770000000000000000e+03 7.079989468616243453e-01 9.959035047792443862e-01 6.827492034592626399e-04 2.503413746017296455e-03 3.413746017296313199e-04 5.689576695493854790e-04
1.800000000000000000e+03 7.199989290118211649e-01 9.960172963131542767e-01 5.689576695493854790e-04 1.593081474738279385e-03 7.965407373691396923e-04 1.024123805188893906e-03
1.830000000000000000e+03 7.319989111620182065e-01 9.961310878470641672e-01 4.551661356395084266e-04 2.162039144287664864e-03 5.689576695493854790e-04 6.827492034592626399e-04
1.860000000000000000e+03 7.439988933122152481e-01 9.978379608557123026e-01 0.000000000000000000e+00 1.593081474738279385e-03 3.413746017296313199e-04 2.275830678197542133e-04
1.890000000000000000e+03 7.559988754624125118e-01 9.967000455166135087e-01 3.413746017296313199e-04 1.593081474738279385e-03 3.413746017296313199e-04 1.024123805188893906e-03
1.920000000000000000e+03 7.679988576126093314e-01 9.972690031861629611e-01 2.275830678197542133e-04 1.593081474738279385e-03 3.413746017296313199e-04 5.689576695493854790e-04
1.950000000000000000e+03 7.799988397628061509e-01 9.977241693218024121e-01 0.000000000000000000e+00 1.479289940828402332e-03 3.413746017296313199e-04 4.551661356395084266e-04
1.980000000000000000e+03 7.919988219130034146e-01 9.967000455166135087e-01 5.689576695493854790e-04 1.251706873008648227e-03 4.551661356395084266e-04 1.024123805188893906e-03
2.010000000000000000e+03 8.039988040632004562e-01 9.982931269913518646e-01 0.000000000000000000e+00 5.689576695493854790e-04 6.827492034592626399e-04 4.551661356395084266e-04
2.040000000000000000e+03 8.159987862133974978e-01 9.974965862539827421e-01 0.000000000000000000e+00 1.365498406918525280e-03 4.551661356395084266e-04 6.827492034592626399e-04
2.070000000000000000e+03 8.279987683635943174e-01 9.974965862539827421e-01 2.275830678197542133e-04 1.479289940828402332e-03 3.413746017296313199e-04 4.551661356395084266e-04
2.100000000000000000e+03 8.399987505137913590e-01 9.957897132453344957e-01 3.413746017296313199e-04 1.820664542558033706e-03 5.689576695493854790e-04 1.479289940828402332e-03
2.130000000000000000e+03 8.519987326639886227e-01 9.976103777878926326e-01 2.275830678197542133e-04 1.024123805188893906e-03 5.689576695493854790e-04 5.689576695493854790e-04
2.160000000000000000e+03 8.639987148141854423e-01 9.978379608557123026e-01 2.275830678197542133e-04 1.137915339098770958e-03 2.275830678197542133e-04 5.689576695493854790e-04
2.190000000000000000e+03 8.759986969643822619e-01 9.973827947200728516e-01 3.413746017296313199e-04 1.024123805188893906e-03 2.275830678197542133e-04 1.024123805188893906e-03
2.220000000000000000e+03 8.879986791145795255e-01 9.968138370505233992e-01 5.689576695493854790e-04 1.365498406918525280e-03 2.275830678197542133e-04 1.024123805188893906e-03
2.250000000000000000e+03 8.999986612647767892e-01 9.976103777878926326e-01 3.413746017296313199e-04 1.251706873008648227e-03 3.413746017296313199e-04 4.551661356395084266e-04
2.280000000000000000e+03 9.119986434149736088e-01 9.977241693218024121e-01 3.413746017296313199e-04 5.689576695493854790e-04 4.551661356395084266e-04 9.103322712790168532e-04
2.310000000000000000e+03 9.239986255651704283e-01 9.968138370505233992e-01 3.413746017296313199e-04 1.365498406918525280e-03 1.137915339098771066e-04 1.365498406918525280e-03
2.340000000000000000e+03 9.359986077153676920e-01 9.982931269913518646e-01 3.413746017296313199e-04 5.689576695493854790e-04 0.000000000000000000e+00 7.965407373691396923e-04
2.370000000000000000e+03 9.479985898655647336e-01 9.970414201183431802e-01 3.413746017296313199e-04 6.827492034592626399e-04 5.689576695493854790e-04 1.365498406918525280e-03
2.400000000000000000e+03 9.599985720157615532e-01 9.973827947200728516e-01 2.275830678197542133e-04 6.827492034592626399e-04 1.137915339098771066e-04 1.593081474738279385e-03
2.430000000000000000e+03 9.719985541659585948e-01 9.984069185252617551e-01 2.275830678197542133e-04 4.551661356395084266e-04 0.000000000000000000e+00 9.103322712790168532e-04
2.460000000000000000e+03 9.839985363161556364e-01 9.980655439235320836e-01 2.275830678197542133e-04 5.689576695493854790e-04 1.137915339098771066e-04 1.024123805188893906e-03
2.490000000000000000e+03 9.959985184663529001e-01 9.980655439235320836e-01 1.137915339098771066e-04 7.965407373691396923e-04 1.137915339098771066e-04 9.103322712790168532e-04
