# size duration
3.599999999999992095e-03 2.177699924742065030e-01
2.800000000000024691e-03 9.726760581822020690e-02
1.199999999999995515e-02 5.755615814410532938e-01
2.000000000000001776e-03 6.683094211050701061e-02
4.800000000000026468e-03 2.243190784374397284e-01
6.399999999999961275e-03 3.333331435996839121e-01
3.200000000000036149e-03 1.536181348827811988e-01
3.199999999999980638e-03 1.477148988174993849e-01
1.599999999999990319e-03 5.752361385014830020e-02
2.400000000000013234e-03 1.021970115650864125e-01
3.199999999999980638e-03 1.498189864581656039e-01
1.599999999999990319e-03 5.596296069306971877e-02
1.599999999999990319e-03 5.862329703382006957e-02
7.999999999999674039e-04 2.609021536965478588e-02
1.200000000000034373e-03 4.264669836539591863e-02
2.000000000000001776e-03 6.251172015531501758e-02
2.800000000000024691e-03 1.036092206068315175e-01
2.400000000000013234e-03 8.025899700673351511e-02
3.599999999999992095e-03 1.482151166083893190e-01
1.599999999999990319e-03 6.350768898200331858e-02
4.000000000000114575e-04 1.133231092421515922e-02
3.599999999999992095e-03 2.185498691080540179e-01
2.399999999999957723e-03 1.326002180191001856e-01
4.400000000000070521e-03 2.197935423852406256e-01
2.800000000000024691e-03 1.270310534217307108e-01
8.000000000000229150e-04 2.423015609452047053e-02
7.199999999999984190e-03 3.606522361265276921e-01
4.800000000000026468e-03 2.666519151239946095e-01
3.599999999999936584e-03 1.665927933489342871e-01
1.600000000000045830e-03 6.575792972590785435e-02
3.200000000000091660e-03 1.920178759191815687e-01
4.800000000000026468e-03 1.908687958693329467e-01
2.800000000000024691e-03 1.243223400592699396e-01
8.000000000000229150e-04 2.595589123143500834e-02
7.199999999999984190e-03 3.965602025400044583e-01
2.000000000000001776e-03 6.851969883793943006e-02
4.000000000000669687e-04 1.210586002658695093e-02
1.200000000000089884e-03 3.803179578877743938e-02
2.800000000000024691e-03 1.428532451171497797e-01
2.000000000000001776e-03 6.705209454893054644e-02
1.199999999999978861e-03 3.970166954076380372e-02
3.199999999999980638e-03 1.420606792706820554e-01
