# size duration
2.800000000000000000e+01 1.768955107604340604e+00
2.450000000000000000e+01 2.575984118151637414e+00
2.100000000000000000e+01 4.150544164524254676e-01
4.550000000000000000e+01 3.720691845803241193e-01
2.150000000000000000e+01 6.548516414331788660e-01
1.700000000000000000e+01 1.907132183984820983e-01
1.650000000000000000e+01 9.633798243703850517e-02
8.000000000000000000e+01 3.853195340547897363e+00
1.150000000000000000e+01 7.352383690467956256e-02
1.100000000000000000e+01 8.811279194054943975e-02
9.800000000000000000e+01 3.709881338554770203e+00
2.850000000000000000e+01 5.822274387661017236e-01
9.500000000000000000e+00 5.113160463370114428e-02
5.050000000000000000e+01 3.149216565525224887e+00
3.600000000000000000e+01 9.455217916698146041e+00
1.000000000000000000e+01 6.599024330078906431e-02
2.300000000000000000e+01 2.770204627063179714e-01
5.000000000000000000e+00 2.128784510885406434e-02
1.300000000000000000e+01 9.209977470331809357e-02
1.300000000000000000e+01 1.084962665785011993e-01
3.100000000000000000e+01 5.068753353182504640e-01
1.850000000000000000e+01 1.971276209571661830e-01
1.400000000000000000e+01 1.005824720259318461e-01
1.100000000000000000e+01 7.928804291998048370e-02
1.650000000000000000e+01 1.861619199483444120e-01
5.000000000000000000e+01 1.984438778427735528e+00
1.450000000000000000e+01 2.014699767569774203e-01
1.250000000000000000e+01 7.061081020443071843e-02
5.000000000000000000e+00 2.143927534453116124e-02
1.250000000000000000e+01 7.543540105206680835e-02
1.750000000000000000e+01 2.610031015590519310e-01
1.750000000000000000e+01 1.677125035401780817e-01
2.200000000000000000e+01 5.648509441802300746e-01
1.000000000000000000e+01 5.735203763373908359e-02
2.450000000000000000e+01 8.044898357250135357e-01
1.350000000000000000e+01 8.758178437126828975e-02
5.050000000000000000e+01 1.269020581939611425e+00
1.300000000000000000e+01 9.338214069040340348e-02
8.000000000000000000e+00 4.821128417187203752e-02
8.000000000000000000e+00 3.710094496610416570e-02
3.050000000000000000e+01 2.086998535356849871e-01
8.150000000000000000e+01 2.012870854261332276e+00
1.100000000000000000e+01 8.039698435330322468e-02
7.150000000000000000e+01 1.048343793757493536e+00
2.500000000000000000e+01 2.679906158844613806e-01
1.400000000000000000e+01 1.013163016594034183e-01
7.100000000000000000e+01 2.407463614778100336e+00
1.350000000000000000e+01 8.808693832942648960e-02
3.850000000000000000e+01 4.543474447362350066e-01
1.350000000000000000e+01 5.564507104635962875e-02
2.750000000000000000e+01 2.708710269365888212e-01
5.500000000000000000e+00 2.378265686405067747e-02
6.500000000000000000e+00 2.781703687791559076e-02
2.400000000000000000e+01 2.577219762334288511e-01
1.550000000000000000e+01 1.655795501418593219e-01
1.450000000000000000e+01 7.196794081748913996e-02
1.150000000000000000e+01 8.467996469344285515e-02
2.500000000000000000e+00 9.420227648045731428e-03
1.550000000000000000e+01 1.153804614638405113e-01
1.150000000000000000e+01 7.639940194018857156e-02
6.000000000000000000e+00 2.583514589810231854e-02
8.500000000000000000e+00 4.127745532694326869e-02
1.550000000000000000e+01 1.130465713050110566e-01
9.750000000000000000e+01 1.478866846618029030e+00
2.550000000000000000e+01 2.346682952124403698e-01
1.350000000000000000e+01 8.228069092952505770e-02
2.500000000000000000e+00 1.001764843359520540e-02
6.500000000000000000e+00 3.042542402200698604e-02
2.050000000000000000e+01 2.932693295265611511e-01
5.550000000000000000e+01 9.213103525801211724e-01
5.500000000000000000e+00 2.406431633507644108e-02
1.050000000000000000e+01 8.188376662639695880e-02
1.050000000000000000e+01 6.814834661265956051e-02
7.000000000000000000e+00 3.342306329079614002e-02
6.500000000000000000e+00 2.899519651335102921e-02
4.500000000000000000e+00 1.839907503591575733e-02
2.500000000000000000e+00 1.016237708249123628e-02
1.000000000000000000e+01 6.590770160699399582e-02
1.150000000000000000e+01 6.991878527772099616e-02
9.000000000000000000e+00 5.154088805366763282e-02
1.200000000000000000e+01 7.061885753008878552e-02
5.200000000000000000e+01 6.409491056710971968e-01
2.100000000000000000e+01 1.602503488639512863e-01
7.000000000000000000e+00 3.193721964161300164e-02
1.500000000000000000e+00 5.768873073565217169e-03
1.400000000000000000e+01 1.017905641881342582e-01
1.450000000000000000e+01 8.215141112385793143e-02
1.050000000000000000e+01 7.053912741503931549e-02
4.300000000000000000e+01 3.487418490569440532e-01
1.050000000000000000e+01 6.041237554349598859e-02
1.250000000000000000e+01 1.081732423569103929e-01
1.300000000000000000e+01 6.877923690064369211e-02
6.000000000000000000e+00 2.473791826449001086e-02
5.500000000000000000e+00 2.188884135498958550e-02
7.000000000000000000e+00 3.083350837897302910e-02
8.000000000000000000e+00 3.519643330233090950e-02
3.950000000000000000e+01 5.330024151459862303e-01
1.700000000000000000e+01 1.348733531764458871e-01
9.500000000000000000e+00 4.975532463105025727e-02
1.800000000000000000e+01 3.370355996409661881e-01
9.500000000000000000e+00 4.827030799453191356e-02
6.000000000000000000e+01 6.897659454997706607e-01
2.550000000000000000e+01 1.341917628469517787e-01
1.550000000000000000e+01 7.288703718129818654e-02
1.350000000000000000e+01 1.127294346586025231e-01
1.150000000000000000e+01 7.083129646939045898e-02
3.000000000000000000e+00 1.137504178267190191e-02
1.150000000000000000e+01 7.185444916504013513e-02
2.500000000000000000e+01 1.501269757158558704e-01
1.550000000000000000e+01 1.003159604536543181e-01
2.100000000000000000e+01 2.285621386223195550e-01
9.000000000000000000e+00 4.144053487045984419e-02
3.000000000000000000e+01 3.210091910684598204e-01
1.550000000000000000e+01 1.132903609027031688e-01
1.100000000000000000e+01 8.047776516943772052e-02
8.500000000000000000e+00 4.677147684637961156e-02
7.500000000000000000e+00 3.535695682496631242e-02
3.500000000000000000e+00 1.356403489966617748e-02
2.500000000000000000e+00 9.609008314334754886e-03
1.900000000000000000e+01 2.083647829238164384e-01
1.050000000000000000e+01 5.218401922470006227e-02
