# freq power
0.000000000000000000e+00 9.067948709944544256e-25
1.000000000000000000e+00 2.504263680591767479e+05
2.000000000000000000e+00 1.627870386824509769e+05
3.000000000000000000e+00 1.468374004177568422e+05
4.000000000000000000e+00 1.131599887309335027e+05
5.000000000000000000e+00 6.980343455677997554e+04
6.000000000000000000e+00 5.690621152344996517e+04
7.000000000000000000e+00 4.610673351685833040e+04
8.000000000000000000e+00 3.535358271832590253e+04
9.000000000000000000e+00 3.131390857997546846e+04
1.000000000000000000e+01 2.444306731272881734e+04
1.100000000000000000e+01 1.685138071327182843e+04
1.200000000000000000e+01 1.446006213634207415e+04
1.300000000000000000e+01 1.534615615597361102e+04
1.400000000000000000e+01 9.682069036609811519e+03
1.500000000000000000e+01 7.089752184053701058e+03
1.600000000000000000e+01 7.622018319377550142e+03
1.700000000000000000e+01 6.786970874354916305e+03
1.800000000000000000e+01 4.124900282187424637e+03
1.900000000000000000e+01 5.989484171276270899e+03
2.000000000000000000e+01 4.713474750844886330e+03
2.100000000000000000e+01 3.236859134953879675e+03
2.200000000000000000e+01 4.494673413207830890e+03
2.300000000000000000e+01 3.243574810812852775e+03
2.400000000000000000e+01 4.204769330252608597e+03
2.500000000000000000e+01 3.433178440948502612e+03
2.600000000000000000e+01 3.200853593380238181e+03
2.700000000000000000e+01 2.569031685100085724e+03
2.800000000000000000e+01 2.005317629593314450e+03
2.900000000000000000e+01 2.247018847885781724e+03
3.000000000000000000e+01 2.006304436279714309e+03
3.100000000000000000e+01 2.636735108399482669e+03
3.200000000000000000e+01 1.855453936108956668e+03
3.300000000000000000e+01 2.082328653356820723e+03
3.400000000000000000e+01 2.051132963881014803e+03
3.500000000000000000e+01 1.649481895613072311e+03
3.600000000000000000e+01 1.175256208645494780e+03
3.700000000000000000e+01 1.027287654212660300e+03
3.800000000000000000e+01 1.185701449709777307e+03
3.900000000000000000e+01 1.611867079748463766e+03
4.000000000000000000e+01 9.692774254158175609e+02
4.100000000000000000e+01 1.050009027085660591e+03
4.200000000000000000e+01 1.098667299084301703e+03
4.300000000000000000e+01 1.233077511871217212e+03
4.400000000000000000e+01 9.141169747721679641e+02
4.500000000000000000e+01 7.930124059406277865e+02
4.600000000000000000e+01 8.306926012430540140e+02
4.700000000000000000e+01 9.059156373160769817e+02
4.800000000000000000e+01 1.021713303637404465e+03
4.900000000000000000e+01 7.104913869938035305e+02
5.000000000000000000e+01 8.777884853442642452e+02
5.100000000000000000e+01 6.522893771804929202e+02
5.200000000000000000e+01 6.202538968181130485e+02
5.300000000000000000e+01 7.763516304346638890e+02
5.400000000000000000e+01 8.479310007361988255e+02
5.500000000000000000e+01 6.050789876815628077e+02
5.600000000000000000e+01 5.234960276281793767e+02
5.700000000000000000e+01 8.884656858314353940e+02
5.800000000000000000e+01 5.624079008264995991e+02
5.900000000000000000e+01 5.346356590492894156e+02
6.000000000000000000e+01 4.497137742664334041e+02
6.100000000000000000e+01 4.740570078453123983e+02
6.200000000000000000e+01 4.365647387665083556e+02
6.300000000000000000e+01 3.853751481071807348e+02
6.400000000000000000e+01 4.528725367814419087e+02
6.500000000000000000e+01 4.101633310086596111e+02
6.600000000000000000e+01 4.058380381630985880e+02
6.700000000000000000e+01 4.563222723344392762e+02
6.800000000000000000e+01 4.470901869293801383e+02
6.900000000000000000e+01 3.849511419911598296e+02
7.000000000000000000e+01 4.216871324973909623e+02
7.100000000000000000e+01 3.225922447992859929e+02
7.200000000000000000e+01 4.471236800940381499e+02
7.300000000000000000e+01 3.773347321862855779e+02
7.400000000000000000e+01 3.238917465331798553e+02
7.500000000000000000e+01 4.126409082123325902e+02
7.600000000000000000e+01 2.496687669197900448e+02
7.700000000000000000e+01 3.114974979636938315e+02
7.800000000000000000e+01 3.075432540277029716e+02
7.900000000000000000e+01 3.505113513745578757e+02
8.000000000000000000e+01 2.994982954268936055e+02
8.100000000000000000e+01 2.975070197806393821e+02
8.200000000000000000e+01 2.962489548247596645e+02
8.300000000000000000e+01 3.396251764707345160e+02
8.400000000000000000e+01 2.458383763126371946e+02
8.500000000000000000e+01 2.886266487980756779e+02
8.600000000000000000e+01 2.687976733375517142e+02
8.700000000000000000e+01 2.282298154927760550e+02
8.800000000000000000e+01 2.566551869493011964e+02
8.900000000000000000e+01 2.311203549201772489e+02
9.000000000000000000e+01 2.322936502718145562e+02
9.100000000000000000e+01 1.994761927681065856e+02
9.200000000000000000e+01 1.873763337554760540e+02
9.300000000000000000e+01 2.031037754524409138e+02
9.400000000000000000e+01 2.361611052011599270e+02
9.500000000000000000e+01 2.281532302529606966e+02
9.600000000000000000e+01 2.118848449899029163e+02
9.700000000000000000e+01 2.298338224183093814e+02
9.800000000000000000e+01 2.500542567725113940e+02
9.900000000000000000e+01 2.264506771710581177e+02
1.000000000000000000e+02 1.726989423611140637e+02
1.010000000000000000e+02 1.837672618773588056e+02
1.020000000000000000e+02 1.724156742260414887e+02
1.030000000000000000e+02 1.579074484515055588e+02
1.040000000000000000e+02 2.031625145091549882e+02
1.050000000000000000e+02 1.507019312971480360e+02
1.060000000000000000e+02 1.753832331633950048e+02
1.070000000000000000e+02 1.648936310456262504e+02
1.080000000000000000e+02 1.595428137920783058e+02
1.090000000000000000e+02 1.667160898608691753e+02
1.100000000000000000e+02 1.494695464554283717e+02
1.110000000000000000e+02 1.437459397160347123e+02
1.120000000000000000e+02 1.442688497892775956e+02
1.130000000000000000e+02 1.403034947157231898e+02
1.140000000000000000e+02 1.336760393642559848e+02
1.150000000000000000e+02 1.356371346945513494e+02
1.160000000000000000e+02 1.784458430887640077e+02
1.170000000000000000e+02 1.442868104091686234e+02
1.180000000000000000e+02 1.527292831387095760e+02
1.190000000000000000e+02 1.425885084062022372e+02
1.200000000000000000e+02 1.365733858843326800e+02
1.210000000000000000e+02 1.220844229581866358e+02
1.220000000000000000e+02 1.382752031362165610e+02
1.230000000000000000e+02 1.290305074610276392e+02
1.240000000000000000e+02 1.210466002732606370e+02
1.250000000000000000e+02 1.120538731236673300e+02
1.260000000000000000e+02 1.315185888613498548e+02
1.270000000000000000e+02 1.413121603712707781e+02
1.280000000000000000e+02 1.166124673629618940e+02
1.290000000000000000e+02 1.199420394787272528e+02
1.300000000000000000e+02 1.155978361362288211e+02
1.310000000000000000e+02 1.291750200166067373e+02
1.320000000000000000e+02 8.991879266439553930e+01
1.330000000000000000e+02 9.998943817489910657e+01
1.340000000000000000e+02 1.014764603610348246e+02
1.350000000000000000e+02 1.059518912527233567e+02
1.360000000000000000e+02 1.009010202486297061e+02
1.370000000000000000e+02 9.960042725565128308e+01
1.380000000000000000e+02 1.072583703030436197e+02
1.390000000000000000e+02 1.026515579799030746e+02
1.400000000000000000e+02 9.866426128320318867e+01
1.410000000000000000e+02 9.783040418124718940e+01
1.420000000000000000e+02 9.945569111209765367e+01
1.430000000000000000e+02 9.109098481570147499e+01
1.440000000000000000e+02 9.583602443690561756e+01
1.450000000000000000e+02 8.183432595850874236e+01
1.460000000000000000e+02 9.485577590794935077e+01
1.470000000000000000e+02 1.009641647720575293e+02
1.480000000000000000e+02 8.797791020711552790e+01
1.490000000000000000e+02 8.113824635371504712e+01
1.500000000000000000e+02 8.379747476615403912e+01
1.510000000000000000e+02 7.874325095610835490e+01
1.520000000000000000e+02 8.683169785720970424e+01
1.530000000000000000e+02 8.238349506558647306e+01
1.540000000000000000e+02 7.632272367160670967e+01
1.550000000000000000e+02 7.794977325948840985e+01
1.560000000000000000e+02 8.055832468706786642e+01
1.570000000000000000e+02 7.629116596174360154e+01
1.580000000000000000e+02 7.983057102159574470e+01
1.590000000000000000e+02 7.569500920499710617e+01
1.600000000000000000e+02 7.286260574599833717e+01
1.610000000000000000e+02 7.321348848178305957e+01
1.620000000000000000e+02 7.107308007209925904e+01
1.630000000000000000e+02 7.372625019789441581e+01
1.640000000000000000e+02 7.179232659685055751e+01
1.650000000000000000e+02 7.573146918719419318e+01
1.660000000000000000e+02 7.022777952582794114e+01
1.670000000000000000e+02 7.258297089461038354e+01
1.680000000000000000e+02 6.920964030016918400e+01
1.690000000000000000e+02 6.483650517537903113e+01
1.700000000000000000e+02 6.890320731524128917e+01
1.710000000000000000e+02 6.761648520258852102e+01
1.720000000000000000e+02 6.582328562135076311e+01
1.730000000000000000e+02 6.669524131581654558e+01
1.740000000000000000e+02 6.059702338878954464e+01
1.750000000000000000e+02 6.406502674772298178e+01
1.760000000000000000e+02 6.655529179889525437e+01
1.770000000000000000e+02 6.457791948123809789e+01
1.780000000000000000e+02 6.405460792458926278e+01
1.790000000000000000e+02 6.150688489163825778e+01
1.800000000000000000e+02 5.961936286315258116e+01
1.810000000000000000e+02 5.960833497029602057e+01
1.820000000000000000e+02 5.904273622339697880e+01
1.830000000000000000e+02 5.941900524668783845e+01
1.840000000000000000e+02 5.820893576176223405e+01
1.850000000000000000e+02 6.000381000648688712e+01
1.860000000000000000e+02 5.822223451218861356e+01
1.870000000000000000e+02 5.712845147762759979e+01
1.880000000000000000e+02 5.654788532136904422e+01
1.890000000000000000e+02 5.579418021994853660e+01
1.900000000000000000e+02 5.469832371931275361e+01
1.910000000000000000e+02 5.474567494562740677e+01
1.920000000000000000e+02 5.532045669676149657e+01
1.930000000000000000e+02 5.260785540917049730e+01
1.940000000000000000e+02 5.198182278905191822e+01
1.950000000000000000e+02 5.216857770047295872e+01
1.960000000000000000e+02 5.186861363690236715e+01
1.970000000000000000e+02 5.189304777728203533e+01
1.980000000000000000e+02 5.093129723366187278e+01
1.990000000000000000e+02 4.995861126060526658e+01
2.000000000000000000e+02 4.995179658270718193e+01
2.010000000000000000e+02 4.990794897104539984e+01
2.020000000000000000e+02 4.905926323812990830e+01
2.030000000000000000e+02 4.911412820408534685e+01
2.040000000000000000e+02 4.780555165808830509e+01
2.050000000000000000e+02 4.853264818089951405e+01
2.060000000000000000e+02 4.646403086500302493e+01
2.070000000000000000e+02 4.661679459093936373e+01
2.080000000000000000e+02 4.730849562612149839e+01
2.090000000000000000e+02 4.583818944239566662e+01
2.100000000000000000e+02 4.509373546654396847e+01
2.110000000000000000e+02 4.564441627577024718e+01
2.120000000000000000e+02 4.425532372262485836e+01
2.130000000000000000e+02 4.413337381530389791e+01
2.140000000000000000e+02 4.479191756828875981e+01
2.150000000000000000e+02 4.316257669378654782e+01
2.160000000000000000e+02 4.287606421877796947e+01
2.170000000000000000e+02 4.344148301059873063e+01
2.180000000000000000e+02 4.142426548354848848e+01
2.190000000000000000e+02 4.258372502404022697e+01
2.200000000000000000e+02 4.189044528274111201e+01
2.210000000000000000e+02 4.198648926587056707e+01
2.220000000000000000e+02 4.068007465857853333e+01
2.230000000000000000e+02 4.183335519644710132e+01
2.240000000000000000e+02 3.979019834288171609e+01
2.250000000000000000e+02 4.001830597021476166e+01
2.260000000000000000e+02 3.962605511885529808e+01
2.270000000000000000e+02 3.986023118631379702e+01
2.280000000000000000e+02 3.907312971549081482e+01
2.290000000000000000e+02 3.886434532028496847e+01
2.300000000000000000e+02 3.854665725670215437e+01
2.310000000000000000e+02 3.834501299628405491e+01
2.320000000000000000e+02 3.754570292627084882e+01
2.330000000000000000e+02 3.726968856900319338e+01
2.340000000000000000e+02 3.747664480394933406e+01
2.350000000000000000e+02 3.712741978385776065e+01
2.360000000000000000e+02 3.617842104554338789e+01
2.370000000000000000e+02 3.619798749131692972e+01
2.380000000000000000e+02 3.601006800999087432e+01
2.390000000000000000e+02 3.562442091471240957e+01
2.400000000000000000e+02 3.527118865549137183e+01
2.410000000000000000e+02 3.508219494669734217e+01
2.420000000000000000e+02 3.542535280594245251e+01
2.430000000000000000e+02 3.492329844883765588e+01
2.440000000000000000e+02 3.421451237524141931e+01
2.450000000000000000e+02 3.489860787951034382e+01
2.460000000000000000e+02 3.383851369047329172e+01
2.470000000000000000e+02 3.349101157579843147e+01
2.480000000000000000e+02 3.396003746762953313e+01
2.490000000000000000e+02 3.376293303944157742e+01
2.500000000000000000e+02 3.237433666773107888e+01
2.510000000000000000e+02 3.277735161609024317e+01
2.520000000000000000e+02 3.289386844688255707e+01
2.530000000000000000e+02 3.190668289390993806e+01
2.540000000000000000e+02 3.193856226647568519e+01
2.550000000000000000e+02 3.228102118431475986e+01
2.560000000000000000e+02 3.185917238249011874e+01
2.570000000000000000e+02 3.121351423904352984e+01
2.580000000000000000e+02 3.090658298978716090e+01
2.590000000000000000e+02 3.134892850951534271e+01
2.600000000000000000e+02 3.106400423622262608e+01
2.610000000000000000e+02 3.045588759781742638e+01
2.620000000000000000e+02 3.045388156407836533e+01
2.630000000000000000e+02 3.030212230273513896e+01
2.640000000000000000e+02 3.024970503952132006e+01
2.650000000000000000e+02 2.932278641356212390e+01
2.660000000000000000e+02 3.005867635259167514e+01
2.670000000000000000e+02 2.912183469568186212e+01
2.680000000000000000e+02 2.903183355028295409e+01
2.690000000000000000e+02 2.856391599209173293e+01
2.700000000000000000e+02 2.922842046316557330e+01
2.710000000000000000e+02 2.842052745873229824e+01
2.720000000000000000e+02 2.826546979092216461e+01
2.730000000000000000e+02 2.815656132107393006e+01
2.740000000000000000e+02 2.839409290006495468e+01
2.750000000000000000e+02 2.753506648877795016e+01
2.760000000000000000e+02 2.778800703028558772e+01
2.770000000000000000e+02 2.749496099481510214e+01
2.780000000000000000e+02 2.738409974538618386e+01
2.790000000000000000e+02 2.681823817202351634e+01
2.800000000000000000e+02 2.692761220942078992e+01
2.810000000000000000e+02 2.659285901802348917e+01
2.820000000000000000e+02 2.702999858648353992e+01
2.830000000000000000e+02 2.584235692942615614e+01
2.840000000000000000e+02 2.617414512520502612e+01
2.850000000000000000e+02 2.644278478558037904e+01
2.860000000000000000e+02 2.606641349727567913e+01
2.870000000000000000e+02 2.560090577312581317e+01
2.880000000000000000e+02 2.597397466337371341e+01
2.890000000000000000e+02 2.548107316998032346e+01
2.900000000000000000e+02 2.527703076032053175e+01
2.910000000000000000e+02 2.532456981669242424e+01
2.920000000000000000e+02 2.547899397857662862e+01
2.930000000000000000e+02 2.448558409327333507e+01
2.940000000000000000e+02 2.514757438021250024e+01
2.950000000000000000e+02 2.451092124379248816e+01
2.960000000000000000e+02 2.398652730685148882e+01
2.970000000000000000e+02 2.487154069923137101e+01
2.980000000000000000e+02 2.410363481913314843e+01
2.990000000000000000e+02 2.443514275661204493e+01
3.000000000000000000e+02 2.307672839110254870e+01
3.010000000000000000e+02 2.418753259612343243e+01
3.020000000000000000e+02 2.332814100333793306e+01
3.030000000000000000e+02 2.346448065035944452e+01
3.040000000000000000e+02 2.327741577023531150e+01
3.050000000000000000e+02 2.331724649354545775e+01
3.060000000000000000e+02 2.290298054218196100e+01
3.070000000000000000e+02 2.272430377622652387e+01
3.080000000000000000e+02 2.327153673316366067e+01
3.090000000000000000e+02 2.259548162849268849e+01
3.100000000000000000e+02 2.249743276340349496e+01
3.110000000000000000e+02 2.248070935115140756e+01
3.120000000000000000e+02 2.224886783042802563e+01
3.130000000000000000e+02 2.208336534173624344e+01
3.140000000000000000e+02 2.227844369126412261e+01
3.150000000000000000e+02 2.222598460634193529e+01
3.160000000000000000e+02 2.172439131749859698e+01
3.170000000000000000e+02 2.167581448827833412e+01
3.180000000000000000e+02 2.135927005976282800e+01
3.190000000000000000e+02 2.182497042163074497e+01
3.200000000000000000e+02 2.123571347633260942e+01
3.210000000000000000e+02 2.099885175467647613e+01
3.220000000000000000e+02 2.134162303471782351e+01
3.230000000000000000e+02 2.094201854748646952e+01
3.240000000000000000e+02 2.128628743802211787e+01
3.250000000000000000e+02 2.065081403150196948e+01
3.260000000000000000e+02 2.100842302520362637e+01
3.270000000000000000e+02 2.079985756186143320e+01
3.280000000000000000e+02 2.084300910330058443e+01
3.290000000000000000e+02 2.048568607043679890e+01
3.300000000000000000e+02 2.009737850798120817e+01
3.310000000000000000e+02 1.998106931014385168e+01
3.320000000000000000e+02 2.020316168319508776e+01
3.330000000000000000e+02 1.992901197045765116e+01
3.340000000000000000e+02 2.002961866576791650e+01
3.350000000000000000e+02 1.984811556680499223e+01
3.360000000000000000e+02 1.976944250161602668e+01
3.370000000000000000e+02 1.954056834253341890e+01
3.380000000000000000e+02 1.985939888294485911e+01
3.390000000000000000e+02 1.939065516183467253e+01
3.400000000000000000e+02 1.903486210431893610e+01
3.410000000000000000e+02 1.939241907044651114e+01
3.420000000000000000e+02 1.926746753151226699e+01
3.430000000000000000e+02 1.895472305061174367e+01
3.440000000000000000e+02 1.942641696678359153e+01
3.450000000000000000e+02 1.911948157727149677e+01
3.460000000000000000e+02 1.852374161166264344e+01
3.470000000000000000e+02 1.863317539518462596e+01
3.480000000000000000e+02 1.870771097767436331e+01
3.490000000000000000e+02 1.851343784518122604e+01
3.500000000000000000e+02 1.848280435721741100e+01
3.510000000000000000e+02 1.819385434656776113e+01
3.520000000000000000e+02 1.832943694795211798e+01
3.530000000000000000e+02 1.816279760257301135e+01
3.540000000000000000e+02 1.817344170703819017e+01
3.550000000000000000e+02 1.799852645254236450e+01
3.560000000000000000e+02 1.805335254009080614e+01
3.570000000000000000e+02 1.789457712931023181e+01
3.580000000000000000e+02 1.775036357063413917e+01
3.590000000000000000e+02 1.784175606270491699e+01
3.600000000000000000e+02 1.770010868377954338e+01
3.610000000000000000e+02 1.751257461620495803e+01
3.620000000000000000e+02 1.761012872026857323e+01
3.630000000000000000e+02 1.741128668266568269e+01
3.640000000000000000e+02 1.735305898065900720e+01
3.650000000000000000e+02 1.715151578847060421e+01
3.660000000000000000e+02 1.701464196701254039e+01
3.670000000000000000e+02 1.712942984602295482e+01
3.680000000000000000e+02 1.692495803614355765e+01
3.690000000000000000e+02 1.689232040889317332e+01
3.700000000000000000e+02 1.714779025685167824e+01
3.710000000000000000e+02 1.667105224222911986e+01
3.720000000000000000e+02 1.657180186377483366e+01
3.730000000000000000e+02 1.682619897619068183e+01
3.740000000000000000e+02 1.646929873806931255e+01
3.750000000000000000e+02 1.648431190314374817e+01
3.760000000000000000e+02 1.624306129760608641e+01
3.770000000000000000e+02 1.635646568324805017e+01
3.780000000000000000e+02 1.627644305325224039e+01
3.790000000000000000e+02 1.650155020114637239e+01
3.800000000000000000e+02 1.629186610939624558e+01
3.810000000000000000e+02 1.622234190290309996e+01
3.820000000000000000e+02 1.586497682561259559e+01
3.830000000000000000e+02 1.600980160122796292e+01
3.840000000000000000e+02 1.594509185055950518e+01
3.850000000000000000e+02 1.571276899750205835e+01
3.860000000000000000e+02 1.586205554691725972e+01
3.870000000000000000e+02 1.579141941301958596e+01
3.880000000000000000e+02 1.549624693056556168e+01
3.890000000000000000e+02 1.555889421061451827e+01
3.900000000000000000e+02 1.571702739681444250e+01
3.910000000000000000e+02 1.544559179257400849e+01
3.920000000000000000e+02 1.523220904085153471e+01
3.930000000000000000e+02 1.553563053827950391e+01
3.940000000000000000e+02 1.513311588638859106e+01
3.950000000000000000e+02 1.536863913739467868e+01
3.960000000000000000e+02 1.524654443821885508e+01
3.970000000000000000e+02 1.524967975413355248e+01
3.980000000000000000e+02 1.505176032037644518e+01
3.990000000000000000e+02 1.517975031689005228e+01
4.000000000000000000e+02 1.498694344143548562e+01
4.010000000000000000e+02 1.492686597862872944e+01
4.020000000000000000e+02 1.468702274321151968e+01
4.030000000000000000e+02 1.478998776725144992e+01
4.040000000000000000e+02 1.463880513500699720e+01
4.050000000000000000e+02 1.461384720171092333e+01
4.060000000000000000e+02 1.458292168055491089e+01
4.070000000000000000e+02 1.461585530881066575e+01
4.080000000000000000e+02 1.452154621457743566e+01
4.090000000000000000e+02 1.469183437625532029e+01
4.100000000000000000e+02 1.439881400316711435e+01
4.110000000000000000e+02 1.429903253806322461e+01
4.120000000000000000e+02 1.429082198802637471e+01
4.130000000000000000e+02 1.444168969205122544e+01
4.140000000000000000e+02 1.419429261142571086e+01
4.150000000000000000e+02 1.412031716029320982e+01
4.160000000000000000e+02 1.429584675344432299e+01
4.170000000000000000e+02 1.392604991966721428e+01
4.180000000000000000e+02 1.393029625028813534e+01
4.190000000000000000e+02 1.402443481471711273e+01
4.200000000000000000e+02 1.396762770826871680e+01
4.210000000000000000e+02 1.391678706696644952e+01
4.220000000000000000e+02 1.376698868825705802e+01
4.230000000000000000e+02 1.350283101174471234e+01
4.240000000000000000e+02 1.403435592245552321e+01
4.250000000000000000e+02 1.349548302973575353e+01
4.260000000000000000e+02 1.366011665622491833e+01
4.270000000000000000e+02 1.375623598409076465e+01
4.280000000000000000e+02 1.345798215028898781e+01
4.290000000000000000e+02 1.313799604781404184e+01
4.300000000000000000e+02 1.359295816575901839e+01
4.310000000000000000e+02 1.359593244100119591e+01
4.320000000000000000e+02 1.326747944298342397e+01
4.330000000000000000e+02 1.333224778385388021e+01
4.340000000000000000e+02 1.329707224311194302e+01
4.350000000000000000e+02 1.319263815019815489e+01
4.360000000000000000e+02 1.302311918511896316e+01
4.370000000000000000e+02 1.324241843843550726e+01
4.380000000000000000e+02 1.309782994566098502e+01
4.390000000000000000e+02 1.307507537425704314e+01
4.400000000000000000e+02 1.287007782444828052e+01
4.410000000000000000e+02 1.313413566903417440e+01
4.420000000000000000e+02 1.286039596491306725e+01
4.430000000000000000e+02 1.275743764204522179e+01
4.440000000000000000e+02 1.274550535857654232e+01
4.450000000000000000e+02 1.300663990372102496e+01
4.460000000000000000e+02 1.269823584964447605e+01
4.470000000000000000e+02 1.266272399064370191e+01
4.480000000000000000e+02 1.266796303959250913e+01
4.490000000000000000e+02 1.297740351052364005e+01
4.500000000000000000e+02 1.235688216042603038e+01
4.510000000000000000e+02 1.271677539022420156e+01
4.520000000000000000e+02 1.258955291350581085e+01
4.530000000000000000e+02 1.241507741839099310e+01
4.540000000000000000e+02 1.220591775526234635e+01
4.550000000000000000e+02 1.253530723802315983e+01
4.560000000000000000e+02 1.231443624745545762e+01
4.570000000000000000e+02 1.228921481912775171e+01
4.580000000000000000e+02 1.230738868280963239e+01
4.590000000000000000e+02 1.239843908244296955e+01
4.600000000000000000e+02 1.218742005591991351e+01
4.610000000000000000e+02 1.233510253158845416e+01
4.620000000000000000e+02 1.223867520817651666e+01
4.630000000000000000e+02 1.202857228095828823e+01
4.640000000000000000e+02 1.204629289633899880e+01
4.650000000000000000e+02 1.223230873522587103e+01
4.660000000000000000e+02 1.194151596994399434e+01
4.670000000000000000e+02 1.208516364979824509e+01
4.680000000000000000e+02 1.207475968161952373e+01
4.690000000000000000e+02 1.194020269811197466e+01
4.700000000000000000e+02 1.187843273021248969e+01
4.710000000000000000e+02 1.166640809884172114e+01
4.720000000000000000e+02 1.200477124290054753e+01
4.730000000000000000e+02 1.185593450012730621e+01
4.740000000000000000e+02 1.181879703829204686e+01
4.750000000000000000e+02 1.194628476044938026e+01
4.760000000000000000e+02 1.167312594284556049e+01
4.770000000000000000e+02 1.167526751874195767e+01
4.780000000000000000e+02 1.170099833567403103e+01
4.790000000000000000e+02 1.167743942462779216e+01
4.800000000000000000e+02 1.158421166781901235e+01
4.810000000000000000e+02 1.151497993234475281e+01
4.820000000000000000e+02 1.156344004850373786e+01
4.830000000000000000e+02 1.150691418549015488e+01
4.840000000000000000e+02 1.147549775076057976e+01
4.850000000000000000e+02 1.138466917437116876e+01
4.860000000000000000e+02 1.150086106868162084e+01
4.870000000000000000e+02 1.139889245944307383e+01
4.880000000000000000e+02 1.119016962734372633e+01
4.890000000000000000e+02 1.138295311045244418e+01
4.900000000000000000e+02 1.132382586500340516e+01
4.910000000000000000e+02 1.127673281174235420e+01
4.920000000000000000e+02 1.127197046342706699e+01
4.930000000000000000e+02 1.115980455519139802e+01
4.940000000000000000e+02 1.119980293935204152e+01
4.950000000000000000e+02 1.127211761175657934e+01
4.960000000000000000e+02 1.114455540733468375e+01
4.970000000000000000e+02 1.114252953416406200e+01
4.980000000000000000e+02 1.102748187687587844e+01
4.990000000000000000e+02 1.104582794233243170e+01
5.000000000000000000e+02 1.092378702974303728e+01
5.010000000000000000e+02 1.098380795662519738e+01
5.020000000000000000e+02 1.110730817990683228e+01
5.030000000000000000e+02 1.092785099399258542e+01
5.040000000000000000e+02 1.102645836383623212e+01
5.050000000000000000e+02 1.099939862118499789e+01
5.060000000000000000e+02 1.071041731907390471e+01
5.070000000000000000e+02 1.076140317807255187e+01
5.080000000000000000e+02 1.089178662315529422e+01
5.090000000000000000e+02 1.092359085449538725e+01
5.100000000000000000e+02 1.060303013080230627e+01
5.110000000000000000e+02 1.080081835136297741e+01
5.120000000000000000e+02 1.071505224315417060e+01
5.130000000000000000e+02 1.065818177102915065e+01
5.140000000000000000e+02 1.074281761703693050e+01
5.150000000000000000e+02 1.068640659910961332e+01
5.160000000000000000e+02 1.066297514486821107e+01
5.170000000000000000e+02 1.056293845516328567e+01
5.180000000000000000e+02 1.045768021879297116e+01
5.190000000000000000e+02 1.053044537131666125e+01
5.200000000000000000e+02 1.073400495068161042e+01
5.210000000000000000e+02 1.038940131623563445e+01
5.220000000000000000e+02 1.029737622118255835e+01
5.230000000000000000e+02 1.049869516432986849e+01
5.240000000000000000e+02 1.046309490599317549e+01
5.250000000000000000e+02 1.028852388123408801e+01
5.260000000000000000e+02 1.053826238198863940e+01
5.270000000000000000e+02 1.030525301322112064e+01
5.280000000000000000e+02 1.021373254457491875e+01
5.290000000000000000e+02 1.024424456136875961e+01
5.300000000000000000e+02 1.043374657993335930e+01
5.310000000000000000e+02 1.035265602983109723e+01
5.320000000000000000e+02 1.018969895395096081e+01
5.330000000000000000e+02 1.024655265835967732e+01
5.340000000000000000e+02 1.031920289530223300e+01
5.350000000000000000e+02 1.010969606763572770e+01
5.360000000000000000e+02 1.020887847678863736e+01
5.370000000000000000e+02 1.008175499522827678e+01
5.380000000000000000e+02 1.024255396563495779e+01
5.390000000000000000e+02 1.002575286976319724e+01
5.400000000000000000e+02 1.024460727402886562e+01
5.410000000000000000e+02 9.930401164404711878e+00
5.420000000000000000e+02 1.011093599451734804e+01
5.430000000000000000e+02 1.000905949945853557e+01
5.440000000000000000e+02 9.973369883027428884e+00
5.450000000000000000e+02 1.014404818249236229e+01
5.460000000000000000e+02 1.009840444126139758e+01
5.470000000000000000e+02 9.865723144208637052e+00
5.480000000000000000e+02 9.958578605565051589e+00
5.490000000000000000e+02 1.003594830025082807e+01
5.500000000000000000e+02 9.838169968048914527e+00
5.510000000000000000e+02 1.009011812506069639e+01
5.520000000000000000e+02 9.775236619654727122e+00
5.530000000000000000e+02 9.775712988714749585e+00
5.540000000000000000e+02 9.791244899014554193e+00
5.550000000000000000e+02 9.849522182309256024e+00
5.560000000000000000e+02 9.837409150745527242e+00
5.570000000000000000e+02 9.794514712353109331e+00
5.580000000000000000e+02 9.767147433868757389e+00
5.590000000000000000e+02 9.672288140301851911e+00
5.600000000000000000e+02 9.688254066542846488e+00
5.610000000000000000e+02 9.844561025356176387e+00
5.620000000000000000e+02 9.690418673523465642e+00
5.630000000000000000e+02 9.688958146709973462e+00
5.640000000000000000e+02 9.710074903622407660e+00
5.650000000000000000e+02 9.615216019236633826e+00
5.660000000000000000e+02 9.649693202626162147e+00
5.670000000000000000e+02 9.670212796613766315e+00
5.680000000000000000e+02 9.602555023753810204e+00
5.690000000000000000e+02 9.528319032810363964e+00
5.700000000000000000e+02 9.531602029396125886e+00
5.710000000000000000e+02 9.538636059798308864e+00
5.720000000000000000e+02 9.552566443047323830e+00
5.730000000000000000e+02 9.427869760260946919e+00
5.740000000000000000e+02 9.541301865776731006e+00
5.750000000000000000e+02 9.486469880439257096e+00
5.760000000000000000e+02 9.485509090100189056e+00
5.770000000000000000e+02 9.357620368376013076e+00
5.780000000000000000e+02 9.441697418519776619e+00
5.790000000000000000e+02 9.306680383729620587e+00
5.800000000000000000e+02 9.528568734148443298e+00
5.810000000000000000e+02 9.338495161093579355e+00
5.820000000000000000e+02 9.557664848219452836e+00
5.830000000000000000e+02 9.183050434579687504e+00
5.840000000000000000e+02 9.344293952904100919e+00
5.850000000000000000e+02 9.285965540441013744e+00
5.860000000000000000e+02 9.441074152383835738e+00
5.870000000000000000e+02 9.188781795186871548e+00
5.880000000000000000e+02 9.293649650736044876e+00
5.890000000000000000e+02 9.304540446224587313e+00
5.900000000000000000e+02 9.269900268278602695e+00
5.910000000000000000e+02 9.258380421001419336e+00
5.920000000000000000e+02 9.261482810655580877e+00
5.930000000000000000e+02 9.093623255594994959e+00
5.940000000000000000e+02 9.156118803674015538e+00
5.950000000000000000e+02 9.141518074223354162e+00
5.960000000000000000e+02 9.197506798810888284e+00
5.970000000000000000e+02 9.213124812468453939e+00
5.980000000000000000e+02 9.285063597804390056e+00
5.990000000000000000e+02 9.379473193253796026e+00
6.000000000000000000e+02 8.945223309131332456e+00
6.010000000000000000e+02 9.098204447708848619e+00
6.020000000000000000e+02 9.127177139660725302e+00
6.030000000000000000e+02 9.080390402754272117e+00
6.040000000000000000e+02 9.055497153852524406e+00
6.050000000000000000e+02 9.151364250250175303e+00
6.060000000000000000e+02 9.011210468135452345e+00
6.070000000000000000e+02 9.012138999586053245e+00
6.080000000000000000e+02 9.032260449083182152e+00
6.090000000000000000e+02 9.126308050184974263e+00
6.100000000000000000e+02 8.965130578684256335e+00
6.110000000000000000e+02 8.998815202007538261e+00
6.120000000000000000e+02 8.996876476321324034e+00
6.130000000000000000e+02 9.018621685938928323e+00
6.140000000000000000e+02 8.934186444056217979e+00
6.150000000000000000e+02 9.052367022897739091e+00
6.160000000000000000e+02 8.997313782357958090e+00
6.170000000000000000e+02 8.876806348235065869e+00
6.180000000000000000e+02 8.820772672487976251e+00
6.190000000000000000e+02 9.014566367631060118e+00
6.200000000000000000e+02 8.976080055244828770e+00
6.210000000000000000e+02 8.813495957790102864e+00
6.220000000000000000e+02 8.907282589481816615e+00
6.230000000000000000e+02 8.893850333323635837e+00
6.240000000000000000e+02 8.747450766513834353e+00
6.250000000000000000e+02 8.882308234666474789e+00
6.260000000000000000e+02 8.969958907821604654e+00
6.270000000000000000e+02 8.874527967686637098e+00
6.280000000000000000e+02 8.792627581651840885e+00
6.290000000000000000e+02 8.897849275116694656e+00
6.300000000000000000e+02 8.812431277564625631e+00
6.310000000000000000e+02 8.828484049547268953e+00
6.320000000000000000e+02 8.769357727577776984e+00
6.330000000000000000e+02 8.872713595144078980e+00
6.340000000000000000e+02 8.815285042649200875e+00
6.350000000000000000e+02 8.664047193500405086e+00
6.360000000000000000e+02 8.822840091380609095e+00
6.370000000000000000e+02 8.728854142146509787e+00
6.380000000000000000e+02 8.776725375382241623e+00
6.390000000000000000e+02 8.636136691813867117e+00
6.400000000000000000e+02 8.728599591387148138e+00
6.410000000000000000e+02 8.738759590526703036e+00
6.420000000000000000e+02 8.803248571839549896e+00
6.430000000000000000e+02 8.599856274419561686e+00
6.440000000000000000e+02 8.700445714282595944e+00
6.450000000000000000e+02 8.721812422878896243e+00
6.460000000000000000e+02 8.571694930121946499e+00
6.470000000000000000e+02 8.709854667186478494e+00
6.480000000000000000e+02 8.738030642707636630e+00
6.490000000000000000e+02 8.624367873326688638e+00
6.500000000000000000e+02 8.705228418038153393e+00
6.510000000000000000e+02 8.682361982466726857e+00
6.520000000000000000e+02 8.573563071335597030e+00
6.530000000000000000e+02 8.555300135147005491e+00
6.540000000000000000e+02 8.639525921442620771e+00
6.550000000000000000e+02 8.664552919270992248e+00
6.560000000000000000e+02 8.614407416897281067e+00
6.570000000000000000e+02 8.622073021330971088e+00
6.580000000000000000e+02 8.471568755614807600e+00
6.590000000000000000e+02 8.478507472235705222e+00
6.600000000000000000e+02 8.521460794157166063e+00
6.610000000000000000e+02 8.642087447585842241e+00
6.620000000000000000e+02 8.639951965699022907e+00
6.630000000000000000e+02 8.549198468428064857e+00
6.640000000000000000e+02 8.539377058700162948e+00
6.650000000000000000e+02 8.464350044674855411e+00
6.660000000000000000e+02 8.500894494095829756e+00
6.670000000000000000e+02 8.650809108978782191e+00
6.680000000000000000e+02 8.462496059452167430e+00
6.690000000000000000e+02 8.608996619038927989e+00
6.700000000000000000e+02 8.476478582246913973e+00
6.710000000000000000e+02 8.515668733142803148e+00
6.720000000000000000e+02 8.506779525074058768e+00
6.730000000000000000e+02 8.530426152191932232e+00
6.740000000000000000e+02 8.395913551071563674e+00
6.750000000000000000e+02 8.457084587977048429e+00
6.760000000000000000e+02 8.476134496709910593e+00
6.770000000000000000e+02 8.457985809892505813e+00
6.780000000000000000e+02 8.492460423178622264e+00
6.790000000000000000e+02 8.505565271569194508e+00
6.800000000000000000e+02 8.459258314573792958e+00
6.810000000000000000e+02 8.494716153731923569e+00
6.820000000000000000e+02 8.470238056013929651e+00
6.830000000000000000e+02 8.366204868941990114e+00
6.840000000000000000e+02 8.472821289588070570e+00
6.850000000000000000e+02 8.515178115127092440e+00
6.860000000000000000e+02 8.310543125261640185e+00
6.870000000000000000e+02 8.518156358477231294e+00
6.880000000000000000e+02 8.373555979531875693e+00
6.890000000000000000e+02 8.317969151633691993e+00
6.900000000000000000e+02 8.463143795232777933e+00
6.910000000000000000e+02 8.412945696864168710e+00
6.920000000000000000e+02 8.396790334073173767e+00
6.930000000000000000e+02 8.375221085940559362e+00
6.940000000000000000e+02 8.410881246049466853e+00
6.950000000000000000e+02 8.325358819398571697e+00
6.960000000000000000e+02 8.379059144302502204e+00
6.970000000000000000e+02 8.459589732040596388e+00
6.980000000000000000e+02 8.465790518549594523e+00
6.990000000000000000e+02 8.394883105513997634e+00
7.000000000000000000e+02 8.182251213042619042e+00
7.010000000000000000e+02 8.382894741582466835e+00
7.020000000000000000e+02 8.358984381540652819e+00
7.030000000000000000e+02 8.385165211442963340e+00
7.040000000000000000e+02 8.335118397928777512e+00
7.050000000000000000e+02 8.414341597241390858e+00
7.060000000000000000e+02 8.274543218998037020e+00
7.070000000000000000e+02 8.368441397031512352e+00
7.080000000000000000e+02 8.278478413681785497e+00
7.090000000000000000e+02 8.388313570584868373e+00
7.100000000000000000e+02 8.189207128105614686e+00
7.110000000000000000e+02 8.324341281165409612e+00
7.120000000000000000e+02 8.416047427830960714e+00
7.130000000000000000e+02 8.393651105823007441e+00
7.140000000000000000e+02 8.228085043452383118e+00
7.150000000000000000e+02 8.408945276297396632e+00
7.160000000000000000e+02 8.316800952252178192e+00
7.170000000000000000e+02 8.173078157033637936e+00
7.180000000000000000e+02 8.214111136812599412e+00
7.190000000000000000e+02 8.413192114486474082e+00
7.200000000000000000e+02 8.327216728041388905e+00
7.210000000000000000e+02 8.389439221951359826e+00
7.220000000000000000e+02 8.308253903156774811e+00
7.230000000000000000e+02 8.303317916541161026e+00
7.240000000000000000e+02 8.261069016496589867e+00
7.250000000000000000e+02 8.255557188750367814e+00
7.260000000000000000e+02 8.247943362344457796e+00
7.270000000000000000e+02 8.456609879692823739e+00
7.280000000000000000e+02 8.222979712058917201e+00
7.290000000000000000e+02 8.217845484322259253e+00
7.300000000000000000e+02 8.254469235618991263e+00
7.310000000000000000e+02 8.301138915323848622e+00
7.320000000000000000e+02 8.369296890764848840e+00
7.330000000000000000e+02 8.224601873004004915e+00
7.340000000000000000e+02 8.310700004640569460e+00
7.350000000000000000e+02 8.130149818506756887e+00
7.360000000000000000e+02 8.372397560434997388e+00
7.370000000000000000e+02 8.279377602903378985e+00
7.380000000000000000e+02 8.319257709759641628e+00
7.390000000000000000e+02 8.234632260033507123e+00
7.400000000000000000e+02 8.253256458471906143e+00
7.410000000000000000e+02 8.220471779840226034e+00
7.420000000000000000e+02 8.359295342887941516e+00
7.430000000000000000e+02 8.314630426125900087e+00
7.440000000000000000e+02 8.256087332049977690e+00
7.450000000000000000e+02 8.167624276223838464e+00
7.460000000000000000e+02 8.389988303006516546e+00
7.470000000000000000e+02 8.206999319780477364e+00
7.480000000000000000e+02 8.235365282323305891e+00
7.490000000000000000e+02 8.325432071950469748e+00
7.500000000000000000e+02 8.325432071950450208e+00
7.510000000000000000e+02 8.235365282323254377e+00
7.520000000000000000e+02 8.206999319780507562e+00
7.530000000000000000e+02 8.389988303006521875e+00
7.540000000000000000e+02 8.167624276223829582e+00
7.550000000000000000e+02 8.256087332050007888e+00
7.560000000000000000e+02 8.314630426125914298e+00
7.570000000000000000e+02 8.359295342888025004e+00
7.580000000000000000e+02 8.220471779840233140e+00
7.590000000000000000e+02 8.253256458472035817e+00
7.600000000000000000e+02 8.234632260033523110e+00
7.610000000000000000e+02 8.319257709759753538e+00
7.620000000000000000e+02 8.279377602903394973e+00
7.630000000000000000e+02 8.372397560434968966e+00
7.640000000000000000e+02 8.130149818506744452e+00
7.650000000000000000e+02 8.310700004640589000e+00
7.660000000000000000e+02 8.224601873004086627e+00
7.670000000000000000e+02 8.369296890764932328e+00
7.680000000000000000e+02 8.301138915323907241e+00
7.690000000000000000e+02 8.254469235618964618e+00
7.700000000000000000e+02 8.217845484322209515e+00
7.710000000000000000e+02 8.222979712058760882e+00
7.720000000000000000e+02 8.456609879692852161e+00
7.730000000000000000e+02 8.247943362344491547e+00
7.740000000000000000e+02 8.255557188750371367e+00
7.750000000000000000e+02 8.261069016496714212e+00
7.760000000000000000e+02 8.303317916541274712e+00
7.770000000000000000e+02 8.308253903156904485e+00
7.780000000000000000e+02 8.389439221951285219e+00
7.790000000000000000e+02 8.327216728041520355e+00
7.800000000000000000e+02 8.413192114486250262e+00
7.810000000000000000e+02 8.214111136812737968e+00
7.820000000000000000e+02 8.173078157033501157e+00
7.830000000000000000e+02 8.316800952252229706e+00
7.840000000000000000e+02 8.408945276297311366e+00
7.850000000000000000e+02 8.228085043452464831e+00
7.860000000000000000e+02 8.393651105822806713e+00
7.870000000000000000e+02 8.416047427831101047e+00
7.880000000000000000e+02 8.324341281165336781e+00
7.890000000000000000e+02 8.189207128105596922e+00
7.900000000000000000e+02 8.388313570584942980e+00
7.910000000000000000e+02 8.278478413681799708e+00
7.920000000000000000e+02 8.368441397031558537e+00
7.930000000000000000e+02 8.274543218998095639e+00
7.940000000000000000e+02 8.414341597241346449e+00
7.950000000000000000e+02 8.335118397928797052e+00
7.960000000000000000e+02 8.385165211442812350e+00
7.970000000000000000e+02 8.358984381540690123e+00
7.980000000000000000e+02 8.382894741582486375e+00
7.990000000000000000e+02 8.182251213042643911e+00
8.000000000000000000e+02 8.394883105514065136e+00
8.010000000000000000e+02 8.465790518549567878e+00
8.020000000000000000e+02 8.459589732040667442e+00
8.030000000000000000e+02 8.379059144302594575e+00
8.040000000000000000e+02 8.325358819398390509e+00
8.050000000000000000e+02 8.410881246049370930e+00
8.060000000000000000e+02 8.375221085940445676e+00
8.070000000000000000e+02 8.396790334073241269e+00
8.080000000000000000e+02 8.412945696864198908e+00
8.090000000000000000e+02 8.463143795232674904e+00
8.100000000000000000e+02 8.317969151633628044e+00
8.110000000000000000e+02 8.373555979531897009e+00
8.120000000000000000e+02 8.518156358477122936e+00
8.130000000000000000e+02 8.310543125261485642e+00
8.140000000000000000e+02 8.515178115127051583e+00
8.150000000000000000e+02 8.472821289587823657e+00
8.160000000000000000e+02 8.366204868941979456e+00
8.170000000000000000e+02 8.470238056013883465e+00
8.180000000000000000e+02 8.494716153731880937e+00
8.190000000000000000e+02 8.459258314573780524e+00
8.200000000000000000e+02 8.505565271569269115e+00
8.210000000000000000e+02 8.492460423178796347e+00
8.220000000000000000e+02 8.457985809892385021e+00
8.230000000000000000e+02 8.476134496709796906e+00
8.240000000000000000e+02 8.457084587976932966e+00
8.250000000000000000e+02 8.395913551071627623e+00
8.260000000000000000e+02 8.530426152191958877e+00
8.270000000000000000e+02 8.506779525074138704e+00
8.280000000000000000e+02 8.515668733142650382e+00
8.290000000000000000e+02 8.476478582246878446e+00
8.300000000000000000e+02 8.608996619038936871e+00
8.310000000000000000e+02 8.462496059451948938e+00
8.320000000000000000e+02 8.650809108978943840e+00
8.330000000000000000e+02 8.500894494095806664e+00
8.340000000000000000e+02 8.464350044674867846e+00
8.350000000000000000e+02 8.539377058700015510e+00
8.360000000000000000e+02 8.549198468428082620e+00
8.370000000000000000e+02 8.639951965698989156e+00
8.380000000000000000e+02 8.642087447585874216e+00
8.390000000000000000e+02 8.521460794157174945e+00
8.400000000000000000e+02 8.478507472235706999e+00
8.410000000000000000e+02 8.471568755615036750e+00
8.420000000000000000e+02 8.622073021330949771e+00
8.430000000000000000e+02 8.614407416897261527e+00
8.440000000000000000e+02 8.664552919271036657e+00
8.450000000000000000e+02 8.639525921442654521e+00
8.460000000000000000e+02 8.555300135146922003e+00
8.470000000000000000e+02 8.573563071335764008e+00
8.480000000000000000e+02 8.682361982466710870e+00
8.490000000000000000e+02 8.705228418038162275e+00
8.500000000000000000e+02 8.624367873326441725e+00
8.510000000000000000e+02 8.738030642707780515e+00
8.520000000000000000e+02 8.709854667186368360e+00
8.530000000000000000e+02 8.571694930121964262e+00
8.540000000000000000e+02 8.721812422878796767e+00
8.550000000000000000e+02 8.700445714282523113e+00
8.560000000000000000e+02 8.599856274419590108e+00
8.570000000000000000e+02 8.803248571839571213e+00
8.580000000000000000e+02 8.738759590526758103e+00
8.590000000000000000e+02 8.728599591387080636e+00
8.600000000000000000e+02 8.636136691813870669e+00
8.610000000000000000e+02 8.776725375382323335e+00
8.620000000000000000e+02 8.728854142146531103e+00
8.630000000000000000e+02 8.822840091380484751e+00
8.640000000000000000e+02 8.664047193500589827e+00
8.650000000000000000e+02 8.815285042649197322e+00
8.660000000000000000e+02 8.872713595144094967e+00
8.670000000000000000e+02 8.769357727577787642e+00
8.680000000000000000e+02 8.828484049547324020e+00
8.690000000000000000e+02 8.812431277564538590e+00
8.700000000000000000e+02 8.897849275116680445e+00
8.710000000000000000e+02 8.792627581651943913e+00
8.720000000000000000e+02 8.874527967686594465e+00
8.730000000000000000e+02 8.969958907821617089e+00
8.740000000000000000e+02 8.882308234666362878e+00
8.750000000000000000e+02 8.747450766513706455e+00
8.760000000000000000e+02 8.893850333323809920e+00
8.770000000000000000e+02 8.907282589481676283e+00
8.780000000000000000e+02 8.813495957790136615e+00
8.790000000000000000e+02 8.976080055244631595e+00
8.800000000000000000e+02 9.014566367631156041e+00
8.810000000000000000e+02 8.820772672487926513e+00
8.820000000000000000e+02 8.876806348235042776e+00
8.830000000000000000e+02 8.997313782358094869e+00
8.840000000000000000e+02 9.052367022897611193e+00
8.850000000000000000e+02 8.934186444056349430e+00
8.860000000000000000e+02 9.018621685938867927e+00
8.870000000000000000e+02 8.996876476321496341e+00
8.880000000000000000e+02 8.998815202007532932e+00
8.890000000000000000e+02 8.965130578684265217e+00
8.900000000000000000e+02 9.126308050184997356e+00
8.910000000000000000e+02 9.032260449083159060e+00
8.920000000000000000e+02 9.012138999586197130e+00
8.930000000000000000e+02 9.011210468135281815e+00
8.940000000000000000e+02 9.151364250250015431e+00
8.950000000000000000e+02 9.055497153852492431e+00
8.960000000000000000e+02 9.080390402754224155e+00
8.970000000000000000e+02 9.127177139660597405e+00
8.980000000000000000e+02 9.098204447708550191e+00
8.990000000000000000e+02 8.945223309131311140e+00
9.000000000000000000e+02 9.379473193253577534e+00
9.010000000000000000e+02 9.285063597804402491e+00
9.020000000000000000e+02 9.213124812468292291e+00
9.030000000000000000e+02 9.197506798810620054e+00
9.040000000000000000e+02 9.141518074223425216e+00
9.050000000000000000e+02 9.156118803674081263e+00
9.060000000000000000e+02 9.093623255595099764e+00
9.070000000000000000e+02 9.261482810655577325e+00
9.080000000000000000e+02 9.258380421001310978e+00
9.090000000000000000e+02 9.269900268278727040e+00
9.100000000000000000e+02 9.304540446224740080e+00
9.110000000000000000e+02 9.293649650735988033e+00
9.120000000000000000e+02 9.188781795186944379e+00
9.130000000000000000e+02 9.441074152383823304e+00
9.140000000000000000e+02 9.285965540440882293e+00
9.150000000000000000e+02 9.344293952904036971e+00
9.160000000000000000e+02 9.183050434579724808e+00
9.170000000000000000e+02 9.557664848219586062e+00
9.180000000000000000e+02 9.338495161093606001e+00
9.190000000000000000e+02 9.528568734148493036e+00
9.200000000000000000e+02 9.306680383729606376e+00
9.210000000000000000e+02 9.441697418519808593e+00
9.220000000000000000e+02 9.357620368376197817e+00
9.230000000000000000e+02 9.485509090100158858e+00
9.240000000000000000e+02 9.486469880439031499e+00
9.250000000000000000e+02 9.541301865776816271e+00
9.260000000000000000e+02 9.427869760260950471e+00
9.270000000000000000e+02 9.552566443047323830e+00
9.280000000000000000e+02 9.538636059798175637e+00
9.290000000000000000e+02 9.531602029396029963e+00
9.300000000000000000e+02 9.528319032810458111e+00
9.310000000000000000e+02 9.602555023753838626e+00
9.320000000000000000e+02 9.670212796613649076e+00
9.330000000000000000e+02 9.649693202626277611e+00
9.340000000000000000e+02 9.615216019236457967e+00
9.350000000000000000e+02 9.710074903622368581e+00
9.360000000000000000e+02 9.688958146709948593e+00
9.370000000000000000e+02 9.690418673523440773e+00
9.380000000000000000e+02 9.844561025356183492e+00
9.390000000000000000e+02 9.688254066542690168e+00
9.400000000000000000e+02 9.672288140302001125e+00
9.410000000000000000e+02 9.767147433868753836e+00
9.420000000000000000e+02 9.794514712353057817e+00
9.430000000000000000e+02 9.837409150745667574e+00
9.440000000000000000e+02 9.849522182309222273e+00
9.450000000000000000e+02 9.791244899014404979e+00
9.460000000000000000e+02 9.775712988714523988e+00
9.470000000000000000e+02 9.775236619654837256e+00
9.480000000000000000e+02 1.009011812506061645e+01
9.490000000000000000e+02 9.838169968048921632e+00
9.500000000000000000e+02 1.003594830025072149e+01
9.510000000000000000e+02 9.958578605564955666e+00
9.520000000000000000e+02 9.865723144208709883e+00
9.530000000000000000e+02 1.009840444126134962e+01
9.540000000000000000e+02 1.014404818249238893e+01
9.550000000000000000e+02 9.973369883027357830e+00
9.560000000000000000e+02 1.000905949945854978e+01
9.570000000000000000e+02 1.011093599451739777e+01
9.580000000000000000e+02 9.930401164404743852e+00
9.590000000000000000e+02 1.024460727402878391e+01
9.600000000000000000e+02 1.002575286976323810e+01
9.610000000000000000e+02 1.024255396563494358e+01
9.620000000000000000e+02 1.008175499522814178e+01
9.630000000000000000e+02 1.020887847678869953e+01
9.640000000000000000e+02 1.010969606763568329e+01
9.650000000000000000e+02 1.031920289530220813e+01
9.660000000000000000e+02 1.024655265835980877e+01
9.670000000000000000e+02 1.018969895395087910e+01
9.680000000000000000e+02 1.035265602983115585e+01
9.690000000000000000e+02 1.043374657993336285e+01
9.700000000000000000e+02 1.024424456136871164e+01
9.710000000000000000e+02 1.021373254457500934e+01
9.720000000000000000e+02 1.030525301322113130e+01
9.730000000000000000e+02 1.053826238198846177e+01
9.740000000000000000e+02 1.028852388123419281e+01
9.750000000000000000e+02 1.046309490599320746e+01
9.760000000000000000e+02 1.049869516432980809e+01
9.770000000000000000e+02 1.029737622118262408e+01
9.780000000000000000e+02 1.038940131623562557e+01
9.790000000000000000e+02 1.073400495068170102e+01
9.800000000000000000e+02 1.053044537131654224e+01
9.810000000000000000e+02 1.045768021879298537e+01
9.820000000000000000e+02 1.056293845516320751e+01
9.830000000000000000e+02 1.066297514486821463e+01
9.840000000000000000e+02 1.068640659910967372e+01
9.850000000000000000e+02 1.074281761703710814e+01
9.860000000000000000e+02 1.065818177102908315e+01
9.870000000000000000e+02 1.071505224315414928e+01
9.880000000000000000e+02 1.080081835136306267e+01
9.890000000000000000e+02 1.060303013080218903e+01
9.900000000000000000e+02 1.092359085449547074e+01
9.910000000000000000e+02 1.089178662315538304e+01
9.920000000000000000e+02 1.076140317807231916e+01
9.930000000000000000e+02 1.071041731907396510e+01
9.940000000000000000e+02 1.099939862118507428e+01
9.950000000000000000e+02 1.102645836383624101e+01
9.960000000000000000e+02 1.092785099399251791e+01
9.970000000000000000e+02 1.110730817990684471e+01
9.980000000000000000e+02 1.098380795662519738e+01
9.990000000000000000e+02 1.092378702974304616e+01
1.000000000000000000e+03 1.104582794233257914e+01
1.001000000000000000e+03 1.102748187687577364e+01
1.002000000000000000e+03 1.114252953416418990e+01
1.003000000000000000e+03 1.114455540733463046e+01
1.004000000000000000e+03 1.127211761175645677e+01
1.005000000000000000e+03 1.119980293935200599e+01
1.006000000000000000e+03 1.115980455519134118e+01
1.007000000000000000e+03 1.127197046342698172e+01
1.008000000000000000e+03 1.127673281174234710e+01
1.009000000000000000e+03 1.132382586500333588e+01
1.010000000000000000e+03 1.138295311045239622e+01
1.011000000000000000e+03 1.119016962734376364e+01
1.012000000000000000e+03 1.139889245944323015e+01
1.013000000000000000e+03 1.150086106868175229e+01
1.014000000000000000e+03 1.138466917437120607e+01
1.015000000000000000e+03 1.147549775076058509e+01
1.016000000000000000e+03 1.150691418549016554e+01
1.017000000000000000e+03 1.156344004850362239e+01
1.018000000000000000e+03 1.151497993234461781e+01
1.019000000000000000e+03 1.158421166781893596e+01
1.020000000000000000e+03 1.167743942462785256e+01
1.021000000000000000e+03 1.170099833567406478e+01
1.022000000000000000e+03 1.167526751874195057e+01
1.023000000000000000e+03 1.167312594284560490e+01
1.024000000000000000e+03 1.194628476044934295e+01
1.025000000000000000e+03 1.181879703829209660e+01
1.026000000000000000e+03 1.185593450012731509e+01
1.027000000000000000e+03 1.200477124290042497e+01
1.028000000000000000e+03 1.166640809884172469e+01
1.029000000000000000e+03 1.187843273021246482e+01
1.030000000000000000e+03 1.194020269811217538e+01
1.031000000000000000e+03 1.207475968161951840e+01
1.032000000000000000e+03 1.208516364979826285e+01
1.033000000000000000e+03 1.194151596994404407e+01
1.034000000000000000e+03 1.223230873522586393e+01
1.035000000000000000e+03 1.204629289633881051e+01
1.036000000000000000e+03 1.202857228095829178e+01
1.037000000000000000e+03 1.223867520817650956e+01
1.038000000000000000e+03 1.233510253158835646e+01
1.039000000000000000e+03 1.218742005592003075e+01
1.040000000000000000e+03 1.239843908244286652e+01
1.041000000000000000e+03 1.230738868280942810e+01
1.042000000000000000e+03 1.228921481912789737e+01
1.043000000000000000e+03 1.231443624745554466e+01
1.044000000000000000e+03 1.253530723802299640e+01
1.045000000000000000e+03 1.220591775526240852e+01
1.046000000000000000e+03 1.241507741839096646e+01
1.047000000000000000e+03 1.258955291350569539e+01
1.048000000000000000e+03 1.271677539022406478e+01
1.049000000000000000e+03 1.235688216042604282e+01
1.050000000000000000e+03 1.297740351052341978e+01
1.051000000000000000e+03 1.266796303959228354e+01
1.052000000000000000e+03 1.266272399064363263e+01
1.053000000000000000e+03 1.269823584964462171e+01
1.054000000000000000e+03 1.300663990372087220e+01
1.055000000000000000e+03 1.274550535857642508e+01
1.056000000000000000e+03 1.275743764204525021e+01
1.057000000000000000e+03 1.286039596491334080e+01
1.058000000000000000e+03 1.313413566903390262e+01
1.059000000000000000e+03 1.287007782444820947e+01
1.060000000000000000e+03 1.307507537425702182e+01
1.061000000000000000e+03 1.309782994566096725e+01
1.062000000000000000e+03 1.324241843843542021e+01
1.063000000000000000e+03 1.302311918511900046e+01
1.064000000000000000e+03 1.319263815019816555e+01
1.065000000000000000e+03 1.329707224311194302e+01
1.066000000000000000e+03 1.333224778385378073e+01
1.067000000000000000e+03 1.326747944298353410e+01
1.068000000000000000e+03 1.359593244100118348e+01
1.069000000000000000e+03 1.359295816575915161e+01
1.070000000000000000e+03 1.313799604781399921e+01
1.071000000000000000e+03 1.345798215028887412e+01
1.072000000000000000e+03 1.375623598409089610e+01
1.073000000000000000e+03 1.366011665622490234e+01
1.074000000000000000e+03 1.349548302973560254e+01
1.075000000000000000e+03 1.403435592245554986e+01
1.076000000000000000e+03 1.350283101174488465e+01
1.077000000000000000e+03 1.376698868825691235e+01
1.078000000000000000e+03 1.391678706696647616e+01
1.079000000000000000e+03 1.396762770826850009e+01
1.080000000000000000e+03 1.402443481471719622e+01
1.081000000000000000e+03 1.393029625028816199e+01
1.082000000000000000e+03 1.392604991966724093e+01
1.083000000000000000e+03 1.429584675344423594e+01
1.084000000000000000e+03 1.412031716029344963e+01
1.085000000000000000e+03 1.419429261142563092e+01
1.086000000000000000e+03 1.444168969205117925e+01
1.087000000000000000e+03 1.429082198802650439e+01
1.088000000000000000e+03 1.429903253806322816e+01
1.089000000000000000e+03 1.439881400316709481e+01
1.090000000000000000e+03 1.469183437625537358e+01
1.091000000000000000e+03 1.452154621457757600e+01
1.092000000000000000e+03 1.461585530881053607e+01
1.093000000000000000e+03 1.458292168055488069e+01
1.094000000000000000e+03 1.461384720171087004e+01
1.095000000000000000e+03 1.463880513500700076e+01
1.096000000000000000e+03 1.478998776725150854e+01
1.097000000000000000e+03 1.468702274321163337e+01
1.098000000000000000e+03 1.492686597862872944e+01
1.099000000000000000e+03 1.498694344143561352e+01
1.100000000000000000e+03 1.517975031689024235e+01
1.101000000000000000e+03 1.505176032037643274e+01
1.102000000000000000e+03 1.524967975413347610e+01
1.103000000000000000e+03 1.524654443821907002e+01
1.104000000000000000e+03 1.536863913739464493e+01
1.105000000000000000e+03 1.513311588638864968e+01
1.106000000000000000e+03 1.553563053827961582e+01
1.107000000000000000e+03 1.523220904085151695e+01
1.108000000000000000e+03 1.544559179257384507e+01
1.109000000000000000e+03 1.571702739681419914e+01
1.110000000000000000e+03 1.555889421061464084e+01
1.111000000000000000e+03 1.549624693056544977e+01
1.112000000000000000e+03 1.579141941301943142e+01
1.113000000000000000e+03 1.586205554691722774e+01
1.114000000000000000e+03 1.571276899750224132e+01
1.115000000000000000e+03 1.594509185055965439e+01
1.116000000000000000e+03 1.600980160122789187e+01
1.117000000000000000e+03 1.586497682561259914e+01
1.118000000000000000e+03 1.622234190290333444e+01
1.119000000000000000e+03 1.629186610939617452e+01
1.120000000000000000e+03 1.650155020114616278e+01
1.121000000000000000e+03 1.627644305325213381e+01
1.122000000000000000e+03 1.635646568324807859e+01
1.123000000000000000e+03 1.624306129760613615e+01
1.124000000000000000e+03 1.648431190314374106e+01
1.125000000000000000e+03 1.646929873806939781e+01
1.126000000000000000e+03 1.682619897619052196e+01
1.127000000000000000e+03 1.657180186377480524e+01
1.128000000000000000e+03 1.667105224222921933e+01
1.129000000000000000e+03 1.714779025685180258e+01
1.130000000000000000e+03 1.689232040889305608e+01
1.131000000000000000e+03 1.692495803614347594e+01
1.132000000000000000e+03 1.712942984602315732e+01
1.133000000000000000e+03 1.701464196701258302e+01
1.134000000000000000e+03 1.715151578847026670e+01
1.135000000000000000e+03 1.735305898065891839e+01
1.136000000000000000e+03 1.741128668266569335e+01
1.137000000000000000e+03 1.761012872026877929e+01
1.138000000000000000e+03 1.751257461620479461e+01
1.139000000000000000e+03 1.770010868377951851e+01
1.140000000000000000e+03 1.784175606270496317e+01
1.141000000000000000e+03 1.775036357063418535e+01
1.142000000000000000e+03 1.789457712931036681e+01
1.143000000000000000e+03 1.805335254009078483e+01
1.144000000000000000e+03 1.799852645254256700e+01
1.145000000000000000e+03 1.817344170703829676e+01
1.146000000000000000e+03 1.816279760257304332e+01
1.147000000000000000e+03 1.832943694795205758e+01
1.148000000000000000e+03 1.819385434656768652e+01
1.149000000000000000e+03 1.848280435721726533e+01
1.150000000000000000e+03 1.851343784518099511e+01
1.151000000000000000e+03 1.870771097767435265e+01
1.152000000000000000e+03 1.863317539518473254e+01
1.153000000000000000e+03 1.852374161166245159e+01
1.154000000000000000e+03 1.911948157727141151e+01
1.155000000000000000e+03 1.942641696678362351e+01
1.156000000000000000e+03 1.895472305061187512e+01
1.157000000000000000e+03 1.926746753151232028e+01
1.158000000000000000e+03 1.939241907044641167e+01
1.159000000000000000e+03 1.903486210431885084e+01
1.160000000000000000e+03 1.939065516183483595e+01
1.161000000000000000e+03 1.985939888294481648e+01
1.162000000000000000e+03 1.954056834253328034e+01
1.163000000000000000e+03 1.976944250161583838e+01
1.164000000000000000e+03 1.984811556680527644e+01
1.165000000000000000e+03 2.002961866576794847e+01
1.166000000000000000e+03 1.992901197045749839e+01
1.167000000000000000e+03 2.020316168319520855e+01
1.168000000000000000e+03 1.998106931014378773e+01
1.169000000000000000e+03 2.009737850798105541e+01
1.170000000000000000e+03 2.048568607043687706e+01
1.171000000000000000e+03 2.084300910330083667e+01
1.172000000000000000e+03 2.079985756186152912e+01
1.173000000000000000e+03 2.100842302520342386e+01
1.174000000000000000e+03 2.065081403150163908e+01
1.175000000000000000e+03 2.128628743802194379e+01
1.176000000000000000e+03 2.094201854748664715e+01
1.177000000000000000e+03 2.134162303471794786e+01
1.178000000000000000e+03 2.099885175467621679e+01
1.179000000000000000e+03 2.123571347633244599e+01
1.180000000000000000e+03 2.182497042163078405e+01
1.181000000000000000e+03 2.135927005976297011e+01
1.182000000000000000e+03 2.167581448827824175e+01
1.183000000000000000e+03 2.172439131749855434e+01
1.184000000000000000e+03 2.222598460634207029e+01
1.185000000000000000e+03 2.227844369126424695e+01
1.186000000000000000e+03 2.208336534173626831e+01
1.187000000000000000e+03 2.224886783042802563e+01
1.188000000000000000e+03 2.248070935115119795e+01
1.189000000000000000e+03 2.249743276340345233e+01
1.190000000000000000e+03 2.259548162849299402e+01
1.191000000000000000e+03 2.327153673316393423e+01
1.192000000000000000e+03 2.272430377622680098e+01
1.193000000000000000e+03 2.290298054218174784e+01
1.194000000000000000e+03 2.331724649354500301e+01
1.195000000000000000e+03 2.327741577023491004e+01
1.196000000000000000e+03 2.346448065035907504e+01
1.197000000000000000e+03 2.332814100333845886e+01
1.198000000000000000e+03 2.418753259612385875e+01
1.199000000000000000e+03 2.307672839110279739e+01
1.200000000000000000e+03 2.443514275661136992e+01
1.201000000000000000e+03 2.410363481913302763e+01
1.202000000000000000e+03 2.487154069923148469e+01
1.203000000000000000e+03 2.398652730685164514e+01
1.204000000000000000e+03 2.451092124379244552e+01
1.205000000000000000e+03 2.514757438021213432e+01
1.206000000000000000e+03 2.448558409327315033e+01
1.207000000000000000e+03 2.547899397857671744e+01
1.208000000000000000e+03 2.532456981669281504e+01
1.209000000000000000e+03 2.527703076032053886e+01
1.210000000000000000e+03 2.548107316998028793e+01
1.211000000000000000e+03 2.597397466337341143e+01
1.212000000000000000e+03 2.560090577312576698e+01
1.213000000000000000e+03 2.606641349727567913e+01
1.214000000000000000e+03 2.644278478558063483e+01
1.215000000000000000e+03 2.617414512520507230e+01
1.216000000000000000e+03 2.584235692942620233e+01
1.217000000000000000e+03 2.702999858648342979e+01
1.218000000000000000e+03 2.659285901802327956e+01
1.219000000000000000e+03 2.692761220942079703e+01
1.220000000000000000e+03 2.681823817202365490e+01
1.221000000000000000e+03 2.738409974538663860e+01
1.222000000000000000e+03 2.749496099481534372e+01
1.223000000000000000e+03 2.778800703028548469e+01
1.224000000000000000e+03 2.753506648877760554e+01
1.225000000000000000e+03 2.839409290006492625e+01
1.226000000000000000e+03 2.815656132107451270e+01
1.227000000000000000e+03 2.826546979092256962e+01
1.228000000000000000e+03 2.842052745873199626e+01
1.229000000000000000e+03 2.922842046316554487e+01
1.230000000000000000e+03 2.856391599209163701e+01
1.231000000000000000e+03 2.903183355028311752e+01
1.232000000000000000e+03 2.912183469568210370e+01
1.233000000000000000e+03 3.005867635259173198e+01
1.234000000000000000e+03 2.932278641356225890e+01
1.235000000000000000e+03 3.024970503952111400e+01
1.236000000000000000e+03 3.030212230273522422e+01
1.237000000000000000e+03 3.045388156407869928e+01
1.238000000000000000e+03 3.045588759781757204e+01
1.239000000000000000e+03 3.106400423622257634e+01
1.240000000000000000e+03 3.134892850951506560e+01
1.241000000000000000e+03 3.090658298978697260e+01
1.242000000000000000e+03 3.121351423904366840e+01
1.243000000000000000e+03 3.185917238249038874e+01
1.244000000000000000e+03 3.228102118431480960e+01
1.245000000000000000e+03 3.193856226647588414e+01
1.246000000000000000e+03 3.190668289390995938e+01
1.247000000000000000e+03 3.289386844688235811e+01
1.248000000000000000e+03 3.277735161609013659e+01
1.249000000000000000e+03 3.237433666773090124e+01
1.250000000000000000e+03 3.376293303944167690e+01
1.251000000000000000e+03 3.396003746762952602e+01
1.252000000000000000e+03 3.349101157579845278e+01
1.253000000000000000e+03 3.383851369047334146e+01
1.254000000000000000e+03 3.489860787951025856e+01
1.255000000000000000e+03 3.421451237524119904e+01
1.256000000000000000e+03 3.492329844883774825e+01
1.257000000000000000e+03 3.542535280594277936e+01
1.258000000000000000e+03 3.508219494669784666e+01
1.259000000000000000e+03 3.527118865549092419e+01
1.260000000000000000e+03 3.562442091471258010e+01
1.261000000000000000e+03 3.601006800999097379e+01
1.262000000000000000e+03 3.619798749131652471e+01
1.263000000000000000e+03 3.617842104554292604e+01
1.264000000000000000e+03 3.712741978385792407e+01
1.265000000000000000e+03 3.747664480394954722e+01
1.266000000000000000e+03 3.726968856900324312e+01
1.267000000000000000e+03 3.754570292627064276e+01
1.268000000000000000e+03 3.834501299628379911e+01
1.269000000000000000e+03 3.854665725670186305e+01
1.270000000000000000e+03 3.886434532028484767e+01
1.271000000000000000e+03 3.907312971549070824e+01
1.272000000000000000e+03 3.986023118631406703e+01
1.273000000000000000e+03 3.962605511885526965e+01
1.274000000000000000e+03 4.001830597021495350e+01
1.275000000000000000e+03 3.979019834288177293e+01
1.276000000000000000e+03 4.183335519644700895e+01
1.277000000000000000e+03 4.068007465857873228e+01
1.278000000000000000e+03 4.198648926587075181e+01
1.279000000000000000e+03 4.189044528274138202e+01
1.280000000000000000e+03 4.258372502404013460e+01
1.281000000000000000e+03 4.142426548354828242e+01
1.282000000000000000e+03 4.344148301059885142e+01
1.283000000000000000e+03 4.287606421877799789e+01
1.284000000000000000e+03 4.316257669378664019e+01
1.285000000000000000e+03 4.479191756828893745e+01
1.286000000000000000e+03 4.413337381530404713e+01
1.287000000000000000e+03 4.425532372262534153e+01
1.288000000000000000e+03 4.564441627577021166e+01
1.289000000000000000e+03 4.509373546654430243e+01
1.290000000000000000e+03 4.583818944239580873e+01
1.291000000000000000e+03 4.730849562612163339e+01
1.292000000000000000e+03 4.661679459093941347e+01
1.293000000000000000e+03 4.646403086500300361e+01
1.294000000000000000e+03 4.853264818089954957e+01
1.295000000000000000e+03 4.780555165808834062e+01
1.296000000000000000e+03 4.911412820408558133e+01
1.297000000000000000e+03 4.905926323812989409e+01
1.298000000000000000e+03 4.990794897104562011e+01
1.299000000000000000e+03 4.995179658270697587e+01
1.300000000000000000e+03 4.995861126060513868e+01
1.301000000000000000e+03 5.093129723366163120e+01
1.302000000000000000e+03 5.189304777728204954e+01
1.303000000000000000e+03 5.186861363690211135e+01
1.304000000000000000e+03 5.216857770047303688e+01
1.305000000000000000e+03 5.198182278905190401e+01
1.306000000000000000e+03 5.260785540917065362e+01
1.307000000000000000e+03 5.532045669676131894e+01
1.308000000000000000e+03 5.474567494562702308e+01
1.309000000000000000e+03 5.469832371931229176e+01
1.310000000000000000e+03 5.579418021994830923e+01
1.311000000000000000e+03 5.654788532136922896e+01
1.312000000000000000e+03 5.712845147762774900e+01
1.313000000000000000e+03 5.822223451218832935e+01
1.314000000000000000e+03 6.000381000648692265e+01
1.315000000000000000e+03 5.820893576176230511e+01
1.316000000000000000e+03 5.941900524668780292e+01
1.317000000000000000e+03 5.904273622339705696e+01
1.318000000000000000e+03 5.960833497029579320e+01
1.319000000000000000e+03 5.961936286315275879e+01
1.320000000000000000e+03 6.150688489163891148e+01
1.321000000000000000e+03 6.405460792458960384e+01
1.322000000000000000e+03 6.457791948123832526e+01
1.323000000000000000e+03 6.655529179889531122e+01
1.324000000000000000e+03 6.406502674772315231e+01
1.325000000000000000e+03 6.059702338879005623e+01
1.326000000000000000e+03 6.669524131581626136e+01
1.327000000000000000e+03 6.582328562135056416e+01
1.328000000000000000e+03 6.761648520258835049e+01
1.329000000000000000e+03 6.890320731524114706e+01
1.330000000000000000e+03 6.483650517537888902e+01
1.331000000000000000e+03 6.920964030016912716e+01
1.332000000000000000e+03 7.258297089461007090e+01
1.333000000000000000e+03 7.022777952582764271e+01
1.334000000000000000e+03 7.573146918719406528e+01
1.335000000000000000e+03 7.179232659685051487e+01
1.336000000000000000e+03 7.372625019789444423e+01
1.337000000000000000e+03 7.107308007209930167e+01
1.338000000000000000e+03 7.321348848178305957e+01
1.339000000000000000e+03 7.286260574599836559e+01
1.340000000000000000e+03 7.569500920499660879e+01
1.341000000000000000e+03 7.983057102159571627e+01
1.342000000000000000e+03 7.629116596174323206e+01
1.343000000000000000e+03 8.055832468706786642e+01
1.344000000000000000e+03 7.794977325948840985e+01
1.345000000000000000e+03 7.632272367160682336e+01
1.346000000000000000e+03 8.238349506558647306e+01
1.347000000000000000e+03 8.683169785720967582e+01
1.348000000000000000e+03 7.874325095610825542e+01
1.349000000000000000e+03 8.379747476615446544e+01
1.350000000000000000e+03 8.113824635371524607e+01
1.351000000000000000e+03 8.797791020711625265e+01
1.352000000000000000e+03 1.009641647720575293e+02
1.353000000000000000e+03 9.485577590794997604e+01
1.354000000000000000e+03 8.183432595850857183e+01
1.355000000000000000e+03 9.583602443690564598e+01
1.356000000000000000e+03 9.109098481570089234e+01
1.357000000000000000e+03 9.945569111209726998e+01
1.358000000000000000e+03 9.783040418124620885e+01
1.359000000000000000e+03 9.866426128320266287e+01
1.360000000000000000e+03 1.026515579799023499e+02
1.361000000000000000e+03 1.072583703030439892e+02
1.362000000000000000e+03 9.960042725565139676e+01
1.363000000000000000e+03 1.009010202486296635e+02
1.364000000000000000e+03 1.059518912527230299e+02
1.365000000000000000e+03 1.014764603610353504e+02
1.366000000000000000e+03 9.998943817489892183e+01
1.367000000000000000e+03 8.991879266439524088e+01
1.368000000000000000e+03 1.291750200166065952e+02
1.369000000000000000e+03 1.155978361362292048e+02
1.370000000000000000e+03 1.199420394787267554e+02
1.371000000000000000e+03 1.166124673629617803e+02
1.372000000000000000e+03 1.413121603712705792e+02
1.373000000000000000e+03 1.315185888613503096e+02
1.374000000000000000e+03 1.120538731236676995e+02
1.375000000000000000e+03 1.210466002732603670e+02
1.376000000000000000e+03 1.290305074610276108e+02
1.377000000000000000e+03 1.382752031362159926e+02
1.378000000000000000e+03 1.220844229581856979e+02
1.379000000000000000e+03 1.365733858843316852e+02
1.380000000000000000e+03 1.425885084062010719e+02
1.381000000000000000e+03 1.527292831387097749e+02
1.382000000000000000e+03 1.442868104091681971e+02
1.383000000000000000e+03 1.784458430887636382e+02
1.384000000000000000e+03 1.356371346945511220e+02
1.385000000000000000e+03 1.336760393642563542e+02
1.386000000000000000e+03 1.403034947157236161e+02
1.387000000000000000e+03 1.442688497892779367e+02
1.388000000000000000e+03 1.437459397160348828e+02
1.389000000000000000e+03 1.494695464554286275e+02
1.390000000000000000e+03 1.667160898608695163e+02
1.391000000000000000e+03 1.595428137920785332e+02
1.392000000000000000e+03 1.648936310456266767e+02
1.393000000000000000e+03 1.753832331633959711e+02
1.394000000000000000e+03 1.507019312971488034e+02
1.395000000000000000e+03 2.031625145091552724e+02
1.396000000000000000e+03 1.579074484515058145e+02
1.397000000000000000e+03 1.724156742260416877e+02
1.398000000000000000e+03 1.837672618773587487e+02
1.399000000000000000e+03 1.726989423611135521e+02
1.400000000000000000e+03 2.264506771710581745e+02
1.401000000000000000e+03 2.500542567725113940e+02
1.402000000000000000e+03 2.298338224183087277e+02
1.403000000000000000e+03 2.118848449899039394e+02
1.404000000000000000e+03 2.281532302529606682e+02
1.405000000000000000e+03 2.361611052011597280e+02
1.406000000000000000e+03 2.031037754524412549e+02
1.407000000000000000e+03 1.873763337554756561e+02
1.408000000000000000e+03 1.994761927681064719e+02
1.409000000000000000e+03 2.322936502718143288e+02
1.410000000000000000e+03 2.311203549201771068e+02
1.411000000000000000e+03 2.566551869493015374e+02
1.412000000000000000e+03 2.282298154927759981e+02
1.413000000000000000e+03 2.687976733375518279e+02
1.414000000000000000e+03 2.886266487980765305e+02
1.415000000000000000e+03 2.458383763126376209e+02
1.416000000000000000e+03 3.396251764707350276e+02
1.417000000000000000e+03 2.962489548247610287e+02
1.418000000000000000e+03 2.975070197806398937e+02
1.419000000000000000e+03 2.994982954268942308e+02
1.420000000000000000e+03 3.505113513745570799e+02
1.421000000000000000e+03 3.075432540277016074e+02
1.422000000000000000e+03 3.114974979636927515e+02
1.423000000000000000e+03 2.496687669197891921e+02
1.424000000000000000e+03 4.126409082123307144e+02
1.425000000000000000e+03 3.238917465331803669e+02
1.426000000000000000e+03 3.773347321862852937e+02
1.427000000000000000e+03 4.471236800940369562e+02
1.428000000000000000e+03 3.225922447992855950e+02
1.429000000000000000e+03 4.216871324973907917e+02
1.430000000000000000e+03 3.849511419911602275e+02
1.431000000000000000e+03 4.470901869293804793e+02
1.432000000000000000e+03 4.563222723344388214e+02
1.433000000000000000e+03 4.058380381630987017e+02
1.434000000000000000e+03 4.101633310086606343e+02
1.435000000000000000e+03 4.528725367814425340e+02
1.436000000000000000e+03 3.853751481071814169e+02
1.437000000000000000e+03 4.365647387665089809e+02
1.438000000000000000e+03 4.740570078453131373e+02
1.439000000000000000e+03 4.497137742664330631e+02
1.440000000000000000e+03 5.346356590492888472e+02
1.441000000000000000e+03 5.624079008264998265e+02
1.442000000000000000e+03 8.884656858314348256e+02
1.443000000000000000e+03 5.234960276281800589e+02
1.444000000000000000e+03 6.050789876815632624e+02
1.445000000000000000e+03 8.479310007361975750e+02
1.446000000000000000e+03 7.763516304346630932e+02
1.447000000000000000e+03 6.202538968181125938e+02
1.448000000000000000e+03 6.522893771804931475e+02
1.449000000000000000e+03 8.777884853442657231e+02
1.450000000000000000e+03 7.104913869938064863e+02
1.451000000000000000e+03 1.021713303637408785e+03
1.452000000000000000e+03 9.059156373160794828e+02
1.453000000000000000e+03 8.306926012430567425e+02
1.454000000000000000e+03 7.930124059406296055e+02
1.455000000000000000e+03 9.141169747721689873e+02
1.456000000000000000e+03 1.233077511871218576e+03
1.457000000000000000e+03 1.098667299084302158e+03
1.458000000000000000e+03 1.050009027085659682e+03
1.459000000000000000e+03 9.692774254158175609e+02
1.460000000000000000e+03 1.611867079748463084e+03
1.461000000000000000e+03 1.185701449709775716e+03
1.462000000000000000e+03 1.027287654212659390e+03
1.463000000000000000e+03 1.175256208645493643e+03
1.464000000000000000e+03 1.649481895613074585e+03
1.465000000000000000e+03 2.051132963881017076e+03
1.466000000000000000e+03 2.082328653356825271e+03
1.467000000000000000e+03 1.855453936108960306e+03
1.468000000000000000e+03 2.636735108399485853e+03
1.469000000000000000e+03 2.006304436279715674e+03
1.470000000000000000e+03 2.247018847885785817e+03
1.471000000000000000e+03 2.005317629593317633e+03
1.472000000000000000e+03 2.569031685100086179e+03
1.473000000000000000e+03 3.200853593380238181e+03
1.474000000000000000e+03 3.433178440948504431e+03
1.475000000000000000e+03 4.204769330252612235e+03
1.476000000000000000e+03 3.243574810812855958e+03
1.477000000000000000e+03 4.494673413207835438e+03
1.478000000000000000e+03 3.236859134953880130e+03
1.479000000000000000e+03 4.713474750844889968e+03
1.480000000000000000e+03 5.989484171276277266e+03
1.481000000000000000e+03 4.124900282187430093e+03
1.482000000000000000e+03 6.786970874354916305e+03
1.483000000000000000e+03 7.622018319377550142e+03
1.484000000000000000e+03 7.089752184053702877e+03
1.485000000000000000e+03 9.682069036609815157e+03
1.486000000000000000e+03 1.534615615597361102e+04
1.487000000000000000e+03 1.446006213634207779e+04
1.488000000000000000e+03 1.685138071327182843e+04
1.489000000000000000e+03 2.444306731272882462e+04
1.490000000000000000e+03 3.131390857997546846e+04
1.491000000000000000e+03 3.535358271832585888e+04
1.492000000000000000e+03 4.610673351685833040e+04
1.493000000000000000e+03 5.690621152344995062e+04
1.494000000000000000e+03 6.980343455677997554e+04
1.495000000000000000e+03 1.131599887309335027e+05
1.496000000000000000e+03 1.468374004177568422e+05
1.497000000000000000e+03 1.627870386824509769e+05
1.498000000000000000e+03 2.504263680591767770e+05
