# size duration
1.200000000000089884e-04 3.539545370485956688e-02
2.400000000000179767e-04 5.276382685014383706e-02
1.199999999999812328e-04 2.734528356234872115e-02
2.399999999999902212e-04 6.626641764542018365e-02
1.200000000000089884e-04 1.941253947803837920e-02
2.400000000000179767e-04 4.426994647388619863e-02
1.200000000000089884e-04 3.907324450530346577e-02
9.599999999999886402e-04 2.616005579394654057e-01
5.999999999999894307e-04 2.115752046870977843e-01
1.452000000000000512e-02 1.413414315262546062e+01
1.800000000000023803e-03 9.402696264508186852e-01
6.000000000000171863e-04 2.946625492391747869e-01
4.799999999999804423e-04 2.639451429060286625e-01
5.999999999999894307e-04 2.323270056352104151e-01
3.599999999999992095e-04 9.526856913934027282e-02
2.399999999999902212e-04 6.492725221637715705e-02
3.599999999999992095e-04 1.952434367029428075e-01
3.599999999999992095e-04 2.381819838336265149e-01
6.000000000000171863e-04 3.133265862201242702e-01
2.399999999999902212e-04 6.986997716773833689e-02
2.400000000000179767e-04 6.645284207340551585e-02
2.400000000000179767e-04 7.407814290927346168e-02
2.400000000000179767e-04 7.206190876522364230e-02
2.399999999999902212e-04 7.951720879294540967e-02
2.399999999999902212e-04 5.121382341629740487e-02
4.800000000000081979e-04 1.223811194687600690e-01
1.200000000000089884e-04 1.840749892890358383e-02
2.400000000000179767e-04 8.233355229053521129e-02
3.599999999999992095e-04 1.389387204288346223e-01
3.599999999999992095e-04 1.023709613507567673e-01
7.199999999999984190e-04 2.247105208057697812e-01
2.399999999999902212e-04 7.708082387023588999e-02
3.599999999999992095e-04 1.847447758901485659e-01
2.399999999999902212e-04 6.946689053912773193e-02
2.399999999999902212e-04 1.300698819349268287e-01
1.200000000000089884e-04 4.608891383517616652e-02
2.399999999999902212e-04 1.080260899995751922e-01
2.399999999999902212e-04 4.886253548705715710e-02
3.599999999999714539e-04 1.865646531622100202e-01
2.400000000000179767e-04 7.889666932841975233e-02
4.799999999999804423e-04 1.625821839395975021e-01
3.600000000000269651e-04 1.327374617044060623e-01
3.599999999999714539e-04 8.310900935556977953e-02
1.200000000000089884e-04 1.929097077813202166e-02
1.200000000000089884e-04 2.725513702782657310e-02
1.199999999999534772e-04 3.098632195548524718e-02
2.400000000000179767e-04 6.174657644814284668e-02
2.400000000000179767e-04 1.491978263653092607e-01
1.200000000000089884e-04 2.262738646418083893e-02
1.199999999999534772e-04 2.113464877627130659e-02
2.399999999999624656e-04 4.148325141955711004e-02
2.400000000000179767e-04 4.728180478010768351e-02
3.599999999999714539e-04 9.592390297156269674e-02
2.400000000000179767e-04 7.293764173104159976e-02
1.199999999999534772e-04 1.839993103000189464e-02
2.400000000000179767e-04 5.600072974340900012e-02
2.400000000000179767e-04 4.265369176899766468e-02
2.399999999999624656e-04 6.606495984231797181e-02
1.200000000000089884e-04 1.928704998142477881e-02
2.399999999999624656e-04 7.351810692769958355e-02
1.200000000000089884e-04 4.401319688427286075e-02
1.200000000000089884e-04 2.009140678694680548e-02
1.199999999999534772e-04 2.127451164779287085e-02
1.200000000000089884e-04 2.739706413537498081e-02
1.200000000000089884e-04 1.935329940094335580e-02
1.200000000000089884e-04 1.925697726325989109e-02
2.400000000000179767e-04 4.958194837042138176e-02
2.400000000000179767e-04 6.123927279286981579e-02
3.599999999999714539e-04 1.003592187834672633e-01
3.599999999999714539e-04 1.306401149275244200e-01
1.200000000000089884e-04 2.595745411472807906e-02
1.200000000000089884e-04 2.560490438727577173e-02
3.599999999999714539e-04 1.842878452499840947e-01
1.200000000000089884e-04 1.798934488498435055e-02
2.399999999999624656e-04 7.891507295505320596e-02
3.599999999999714539e-04 1.443592740197002511e-01
1.200000000000089884e-04 2.024265346092876672e-02
1.200000000000089884e-04 2.202127241497936830e-02
2.400000000000179767e-04 6.878099608394541709e-02
4.799999999999804423e-04 1.135715950483675851e-01
3.600000000000269651e-04 6.661606762726707265e-02
1.200000000000089884e-04 2.234490020142933589e-02
1.200000000000089884e-04 2.178705836952361460e-02
1.200000000000089884e-04 2.379844626335401656e-02
2.399999999999624656e-04 4.237815607340805757e-02
2.400000000000179767e-04 7.338184715765655453e-02
2.399999999999624656e-04 4.222419658186746250e-02
2.400000000000179767e-04 7.529265889152081392e-02
3.599999999999714539e-04 9.117351465300742308e-02
2.399999999999624656e-04 5.963133273440344995e-02
2.400000000000179767e-04 4.303543861469735776e-02
2.400000000000179767e-04 4.492653763886368667e-02
1.200000000000089884e-04 1.928194230568215650e-02
3.600000000000269651e-04 9.229372310050931727e-02
1.199999999999534772e-04 2.190249747744407033e-02
2.399999999999624656e-04 7.251499466744140698e-02
3.599999999999714539e-04 1.475107362946781464e-01
3.599999999999714539e-04 7.701625170650132357e-02
2.400000000000179767e-04 6.963683918141423679e-02
4.799999999999804423e-04 8.772175342031249268e-02
1.200000000000089884e-04 3.194672253852177957e-02
3.600000000000269651e-04 9.248610188914718755e-02
1.200000000000089884e-04 2.086784683124798603e-02
2.399999999999624656e-04 7.649159645139551322e-02
2.400000000000179767e-04 6.150533488287192319e-02
8.400000000000074074e-04 1.980057312529643065e-01
2.400000000000179767e-04 6.693396325009182135e-02
5.999999999999894307e-04 1.748412102532296286e-01
3.599999999999714539e-04 6.887435936419841753e-02
2.399999999999624656e-04 5.028380691180795586e-02
2.400000000000179767e-04 1.087067243200605937e-01
2.400000000000179767e-04 7.317264326994010748e-02
1.200000000000089884e-04 3.539068299964379105e-02
1.200000000000089884e-04 3.160117927204966759e-02
3.600000000000269651e-04 1.196574700253224821e-01
3.599999999999714539e-04 9.596217423666178470e-02
1.200000000000089884e-04 1.924510493559586713e-02
1.199999999999534772e-04 2.854201823872673516e-02
1.200000000000089884e-04 2.078261248515783643e-02
2.399999999999624656e-04 9.044910356671156948e-02
2.399999999999624656e-04 6.715381514383067518e-02
2.399999999999624656e-04 8.530571228806849149e-02
1.200000000000089884e-04 2.159182242961616566e-02
1.200000000000089884e-04 2.345243635282241723e-02
4.800000000000359535e-04 1.233233394390802345e-01
4.799999999999804423e-04 2.475502420935136727e-01
1.200000000000089884e-04 2.439610388664289337e-02
2.400000000000179767e-04 7.825646780148021175e-02
3.599999999999714539e-04 1.140921918637473886e-01
2.399999999999624656e-04 6.547356102340802508e-02
2.399999999999624656e-04 6.348456990261577837e-02
1.199999999999534772e-04 1.772771831374451990e-02
1.200000000000089884e-04 1.800378983580118442e-02
2.400000000000179767e-04 6.127272684987219997e-02
2.400000000000179767e-04 6.216034740444767448e-02
2.400000000000179767e-04 1.021436045136179804e-01
4.800000000000359535e-04 1.706997630281896217e-01
1.200000000000089884e-04 1.912758852305921839e-02
2.399999999999624656e-04 6.273978321465388530e-02
1.200000000000089884e-04 2.840535320350923848e-02
2.399999999999624656e-04 6.891032726079053539e-02
2.399999999999624656e-04 1.006680112496608770e-01
2.399999999999624656e-04 4.820122065754077478e-02
1.200000000000089884e-04 3.907623079311599301e-02
1.200000000000089884e-04 3.361348295628024951e-02
1.200000000000089884e-04 1.793188432507351188e-02
4.799999999999804423e-04 1.102881654842711445e-01
2.400000000000179767e-04 8.156815175414040830e-02
4.799999999999804423e-04 1.635697594962131074e-01
2.400000000000179767e-04 5.868671466687667981e-02
2.400000000000179767e-04 1.017242659856826270e-01
4.800000000000359535e-04 1.740939149000972352e-01
1.200000000000089884e-04 2.207109813724475109e-02
1.200000000000089884e-04 1.890821866300549867e-02
4.799999999999804423e-04 2.159600519859257162e-01
1.200000000000089884e-04 2.131237027104332382e-02
2.400000000000179767e-04 4.436153057162502134e-02
1.199999999999534772e-04 2.120108552674057276e-02
1.200000000000089884e-04 2.494779135806381859e-02
2.400000000000179767e-04 6.582850520998179134e-02
1.200000000000089884e-04 2.126380140020249152e-02
1.200000000000089884e-04 4.380798813348964205e-02
1.200000000000089884e-04 2.432091665795007782e-02
2.400000000000179767e-04 7.812237037036716403e-02
1.199999999999534772e-04 2.499641405720196691e-02
2.400000000000179767e-04 6.845347594183334716e-02
2.400000000000179767e-04 5.224212434680941541e-02
2.399999999999624656e-04 4.224299947266368926e-02
2.399999999999624656e-04 8.768915384882031150e-02
1.199999999999534772e-04 2.117341877328036623e-02
1.199999999999534772e-04 1.798039111987863661e-02
1.200000000000089884e-04 2.859744996023709518e-02
1.200000000000089884e-04 1.780849219608807155e-02
1.200000000000089884e-04 2.228160014936809291e-02
2.400000000000179767e-04 5.641188574209926587e-02
1.200000000000089884e-04 2.678683139001481958e-02
3.600000000000269651e-04 1.008396208956553741e-01
4.799999999999804423e-04 9.888587118279823507e-02
2.400000000000179767e-04 7.186110753304950083e-02
2.400000000000179767e-04 8.085655852481470063e-02
1.200000000000089884e-04 2.087902443102877467e-02
2.400000000000179767e-04 5.892787661305968344e-02
1.200000000000089884e-04 2.031186976853357334e-02
1.200000000000089884e-04 1.855412565389481447e-02
1.200000000000089884e-04 2.286889120912219756e-02
3.599999999999714539e-04 1.043098079920192905e-01
1.200000000000089884e-04 3.662418474125324341e-02
1.200000000000089884e-04 2.311010997053059707e-02
2.400000000000179767e-04 4.446217314685256550e-02
1.200000000000089884e-04 3.569450552506421570e-02
2.399999999999624656e-04 6.681172030545279306e-02
1.199999999999534772e-04 2.603679421111514125e-02
1.199999999999534772e-04 3.737462446641270225e-02
1.199999999999534772e-04 4.513935507422265486e-02
1.200000000000089884e-04 4.297707815054543912e-02
3.599999999999714539e-04 1.182905132435249085e-01
1.200000000000089884e-04 2.553152991124081617e-02
2.400000000000179767e-04 5.584601109117877382e-02
1.200000000000089884e-04 3.504457469387838725e-02
2.400000000000179767e-04 7.693147162249494575e-02
1.200000000000089884e-04 3.126199966614063436e-02
2.400000000000179767e-04 6.483282318090734242e-02
2.400000000000179767e-04 7.525947524044761250e-02
1.200000000000089884e-04 2.718728286124300064e-02
1.200000000000089884e-04 3.914033484353685727e-02
2.400000000000179767e-04 5.439438755134294590e-02
3.599999999999714539e-04 9.835371569312002793e-02
1.200000000000089884e-04 2.360579375447634937e-02
2.399999999999624656e-04 5.284325488040298585e-02
3.599999999999714539e-04 8.297837592370771453e-02
2.399999999999624656e-04 4.678478693119670490e-02
1.199999999999534772e-04 2.214288630779148725e-02
4.799999999999804423e-04 1.015348023865820792e-01
3.600000000000269651e-04 7.077063673258240928e-02
1.200000000000089884e-04 4.201559211563851703e-02
2.400000000000179767e-04 9.854288030696693734e-02
2.400000000000179767e-04 5.855972819592224210e-02
2.399999999999624656e-04 7.200829623713601857e-02
2.400000000000179767e-04 4.328353859855797736e-02
2.400000000000179767e-04 4.598441925187401330e-02
3.599999999999714539e-04 1.057492288704752342e-01
1.199999999999534772e-04 2.708847396320850087e-02
2.400000000000179767e-04 7.618042655040338507e-02
1.200000000000089884e-04 2.954664722842691160e-02
1.200000000000089884e-04 3.022339459134492159e-02
2.399999999999624656e-04 6.242335141038323626e-02
1.200000000000089884e-04 1.925318760326087328e-02
2.400000000000179767e-04 7.033957416152367137e-02
2.400000000000179767e-04 7.500459128925730801e-02
2.400000000000179767e-04 6.400234484330430407e-02
1.200000000000089884e-04 1.842775395981013919e-02
2.399999999999624656e-04 6.771025410864317529e-02
3.600000000000269651e-04 1.265483920102990212e-01
2.399999999999624656e-04 5.329178976710169380e-02
3.600000000000269651e-04 1.505785883371784650e-01
2.400000000000179767e-04 7.549891837165281783e-02
1.200000000000089884e-04 1.826775405779079361e-02
2.399999999999624656e-04 7.117798215270637607e-02
1.199999999999534772e-04 4.365332215195226462e-02
1.200000000000089884e-04 3.560993636999967848e-02
1.199999999999534772e-04 3.824021631053504955e-02
1.200000000000089884e-04 2.452949649184689440e-02
3.599999999999714539e-04 1.702712498567277577e-01
1.200000000000089884e-04 2.205791044832823566e-02
2.400000000000179767e-04 7.948848541295329417e-02
2.400000000000179767e-04 8.576257318531048390e-02
2.400000000000179767e-04 7.729396455665610288e-02
4.799999999999804423e-04 1.607057341514716298e-01
1.199999999999534772e-04 3.081767086495498451e-02
2.400000000000179767e-04 9.179983718092353528e-02
2.400000000000179767e-04 4.661941777873333109e-02
3.599999999999714539e-04 1.245212456069909185e-01
2.399999999999624656e-04 4.569012792186286781e-02
1.200000000000089884e-04 1.826513639173621764e-02
1.200000000000089884e-04 2.719668721362540967e-02
2.399999999999624656e-04 5.437064358523271967e-02
4.799999999999804423e-04 2.382253454076684873e-01
3.599999999999714539e-04 1.502644103750129800e-01
2.400000000000179767e-04 5.482365914521276917e-02
2.400000000000179767e-04 7.598672283660126703e-02
5.999999999999894307e-04 1.679841341294226742e-01
3.599999999999714539e-04 1.063517140088312551e-01
1.200000000000089884e-04 3.820009722231532817e-02
1.200000000000089884e-04 2.243555561306152107e-02
3.600000000000269651e-04 1.074384596036289108e-01
1.200000000000089884e-04 2.077674940786290725e-02
2.399999999999624656e-04 5.854972081035128562e-02
1.200000000000089884e-04 1.805924495585907452e-02
1.200000000000089884e-04 2.144555852394318743e-02
3.600000000000269651e-04 1.499284468436481443e-01
1.200000000000089884e-04 2.452563002762306321e-02
1.200000000000089884e-04 2.170748831026447778e-02
3.600000000000269651e-04 1.219563822769376277e-01
3.599999999999714539e-04 9.947934193378152323e-02
2.400000000000179767e-04 9.725600447645571522e-02
2.400000000000179767e-04 6.798199556851380887e-02
4.799999999999804423e-04 1.332582068668543007e-01
3.599999999999714539e-04 1.235022863169294993e-01
1.200000000000089884e-04 2.454206960076795591e-02
1.200000000000089884e-04 2.496600898006070060e-02
3.600000000000269651e-04 1.760380564944260540e-01
3.600000000000269651e-04 8.939987038315318213e-02
1.200000000000089884e-04 2.771556124178230912e-02
2.399999999999624656e-04 7.090021612328960277e-02
2.399999999999624656e-04 1.058033462111073464e-01
2.399999999999624656e-04 5.326294035708811769e-02
2.399999999999624656e-04 7.506223703823101945e-02
2.400000000000179767e-04 4.235998631192833958e-02
1.200000000000089884e-04 1.772039465325624466e-02
1.200000000000089884e-04 3.702978673127960835e-02
2.400000000000179767e-04 1.003903253857272859e-01
3.599999999999714539e-04 7.838022905755154257e-02
4.800000000000359535e-04 2.044988909996932613e-01
2.400000000000179767e-04 4.999507041971457122e-02
1.200000000000089884e-04 3.481646163911353981e-02
4.799999999999804423e-04 1.708799671443137214e-01
2.399999999999624656e-04 4.430236790269585084e-02
1.200000000000089884e-04 3.805385928061028045e-02
3.599999999999714539e-04 1.076684277464343004e-01
1.200000000000089884e-04 2.002615009576290406e-02
3.599999999999159428e-04 9.656472414189909426e-02
2.399999999999069544e-04 5.770906612148303527e-02
2.400000000000179767e-04 5.171273307892065851e-02
2.399999999999069544e-04 6.387600063451395749e-02
1.200000000000089884e-04 1.826117561402532813e-02
2.400000000000179767e-04 4.584391951275153948e-02
2.400000000000179767e-04 7.165494402602312629e-02
2.400000000000179767e-04 6.734939979619151973e-02
4.800000000000359535e-04 1.732571764483473165e-01
3.600000000000269651e-04 9.357219743072320295e-02
1.200000000000089884e-04 2.952373841615745995e-02
2.400000000000179767e-04 6.453770139122748384e-02
2.399999999999069544e-04 1.275309847924534223e-01
3.600000000000269651e-04 1.314059373121846397e-01
2.400000000000179767e-04 6.260087152525437015e-02
3.600000000000269651e-04 1.039648028600737573e-01
1.200000000000089884e-04 2.546524676305825588e-02
3.599999999999159428e-04 1.626939434456276257e-01
1.200000000000089884e-04 2.672147069689188512e-02
3.600000000000269651e-04 8.016609505158633908e-02
3.599999999999159428e-04 2.037663290655762904e-01
3.600000000000269651e-04 1.279693947199318504e-01
3.599999999999159428e-04 8.921504558315590527e-02
2.400000000000179767e-04 7.579572293115562076e-02
2.400000000000179767e-04 8.085382229648088726e-02
1.199999999998979661e-04 1.863812794714017965e-02
1.200000000000089884e-04 2.281228018790814466e-02
2.400000000000179767e-04 8.263418166221971062e-02
1.200000000000089884e-04 2.587067928657973623e-02
1.200000000000089884e-04 2.907494898644391937e-02
3.600000000000269651e-04 9.646799899919680787e-02
2.399999999999069544e-04 7.049673646034479435e-02
1.200000000000089884e-04 2.503103322871551642e-02
4.800000000000359535e-04 1.508326818123510438e-01
2.400000000000179767e-04 4.487788827572354589e-02
2.400000000000179767e-04 7.280836001716313455e-02
7.199999999999429079e-04 2.312346864902578292e-01
1.200000000000089884e-04 3.802855735167316037e-02
3.599999999999159428e-04 1.173259944166014090e-01
3.600000000000269651e-04 1.137789582311741210e-01
1.200000000000089884e-04 1.794486016679762430e-02
2.399999999999069544e-04 5.451872408014345195e-02
1.200000000000089884e-04 2.392630682731255662e-02
2.400000000000179767e-04 6.373008461510540346e-02
2.400000000000179767e-04 8.252860327256675288e-02
2.400000000000179767e-04 7.681538170873820903e-02
2.399999999999069544e-04 9.194707619239721186e-02
1.200000000000089884e-04 1.928396665561899620e-02
1.200000000000089884e-04 2.018506406067526945e-02
1.200000000000089884e-04 1.869667053361621575e-02
1.199999999998979661e-04 3.065926301321318312e-02
1.200000000000089884e-04 2.370038377548498026e-02
2.400000000000179767e-04 5.787296398098198957e-02
1.200000000000089884e-04 2.517094061582508813e-02
2.400000000000179767e-04 7.732246704551548611e-02
1.200000000000089884e-04 2.767503142466466726e-02
1.199999999998979661e-04 3.024699834754636038e-02
1.200000000000089884e-04 3.410847537385831851e-02
5.999999999999339195e-04 1.762544253627339463e-01
1.200000000000089884e-04 3.292975613317262323e-02
1.200000000000089884e-04 2.476107631741582618e-02
2.400000000000179767e-04 7.115064629543262076e-02
1.200000000000089884e-04 2.919633179838915238e-02
1.200000000000089884e-04 2.112373495745965488e-02
3.600000000000269651e-04 1.077056750095869153e-01
4.800000000000359535e-04 1.860371937857666913e-01
1.200000000000089884e-04 2.465186821241931170e-02
2.400000000000179767e-04 5.752042870215047510e-02
2.400000000000179767e-04 5.191022387575674329e-02
4.800000000000359535e-04 1.152237458300468809e-01
2.400000000000179767e-04 9.657280583365655813e-02
2.400000000000179767e-04 4.238583742679516431e-02
1.200000000000089884e-04 2.024374458712706326e-02
1.200000000000089884e-04 1.891724109347265453e-02
3.599999999999159428e-04 8.543621578346330403e-02
1.200000000000089884e-04 2.765619594140476464e-02
1.200000000000089884e-04 1.871416198890054131e-02
1.200000000000089884e-04 3.299137303582639485e-02
5.999999999999339195e-04 1.209533825949090091e-01
2.400000000000179767e-04 4.974537154436120545e-02
2.400000000000179767e-04 4.455648516958185534e-02
2.400000000000179767e-04 1.070317079934368781e-01
3.600000000000269651e-04 9.335780275875062151e-02
2.400000000000179767e-04 4.952326321855732988e-02
6.000000000000449418e-04 1.679280940247873111e-01
3.599999999999159428e-04 1.394008046284540558e-01
1.200000000000089884e-04 2.454103186587492172e-02
1.200000000000089884e-04 2.877333886681034472e-02
1.200000000000089884e-04 2.233831265758220996e-02
4.800000000000359535e-04 1.471591161776336643e-01
2.400000000000179767e-04 7.248940406824655458e-02
2.399999999999069544e-04 8.228783245870509300e-02
3.599999999999159428e-04 1.132466644827741370e-01
2.400000000000179767e-04 5.733913203849187734e-02
5.999999999999339195e-04 1.432166064850991238e-01
2.399999999999069544e-04 4.184757463262243904e-02
1.200000000000089884e-04 2.361392960358253343e-02
2.400000000000179767e-04 5.517143051407058518e-02
2.400000000000179767e-04 8.707417319730591243e-02
3.600000000000269651e-04 9.407200914144871196e-02
1.199999999998979661e-04 1.839868361912602029e-02
1.200000000000089884e-04 2.506464022316255355e-02
2.400000000000179767e-04 8.344452387911993618e-02
7.199999999999429079e-04 2.095117957223937288e-01
2.400000000000179767e-04 7.445681544426789589e-02
2.399999999999069544e-04 7.204121562265922152e-02
2.400000000000179767e-04 4.997505677280390107e-02
1.199999999998979661e-04 2.622718426109622858e-02
2.400000000000179767e-04 6.108347983112172308e-02
1.200000000000089884e-04 1.965533768776223794e-02
2.400000000000179767e-04 4.991848019700129147e-02
1.200000000000089884e-04 2.588502578658070929e-02
2.400000000000179767e-04 5.351674918326426028e-02
2.400000000000179767e-04 6.176242711938187413e-02
4.800000000000359535e-04 1.801606524989167180e-01
2.400000000000179767e-04 6.734707821501617619e-02
2.400000000000179767e-04 4.425133784607689774e-02
1.199999999998979661e-04 2.224052788296976974e-02
1.200000000000089884e-04 2.267495306136823804e-02
3.600000000000269651e-04 1.740748883474622088e-01
3.600000000000269651e-04 8.129331042717019562e-02
2.399999999999069544e-04 1.120575591158084749e-01
3.599999999999159428e-04 9.075704444792388748e-02
2.400000000000179767e-04 5.816637087482754570e-02
2.400000000000179767e-04 5.743592729978213435e-02
3.599999999999159428e-04 1.050185071136328918e-01
1.200000000000089884e-04 2.052758561759234976e-02
2.400000000000179767e-04 7.991699180095822308e-02
1.200000000000089884e-04 2.483947706112838577e-02
2.400000000000179767e-04 5.406089769728653766e-02
1.200000000000089884e-04 2.312973886330057724e-02
1.200000000000089884e-04 1.847320210488578862e-02
1.200000000000089884e-04 2.416300914925907650e-02
2.400000000000179767e-04 7.546356513190721760e-02
2.400000000000179767e-04 8.475978358040310578e-02
3.600000000000269651e-04 1.655073138628600504e-01
2.400000000000179767e-04 7.141899293861508902e-02
2.400000000000179767e-04 3.765933841096330559e-02
5.999999999999339195e-04 1.301568018993765341e-01
1.200000000000089884e-04 2.046980359695495938e-02
2.399999999999069544e-04 6.112540471086583271e-02
3.600000000000269651e-04 9.887423722920618552e-02
3.600000000000269651e-04 1.066930808480200388e-01
2.400000000000179767e-04 5.847020649221668781e-02
2.400000000000179767e-04 7.085461647559269938e-02
1.200000000000089884e-04 3.327386794141495852e-02
3.600000000000269651e-04 9.531465118564433348e-02
2.400000000000179767e-04 5.886577420670238009e-02
3.600000000000269651e-04 7.670086193686896647e-02
1.200000000000089884e-04 2.005031063831575963e-02
2.400000000000179767e-04 7.866414258166282147e-02
2.400000000000179767e-04 8.725933837117946790e-02
1.200000000000089884e-04 2.167622947686950741e-02
1.200000000000089884e-04 2.399842517673101208e-02
2.400000000000179767e-04 6.676127972734355320e-02
2.399999999999069544e-04 5.640820536180272265e-02
1.200000000000089884e-04 4.469667673635587674e-02
2.400000000000179767e-04 7.901581947905342296e-02
2.400000000000179767e-04 5.177896786415799035e-02
1.200000000000089884e-04 2.359322721130303890e-02
2.399999999999069544e-04 4.155207789077872138e-02
2.400000000000179767e-04 6.458616537546262026e-02
2.400000000000179767e-04 6.819818706353458770e-02
3.600000000000269651e-04 1.416271661787967540e-01
3.600000000000269651e-04 1.191430247694884453e-01
3.600000000000269651e-04 7.673888203362241867e-02
4.799999999999249312e-04 1.069875077429671417e-01
2.400000000000179767e-04 1.032581391447365132e-01
1.200000000000089884e-04 2.187510809131988990e-02
2.400000000000179767e-04 1.068163015993009307e-01
1.200000000000089884e-04 2.350871390068628650e-02
1.200000000000089884e-04 1.826414232720088501e-02
3.600000000000269651e-04 9.142078828215249864e-02
1.200000000000089884e-04 2.257512890611435008e-02
4.799999999999249312e-04 1.494616914432883303e-01
2.400000000000179767e-04 6.553358506778120263e-02
3.600000000000269651e-04 1.024581143620295481e-01
1.200000000000089884e-04 3.318866151896161104e-02
4.800000000000359535e-04 9.674613415139317329e-02
1.200000000000089884e-04 3.993741123759195905e-02
1.200000000000089884e-04 2.248553616613041539e-02
1.200000000000089884e-04 2.074360932003760372e-02
2.400000000000179767e-04 6.391884883717487142e-02
2.400000000000179767e-04 5.709234498118360979e-02
1.200000000000089884e-04 2.808486795280542778e-02
1.200000000000089884e-04 2.967686322212048644e-02
2.400000000000179767e-04 5.704624233957923674e-02
4.799999999999249312e-04 1.575966766791231655e-01
2.400000000000179767e-04 7.699358409882663123e-02
1.200000000000089884e-04 4.609677831273434334e-02
1.199999999998979661e-04 3.642205059637580039e-02
2.400000000000179767e-04 1.068042239529757298e-01
1.200000000000089884e-04 2.655384088879184437e-02
3.600000000000269651e-04 1.489507615099085469e-01
2.400000000000179767e-04 9.386835998117011581e-02
1.200000000000089884e-04 1.922595015579105573e-02
1.200000000000089884e-04 2.095431552999445918e-02
2.400000000000179767e-04 5.041564978371271960e-02
2.400000000000179767e-04 4.532090813634703785e-02
2.400000000000179767e-04 4.352138716833017090e-02
4.800000000000359535e-04 1.661178252204931483e-01
1.200000000000089884e-04 4.027845880964490283e-02
3.600000000000269651e-04 1.481585011473775526e-01
3.600000000000269651e-04 2.081048201439870127e-01
2.400000000000179767e-04 3.971932463690877602e-02
2.400000000000179767e-04 8.002068020559267858e-02
1.200000000000089884e-04 3.301181874311558129e-02
4.800000000000359535e-04 1.282983295171322424e-01
2.400000000000179767e-04 5.626081728255171582e-02
1.200000000000089884e-04 3.717391998228938843e-02
2.400000000000179767e-04 1.084102208399380929e-01
3.600000000000269651e-04 1.674168850383662144e-01
2.400000000000179767e-04 4.283022622335717206e-02
1.200000000000089884e-04 2.965480501345857389e-02
2.399999999999069544e-04 8.736341418929471914e-02
3.600000000000269651e-04 9.086558397760946537e-02
2.400000000000179767e-04 4.860647054496977648e-02
1.200000000000089884e-04 2.182373354269558779e-02
2.399999999999069544e-04 4.733043293506281751e-02
2.400000000000179767e-04 6.642688059088296126e-02
2.400000000000179767e-04 4.657222645911780756e-02
2.400000000000179767e-04 7.163692586832358378e-02
1.200000000000089884e-04 2.571842140686789180e-02
3.600000000000269651e-04 1.606196293557440591e-01
2.400000000000179767e-04 4.825330131295134384e-02
3.600000000000269651e-04 9.675520854292915529e-02
2.400000000000179767e-04 8.501680332910863114e-02
2.399999999999069544e-04 4.850898781381031422e-02
4.800000000000359535e-04 1.539291716095213258e-01
2.400000000000179767e-04 8.248532573610142804e-02
2.399999999999069544e-04 5.235926007239607299e-02
4.800000000000359535e-04 9.280113208231659250e-02
2.400000000000179767e-04 3.894416028812208719e-02
2.400000000000179767e-04 8.349386919321971634e-02
2.400000000000179767e-04 4.019131604879871977e-02
4.799999999999249312e-04 1.107922053804741153e-01
1.200000000000089884e-04 3.393070825721391376e-02
3.600000000000269651e-04 1.357311336115583078e-01
1.200000000000089884e-04 2.303607054688485561e-02
1.200000000000089884e-04 2.743005730460603211e-02
2.400000000000179767e-04 6.863994380273555351e-02
3.600000000000269651e-04 8.061416459467939111e-02
2.400000000000179767e-04 6.700764715851408038e-02
2.400000000000179767e-04 6.179659682388691233e-02
3.600000000000269651e-04 1.323186561113600668e-01
3.600000000000269651e-04 1.504081681141145876e-01
1.199999999998979661e-04 4.620065853900538755e-02
2.400000000000179767e-04 5.805531879238535337e-02
4.800000000000359535e-04 1.271811106453228368e-01
2.400000000000179767e-04 8.677465477030543717e-02
3.600000000000269651e-04 6.571447078440262324e-02
2.399999999999069544e-04 9.192090075489783851e-02
1.200000000000089884e-04 2.789726953071416243e-02
2.400000000000179767e-04 7.587020713104473957e-02
2.400000000000179767e-04 9.380446044655244009e-02
2.400000000000179767e-04 5.806102757339989817e-02
2.400000000000179767e-04 7.831406444862373806e-02
2.400000000000179767e-04 8.595053199075688988e-02
3.599999999999159428e-04 7.744690010003163483e-02
1.200000000000089884e-04 3.597267551637130939e-02
2.399999999999069544e-04 4.236542112922561665e-02
1.200000000000089884e-04 2.690609855133528627e-02
1.200000000000089884e-04 3.865902689403765552e-02
2.400000000000179767e-04 5.914166751203933647e-02
1.200000000000089884e-04 3.172790260775645160e-02
1.200000000000089884e-04 1.873046550312700009e-02
2.399999999999069544e-04 5.502356605445038462e-02
2.400000000000179767e-04 7.471727858796009536e-02
1.200000000000089884e-04 4.650035323425573408e-02
1.200000000000089884e-04 4.010681479382745274e-02
2.400000000000179767e-04 5.749714487880083769e-02
2.400000000000179767e-04 5.854171872091568779e-02
2.400000000000179767e-04 5.567855280867976819e-02
2.400000000000179767e-04 6.235716191531713581e-02
1.200000000000089884e-04 2.351999893794346971e-02
2.399999999999069544e-04 7.616299957725042313e-02
1.200000000000089884e-04 2.124541600180104850e-02
4.800000000000359535e-04 1.147932657361577791e-01
1.200000000000089884e-04 4.164346808787790927e-02
4.800000000000359535e-04 1.342728266828993322e-01
3.600000000000269651e-04 7.427327649291680378e-02
3.599999999999159428e-04 1.678738877390919537e-01
2.400000000000179767e-04 3.822366865731974261e-02
1.200000000000089884e-04 2.680352592237421686e-02
2.400000000000179767e-04 6.305391799153969856e-02
1.200000000000089884e-04 1.870607333805275607e-02
1.200000000000089884e-04 3.226563095351442367e-02
2.400000000000179767e-04 5.315370444703212266e-02
4.800000000000359535e-04 1.153954145960305183e-01
2.400000000000179767e-04 7.454015834723851097e-02
3.600000000000269651e-04 7.382287573152382376e-02
3.600000000000269651e-04 1.364980827462216606e-01
3.600000000000269651e-04 1.792535093865296747e-01
4.800000000000359535e-04 1.315495174337565076e-01
2.400000000000179767e-04 6.558210430118047163e-02
1.200000000000089884e-04 2.167527179240585911e-02
2.400000000000179767e-04 7.087014855728418494e-02
6.000000000000449418e-04 1.697234295337071430e-01
4.800000000000359535e-04 1.346503594540661153e-01
2.400000000000179767e-04 5.290020033713230263e-02
2.400000000000179767e-04 5.522512703771491338e-02
1.200000000000089884e-04 1.915086877102815943e-02
3.600000000000269651e-04 1.133059953219959087e-01
2.399999999999069544e-04 7.148362139532182802e-02
1.200000000000089884e-04 1.827425740857076264e-02
4.800000000000359535e-04 1.256968014803772904e-01
3.600000000000269651e-04 1.212987110626420201e-01
1.200000000000089884e-04 5.534126090408732213e-02
1.200000000000089884e-04 1.903812858286834525e-02
2.400000000000179767e-04 8.357236255383046486e-02
4.800000000000359535e-04 1.482700980837850235e-01
