# size duration
3.494999999999999218e+00 2.495351691612512468e+00
3.599999999999994316e-01 1.018203023842412513e-01
5.700000000000002842e-01 1.170461207677354343e-01
4.499999999999992895e-01 1.403920182265843697e-01
4.500000000000170530e-02 7.031242462265351045e-03
8.999999999999985789e-02 1.470143118839384658e-02
3.150000000000012790e-01 7.178986770979288445e-02
1.200000000000009948e-01 1.962222163584811940e-02
2.850000000000001421e-01 7.024342246269010825e-02
2.549999999999990052e-01 6.140202140838880301e-02
7.499999999999928946e-02 1.202001181945023742e-02
2.400000000000019895e-01 4.299409778932758441e-02
1.559999999999998721e+00 7.911487983097975629e-01
3.449999999999988631e-01 8.754953796767467322e-02
5.249999999999985789e-01 2.251207122098731472e-01
4.650000000000034106e-01 1.779938563194086165e-01
1.649999999999991473e-01 3.070814890511040091e-02
2.249999999999943157e-01 5.116196504460118061e-02
5.700000000000002842e-01 1.570118706524921137e-01
9.450000000000002842e-01 2.678773090695573678e-01
2.999999999999971578e-01 5.325307700470728600e-02
6.899999999999977263e-01 2.157641166548935063e-01
3.599999999999994316e-01 1.112956057681901145e-01
3.149999999999977263e-01 8.239351668360245240e-02
4.949999999999974420e-01 1.074097997662200182e-01
4.949999999999974420e-01 1.805807358281016350e-01
4.200000000000017053e-01 1.491416347338660464e-01
3.599999999999994316e-01 1.156958113285457973e-01
4.500000000000170530e-02 7.035051093302780931e-03
5.250000000000056843e-01 1.626682375862433527e-01
2.849999999999965894e-01 7.368356914387676204e-02
6.000000000000014211e-01 1.851881910822560373e-01
8.699999999999974420e-01 2.336668627286724864e-01
4.350000000000022737e-01 7.905356465957182055e-02
1.500000000000056843e-01 2.800637814816290747e-02
3.149999999999977263e-01 8.976466046604557325e-02
5.250000000000056843e-01 1.962695872531156627e-01
6.300000000000096634e-01 2.007385260114603609e-01
1.799999999999926104e-01 4.033565562083579054e-02
3.900000000000005684e-01 1.084170037252819851e-01
2.700000000000102318e-01 6.483900947249492119e-02
5.999999999998806288e-02 9.607790788895717582e-03
5.550000000000068212e-01 1.965832181801330514e-01
4.350000000000022737e-01 1.188901123666156745e-01
3.000000000000113687e-02 4.681480813071665567e-03
3.149999999999977263e-01 6.743829348269783641e-02
3.299999999999982947e-01 5.765920043457036653e-02
1.799999999999926104e-01 3.555272534036851839e-02
2.550000000000096634e-01 6.203929113276687030e-02
2.249999999999943157e-01 3.817458216099579860e-02
4.650000000000034106e-01 1.847583995489210096e-01
2.999999999999971578e-01 9.346474581429213557e-02
4.950000000000045475e-01 1.219856463065450980e-01
2.250000000000085265e-01 6.166831380855263001e-02
1.800000000000068212e-01 3.303331931423227064e-02
3.150000000000119371e-01 7.897186500660595410e-02
4.200000000000017053e-01 8.639855236846372133e-02
2.999999999999971578e-01 7.457713960053310998e-02
4.800000000000039790e-01 2.411079620503647492e-01
1.349999999999909051e-01 2.234648321229577850e-02
7.500000000000284217e-02 1.205883618756974085e-02
2.250000000000085265e-01 4.849021375647941806e-02
3.599999999999994316e-01 9.377780125482743090e-02
5.849999999999937472e-01 2.778963113134820806e-01
5.250000000000056843e-01 1.650924170664490043e-01
1.200000000000045475e-01 1.961216926192132712e-02
1.200000000000045475e-01 2.066483792427518951e-02
4.050000000000011369e-01 1.003968305312691184e-01
3.900000000000005684e-01 1.409143895045572581e-01
1.500000000000056843e-01 2.608139896289905085e-02
1.500000000000056843e-02 2.326020722314030027e-03
3.149999999999977263e-01 8.046076351038100594e-02
5.100000000000051159e-01 1.847012885705406893e-01
3.299999999999982947e-01 7.298059149132862800e-02
2.249999999999943157e-01 4.506690128765557940e-02
3.750000000000000000e-01 8.324012350218422396e-02
