# size duration
8.000000000000229150e-04 3.283203600829881497e-01
6.560000000000001941e-02 6.477905499197976980e+00
2.000000000000001776e-03 6.260195160720252727e-02
4.000000000000114575e-04 1.042089717575247869e-02
5.599999999999993872e-03 2.398314319807904604e-01
2.000000000000001776e-03 5.864477161515024850e-02
1.599999999999990319e-03 4.853673973878497305e-02
1.200000000000034373e-03 3.215330615675285331e-02
3.200000000000036149e-03 1.438594796862472103e-01
3.199999999999980638e-03 1.240688222704151022e-01
3.599999999999992095e-03 1.551655755004572868e-01
4.000000000000114575e-04 1.025898434261282403e-02
6.000000000000005329e-03 3.375169427700873692e-01
1.599999999999990319e-03 6.487912316593147377e-02
6.000000000000005329e-03 2.328999945305559038e-01
2.799999999999969180e-03 1.269328862465038399e-01
3.199999999999980638e-03 1.120333764323333259e-01
2.400000000000013234e-03 8.010327879013656727e-02
2.000000000000001776e-03 7.332453924089119002e-02
2.000000000000001776e-03 7.941185158398801625e-02
3.200000000000036149e-03 1.320829804243106864e-01
2.400000000000013234e-03 6.729211185476548229e-02
8.000000000000229150e-04 2.064780654250775865e-02
1.199999999999978861e-03 3.732718677891908726e-02
2.799999999999913669e-03 1.132547683419647955e-01
1.599999999999934808e-03 6.993802091760495387e-02
2.400000000000068745e-03 6.460285532813928033e-02
2.000000000000001776e-03 8.690042126828792513e-02
8.000000000000229150e-04 2.217752465013328456e-02
2.399999999999957723e-03 8.047901479815570969e-02
2.399999999999957723e-03 7.904548428238826474e-02
2.000000000000001776e-03 6.184167747245180452e-02
3.600000000000047606e-03 1.553389358431483402e-01
2.399999999999957723e-03 9.199682302018082070e-02
3.599999999999936584e-03 1.059576609726587126e-01
2.399999999999957723e-03 7.347156062768434026e-02
2.800000000000024691e-03 1.093916247103847994e-01
7.999999999999118927e-04 2.098937370155059406e-02
8.000000000000229150e-04 2.277517642068880438e-02
3.999999999999559464e-04 1.005326618370816667e-02
2.399999999999957723e-03 7.944256624840624614e-02
2.800000000000024691e-03 1.143094719002877013e-01
1.599999999999934808e-03 5.340033277926659744e-02
8.000000000000229150e-04 2.085958276168406456e-02
2.800000000000024691e-03 8.463699459795856472e-02
4.000000000000003553e-03 1.668546824783757043e-01
2.400000000000068745e-03 1.092297269145905553e-01
2.800000000000024691e-03 1.129355823566497441e-01
8.000000000000229150e-04 2.027484179334045067e-02
3.199999999999980638e-03 1.596293356920810980e-01
8.000000000000229150e-04 2.064000167374924893e-02
8.000000000000229150e-04 2.030953057110511731e-02
7.999999999999118927e-04 2.023513891987854460e-02
2.000000000000001776e-03 6.855047218259849306e-02
2.000000000000001776e-03 6.929523290205730213e-02
2.399999999999957723e-03 9.333857817369298204e-02
2.000000000000001776e-03 8.285586820947495046e-02
3.999999999999559464e-04 1.251710749298298210e-02
3.599999999999936584e-03 2.624088561793177510e-01
8.000000000000229150e-04 1.775536108477206165e-01
