# drho_hcp drho_bcc avalancheSize
-2.505458924764592135e-06 -3.142672596163341843e-07 2.790666258447080939e+00
-3.709252777841154658e-07 -4.652597689998184514e-08 1.607620176997229255e-02
0.000000000000000000e+00 0.000000000000000000e+00 6.380451158358731167e-03
7.616288102921871684e-05 -2.624239548637348523e-05 4.935799601669170478e-02
8.585293528768701051e-06 1.783289036972842724e-06 1.213251580624210256e-02
6.179147306154945951e-02 1.564090983810639476e-02 1.713768581070418406e+01
3.961169815133794292e-03 -1.501454432880217071e-04 1.833954839200584719e-01
1.275401259070441107e-03 -1.104105569041001142e-03 1.860302412684612938e-01
2.150550444936644157e-03 7.969337816087322668e-04 3.836238754970815179e-02
-3.487252957088821104e-04 -9.362071245319313062e-04 7.707803501137912294e-02
2.506933401470956557e-03 -2.670987508522626452e-04 1.522455440894044942e-01
0.000000000000000000e+00 0.000000000000000000e+00 6.108515419546477546e-03
-1.047007795861643054e-03 1.981196172859992985e-03 7.413030272458154268e-02
2.526590171305798105e-03 -1.058883279661739993e-03 7.511001241116978255e-02
1.185201950688066774e-03 -2.492210725829639359e-03 1.863144972953912903e-01
4.149451498140360739e-04 1.375522193028649170e-04 4.071388149085294200e-02
1.467054913059748222e-03 -1.022745051449348505e-03 7.404232736856340702e-02
2.463027969278969165e-03 6.900310079917346823e-04 9.297398289553107653e-02
1.313708808959729302e-03 -1.943178559770820241e-04 3.756693652210049694e-02
-4.094260581360559259e-04 2.256350560818994391e-03 7.087356725169788318e-02
-1.134752477918984925e-03 -4.720581770541586869e-04 1.125695341390607757e-01
9.258282726715139077e-06 4.684827537822372490e-04 4.817092346996681984e-02
3.950802435765260467e-04 4.072997772272719808e-04 2.549528714831433493e-02
-8.303302640647880484e-04 2.577433774817484979e-04 5.828302884755198060e-02
-3.535483594789556872e-05 6.126581460139113311e-05 2.006841132550735152e-02
-3.026081717922846082e-04 5.449688375332856216e-05 7.092158417137847670e-02
7.745416089921103309e-04 1.301458955116414906e-03 7.226041678669123391e-02
-5.299745889612017535e-04 -1.622339516674248944e-04 1.190188017481986528e-02
-3.446136927265919248e-04 1.284182967339616427e-03 1.297403380095818182e-01
-1.333414780019179235e-03 1.197580814766070756e-03 4.914362482182337705e-02
6.532973115029594435e-05 -4.072349239306501112e-05 1.245989508386721907e-02
9.092428712779987432e-05 -1.496986230625260705e-03 4.243150775154818505e-02
-1.143276487695438215e-03 -8.848617332364062948e-04 6.179048679131211863e-02
2.408256172615849677e-03 1.014380963831475191e-03 6.515396678768259342e-02
-5.326827110746085170e-04 9.955957785816958033e-04 8.158182764803284526e-02
8.490269004419875865e-04 -8.331304168969939916e-04 5.194054358984018932e-02
7.554261573027021281e-05 -6.560517692148423730e-05 4.992033333161972203e-02
-1.036403341180963666e-03 -2.193999040644545317e-03 6.067379876338526573e-02
-2.789328140917757271e-04 3.365651500768335538e-03 1.167642542990479232e-01
2.096497468681290943e-04 -1.176901333231283875e-03 5.990829459691610070e-02
1.421430909342047411e-03 -6.252725826101437900e-04 5.048097120430901363e-02
1.467624649101953449e-03 5.893713847138336986e-04 3.694151321508635372e-02
-1.830823070208542624e-04 -3.419431293537715522e-04 8.148168230509732213e-02
-1.003591453696855984e-03 -6.042485745197494207e-04 3.731794379095337150e-02
2.288171056558652161e-04 2.834530588065719420e-04 4.726639746134650433e-02
1.158149209327483109e-03 3.797759051181216761e-04 9.944559038360421821e-02
-6.952936205090187727e-06 6.390334744345530643e-04 1.231199854022475837e-01
1.222174188462293865e-03 1.239983251661027144e-03 1.178875148354996127e-01
1.224840458433060220e-03 -8.496984527082279692e-05 2.750192226004181256e-02
-8.450196665049369837e-04 8.264792530068183762e-04 1.414647167151800444e-01
-3.249813601145373765e-04 -9.575067451268390317e-05 2.199422649016273892e-02
1.143488142425208576e-03 2.311777021960725875e-03 7.198078760701814849e-02
-5.734094593878857893e-04 -1.247641720380601379e-03 4.798180173016531463e-02
-6.574892804841886429e-04 -7.534403910125168219e-04 1.891141505335327752e-02
-8.639478853483262277e-04 -7.337100725765717535e-05 1.217075952809307943e-02
-1.370174251716468894e-03 -1.033574106902926393e-05 9.888788677216996115e-02
-1.689856560885508174e-03 2.499338205789933959e-03 3.350862256300508185e-02
-7.602483163119955201e-04 2.586764456232929985e-03 5.621055626610010902e-02
-1.946903204180130964e-03 3.190084460368679958e-04 4.996675007974729632e-02
1.079031421323317641e-03 1.012213394797002036e-03 3.889215378170093190e-02
7.391758525870373298e-04 -1.698866095846083071e-03 5.365442052681665408e-02
-2.269614918367815481e-03 -2.080756357627965014e-03 6.827885421641474717e-02
2.337951603944274370e-03 -3.052170238556809606e-03 1.214391953111428890e-01
-2.595495696580130129e-04 5.903514318153051110e-04 2.163585108675748769e-02
1.633857695339094307e-03 -3.880165325797439030e-04 8.209612662197698918e-02
-3.767098527804463304e-04 3.053590562393968325e-03 5.297631991940170842e-02
-2.343923454867502532e-04 -1.678133935619358086e-03 4.866143230355843979e-02
-9.234721905424514432e-04 -6.724851280311625046e-04 3.166013154315809597e-02
1.176101053288650111e-03 1.036954773865936263e-03 8.348801752684606448e-02
-3.068687892424315500e-03 -2.300967937976244534e-03 8.844037694141254624e-02
5.177756387850632191e-03 -3.760896653372813869e-04 1.063017410001667468e-01
9.594744284033146497e-04 -5.929688236428129477e-04 2.121918332630274781e-02
-3.685574798098362193e-03 -2.019743326378629911e-03 2.486961930598500237e-01
-1.061352059964840167e-03 -2.515549578113748450e-03 1.201384712234412483e-01
1.283238183568166657e-03 1.663100217587382829e-04 7.521869401247853471e-02
6.593471617452606459e-04 2.122750407555770019e-03 4.249618880768672030e-02
-1.232327312361225502e-03 4.522540857095774802e-05 3.722257707374550945e-02
3.935612192886989158e-04 -1.839918566646822629e-03 5.242973753680169047e-02
-3.461167533360468007e-03 6.519279072797097563e-04 6.228501531560767801e-02
-1.460639931479476572e-03 2.669169031034901093e-03 1.002241227006463453e-01
2.003816489548060353e-04 -1.910088371049606729e-03 7.524808160688885306e-02
-2.165755488961473851e-04 -5.053086570703576447e-04 4.319212282126117658e-02
-5.005012334917360861e-03 -2.103643711091675653e-03 1.248461128678913928e-01
-1.057178300003513982e-04 -1.927346902204319853e-03 6.497300965717214827e-02
3.163475120921271921e-04 3.693439326183933780e-04 2.193503293372083690e-02
1.936170287094085563e-03 -1.179683117429912095e-03 1.040108990271093325e-01
-8.690504068875060106e-04 1.452640004139960778e-04 2.624176133003247591e-02
-9.186423340249577629e-04 -1.111208116391372916e-03 2.691064920253554912e-02
-3.016921334327307691e-03 3.488207698477442664e-05 5.329015790380732531e-02
-3.250218048557601547e-04 1.475804595720895188e-03 2.591863567865195783e-01
-2.051361271638699191e-03 5.068054284141990107e-04 6.894100942066125337e-02
-1.481273998735765929e-04 1.330555858534435143e-03 5.163494707821773000e-01
1.485478196704609344e-03 -1.757041980023637748e-03 1.032991105490318057e-01
-1.842347296791294053e-03 -2.805286638925963069e-03 1.198805463345851280e-01
-2.256097806222545632e-03 -2.251696007653077036e-03 1.738188281583533112e-01
0.000000000000000000e+00 0.000000000000000000e+00 5.916921863282775459e-03
0.000000000000000000e+00 0.000000000000000000e+00 6.072151076838363387e-03
3.611278673157775065e-04 1.456979640378313484e-03 9.792315683939571691e-02
-4.918926460575345772e-04 -6.290270257124554870e-04 2.414436704695260144e-02
6.909100178518340352e-04 6.329987741718438865e-04 7.322326430922493357e-02
-3.227872748018389970e-05 -1.161812100831088185e-04 1.453263309389207225e-01
4.182821700351724292e-04 6.155273947147151675e-04 4.729504929356660725e-02
0.000000000000000000e+00 0.000000000000000000e+00 5.892881803292698839e-03
-5.687587485563860845e-04 -2.195331170103068802e-04 1.856191415454472998e-02
-1.905866520199098191e-03 1.582118927612664178e-03 4.450889565773794021e-02
6.530604619297969426e-04 -3.008554560956135798e-04 2.999747384607822503e-02
-1.749064585320647680e-03 -9.956079958880446890e-04 7.377345616981749454e-02
-5.762827118799968007e-04 -2.023570237200775224e-03 5.021026864127262762e-02
5.989804388617375741e-04 -2.535122279861204420e-04 4.006495640325544172e-02
2.195480722261750062e-03 1.824513390017344638e-03 7.642701031759152608e-02
-9.254698579535536318e-04 2.413465775931242924e-04 1.425167978169220862e-01
-7.862696246499212283e-04 3.135913904975494437e-04 2.973116256024379775e-02
0.000000000000000000e+00 0.000000000000000000e+00 6.216596400335867335e-03
-1.879833660875934731e-04 -2.436599818410704887e-04 9.229184329061616843e-02
-1.778538382001343399e-03 1.239037486769518914e-03 1.048409745952525729e-01
-6.802714878548221655e-05 5.538497708028680688e-05 1.208255527798307929e-02
-7.291810729059128304e-04 8.582511894280036441e-04 4.123881870233747637e-02
-4.024827533229274890e-04 1.216596964779569079e-03 1.754351553787576734e-01
8.950831006062226480e-04 -1.712934981850900221e-03 1.006762694340494896e-01
-1.699132247387769024e-04 6.929518539276740413e-04 2.696991352970360897e-02
1.872259590836311549e-05 -3.048071559258631880e-04 9.037721975516418982e-02
-1.008065432542004647e-03 2.774250662194981815e-04 3.272004601344755126e-02
-6.623772793966364869e-04 6.276709106222740781e-04 5.810903667405608458e-02
1.034782438728912290e-03 -7.177778415336944634e-04 4.494692526241374220e-02
6.520230170039276185e-04 -3.372523320730874685e-04 2.688472212957608923e-02
-3.122786323653800600e-03 -8.535170004331914945e-04 5.530181532629348945e-02
1.843095549842299619e-03 1.469242333736506256e-03 4.284237338469597256e-02
2.830095086363559886e-04 -6.508321365259073926e-04 2.516348942333860791e-02
-1.591626157774514438e-03 -4.508138990070263696e-05 1.263610754976341177e-01
1.338183959527797229e-03 8.425756504693189541e-04 8.603792340338281552e-02
4.254268529774174468e-05 3.875264594405108259e-04 3.476739970380787748e-02
-1.074828231812333112e-03 -1.558769176671959827e-03 9.754142069884273736e-02
1.309608670383488604e-03 1.270136067654943982e-03 3.614325288884466525e-02
2.831471344297287196e-05 7.347075867884106382e-05 1.311439573569472550e-01
-4.606325881482686846e-04 1.515647755526516524e-03 6.373867386455450701e-02
0.000000000000000000e+00 0.000000000000000000e+00 5.874510266289001588e-03
6.471776507386145516e-04 -5.463056931975639879e-04 3.241338609851004970e-02
8.950723495653040152e-04 -1.096279569288165570e-03 2.848072914999384697e-02
-7.939812995967493459e-04 3.132738464293443464e-04 6.800450813731645505e-02
-4.940180498883145477e-04 1.911645805268165528e-03 2.137440492996372787e-01
4.002047161199701053e-04 2.454378847484058740e-04 3.674296844671140483e-02
7.239193930181075931e-04 -2.320888546875010672e-03 1.940393630096935995e-01
1.113494805722037295e-04 1.902667049643383401e-04 3.369756567698154598e-02
1.415249225590331505e-04 -4.799246334484582460e-04 5.406828425923534270e-02
-1.492292662669855718e-03 1.659087727242809437e-03 5.092566959928684217e-02
1.331246692122020625e-03 -1.367309163995905977e-03 6.439898505431834730e-02
-6.593297180601531693e-05 8.796094753726543813e-05 1.187297840531640475e-02
-6.214140491658803889e-05 1.246241911506008188e-04 1.193904285559942158e-02
-1.142759551970878862e-03 2.241065595573327185e-03 9.769368026635773250e-02
-7.629232157017051819e-04 1.194636057383676592e-04 3.014422754375256294e-02
6.227308926939623124e-04 -1.646558609528069733e-04 5.855997618167575747e-02
-1.130744828788332601e-03 -3.710902110213958049e-04 6.719686780426761818e-02
3.604169766451975621e-04 2.058049568166315374e-04 2.363048133784194371e-02
-3.982897145983044229e-03 -7.452345736450090991e-04 1.148518144150489223e-01
1.407280107238867428e-04 -3.303545706050525083e-04 1.312969869060656714e-02
-6.280078816498502192e-04 -1.442337141074230555e-04 2.399614252376695497e-02
9.182502408722897913e-04 1.355554259742184492e-04 4.259986286079670004e-02
1.838296742960460195e-04 9.236205524654483856e-04 2.909166757615718954e-02
7.969252661008119354e-05 -2.101326548141491113e-05 1.977431941907055110e-02
-5.798928922892687687e-05 1.575959703018180169e-04 2.724210935009119955e-02
1.165158904810198459e-03 9.371315382584559373e-04 5.641244987390219012e-02
8.536645934454772933e-04 1.091197155070819380e-03 4.698934307908296526e-02
-2.147920506307826605e-04 -9.553017795246084715e-04 4.537906574478952487e-02
1.661874787834805023e-03 -2.527439090352981421e-04 4.009952587167465304e-02
-1.363007744775920904e-03 1.053711995491221284e-03 1.128156842293646517e-01
4.541964403682735574e-04 9.179630287934892330e-04 5.424058866549157087e-02
-4.307531781239798407e-04 -8.258412008239728042e-04 6.943529254167457587e-02
2.083822242729627128e-03 -1.631070722053644395e-03 1.258539326697262761e-01
9.982204319168713758e-04 1.606566921982625906e-04 1.515289606868607530e-01
-1.875564136792337577e-03 -2.861502430043239009e-04 2.754071933113593981e-02
2.358776938600384843e-03 -5.761671013254122953e-05 6.671363125606422084e-02
-1.058781852756082720e-03 7.011269338787970429e-04 2.063513584800102107e-01
2.862785246760951585e-04 -6.623984392791744738e-04 1.958620906774828641e-02
-1.613124445868072132e-03 5.022682695510864714e-04 6.782999219081195519e-02
1.508516860106862145e-04 2.232333004756909683e-04 6.434302192273012866e-02
8.062136713185563686e-06 -2.582959490470184555e-04 1.253882662717317742e-02
-7.472112466044844581e-05 -2.410947122167777720e-03 1.349531654193540653e-01
-5.862260310143210806e-03 2.795629558362856815e-04 1.241190032451398445e-01
-3.308675386521187090e-03 -5.675261460540842462e-05 1.442266477514264900e-01
5.208315394790163921e-04 -7.539025203974480949e-04 8.400903169827088346e-02
3.427294428455504582e-03 5.061403492931156739e-04 1.532977573083170730e-01
-2.502580072751697804e-03 -1.340810269428616142e-03 5.669297093507254942e-02
4.136711354389976947e-04 -9.547571894051344599e-04 4.704245937790332149e-02
-1.946019252664119015e-03 1.742105206741541290e-04 6.343152877183183547e-02
-2.200985721518819438e-03 -1.135891061107247718e-03 1.141345402790845676e-01
4.880631534537743788e-04 -9.521847053219761881e-05 3.251991532815345226e-02
1.649245560528381227e-03 -5.836522358368886887e-04 3.502947641619623409e-02
-6.924185841654245666e-04 6.674873684597171924e-04 5.433749480983496305e-02
3.406786505911751917e-04 -1.946369936278048024e-04 1.366842074905551783e-02
2.508147393970608374e-03 9.803135265124655884e-04 1.404480001926732835e-01
-2.448965866443386652e-04 -7.026195431519589862e-04 5.438566047195475539e-02
-2.287776612654723873e-04 5.884565487199212852e-04 3.814674724790857729e-02
-1.986319496923294459e-04 -3.603595753026711535e-05 1.340485950106125590e-01
1.135909996171802216e-03 1.734583711807312356e-03 8.637419892267578225e-02
1.377186647212494397e-03 -5.611561640591310185e-05 4.657171860485434522e-02
-4.922433022676725445e-04 -9.848446990894880321e-04 8.499755924854321409e-02
-2.872590791938578469e-05 1.269181773340349526e-03 3.832563511621202984e-02
0.000000000000000000e+00 0.000000000000000000e+00 6.080195948768397224e-03
5.539281037484355963e-04 1.012901874051215165e-03 4.590466795982443837e-02
-1.044559939425149242e-04 -4.664326371997384174e-04 2.319633745098468453e-02
3.581738325179606441e-04 6.114114784044766965e-04 3.098154960742684899e-02
-2.400378389066509799e-04 2.209600200893616778e-04 1.400476920468997702e-02
-1.222107934569796606e-03 -1.729058021570523476e-03 7.147064197325245227e-02
-6.338670177180316667e-04 -7.202291665169332363e-04 6.357379327457880758e-02
1.552467976449908860e-03 -8.958481357939935413e-04 1.065036222411836903e-01
1.140355463930223245e-03 2.799736873206806059e-04 9.476822737485850190e-02
6.341494068722031141e-04 7.022558717841315828e-04 3.554157439342168351e-02
-9.504021641716375868e-04 8.530510942634066118e-04 5.917578727248127418e-02
-1.621117120924123189e-03 1.701431190676207239e-03 4.823283189979149510e-02
-8.607954714127952212e-05 -9.235067287029202071e-04 2.707660011643572145e-02
5.624569591139161329e-04 4.040896876075280447e-04 2.696207502409843360e-02
9.084762999493622981e-05 8.098529882309395828e-04 6.846606697215655568e-02
-3.495591549513885066e-03 1.755905409236230286e-03 5.858335994817752412e-02
-5.795776615000192145e-04 1.830339131051235239e-03 5.173319552297975243e-02
-2.423520519257982286e-03 7.551499412428389763e-04 2.932818067469126003e-02
-1.470035587201434790e-03 -1.073041928361381098e-03 8.353644098673031204e-02
1.136002516727185885e-03 -7.158241796917895472e-05 4.246232107960223878e-02
-2.547955133686691243e-04 -8.131287301543256574e-05 4.621467411960203386e-02
-3.564529130599264350e-04 4.560363646373757907e-05 1.566564614260185923e-02
1.451060770800011168e-04 -1.449123901600592873e-04 1.270060402454271931e-01
