# size duration
1.250000000000000000e-01 3.848148603174229854e-02
1.250000000000000000e-01 2.843594333164922716e-02
1.250000000000000000e-01 3.571098744665057723e-02
1.250000000000000000e-01 3.588170860900063985e-02
2.250000000000000000e+00 1.007234304947376913e+01
6.250000000000000000e-01 3.767229620253340183e+00
7.500000000000000000e-01 1.354230426130670129e+00
5.000000000000000000e-01 2.662904401288548328e-01
2.500000000000000000e-01 8.712570113063478061e-02
3.750000000000000000e-01 1.571459039589444551e-01
3.750000000000000000e-01 1.170582048180150991e-01
2.500000000000000000e-01 6.478022892494506024e-02
2.500000000000000000e-01 7.537937572065001035e-02
1.250000000000000000e-01 2.960422859847477994e-02
1.250000000000000000e-01 4.472485533629999566e-02
1.250000000000000000e-01 2.663186539914974560e-02
1.250000000000000000e-01 2.648688470597981848e-02
1.250000000000000000e-01 2.861207678872990101e-02
1.250000000000000000e-01 4.696721457716535042e-02
1.250000000000000000e-01 3.323724129608507383e-02
1.250000000000000000e-01 3.176893914775469341e-02
6.250000000000000000e-01 2.515177952835108144e-01
1.250000000000000000e-01 3.812776742933454699e-02
2.500000000000000000e-01 1.286046841232639792e-01
5.000000000000000000e-01 1.676046803447555078e-01
3.750000000000000000e-01 1.254207182533901843e-01
7.500000000000000000e-01 2.694406745643505019e-01
1.250000000000000000e-01 5.112256225086486694e-02
2.500000000000000000e-01 1.548522352460555140e-01
2.500000000000000000e-01 6.743399455536014386e-02
7.500000000000000000e-01 4.363575145677049960e-01
2.500000000000000000e-01 9.557500331891999323e-02
3.750000000000000000e-01 2.776978358011903403e-01
2.500000000000000000e-01 9.557068036477955886e-02
8.750000000000000000e-01 7.645248223329046411e-01
5.000000000000000000e-01 3.042412613350093942e-01
2.500000000000000000e-01 7.373537113817496547e-02
1.250000000000000000e-01 2.971386635891493100e-02
6.250000000000000000e-01 3.660520728045200123e-01
6.250000000000000000e-01 4.050420098817402170e-01
3.750000000000000000e-01 1.381746266355197150e-01
2.500000000000000000e-01 7.287320189024981687e-02
1.250000000000000000e-01 2.833818708450497326e-02
1.250000000000000000e-01 3.864117762910490583e-02
1.250000000000000000e-01 2.961414729037503690e-02
2.500000000000000000e-01 1.206756673935598378e-01
1.250000000000000000e-01 4.116324576812990799e-02
1.250000000000000000e-01 3.852507615853006939e-02
2.500000000000000000e-01 1.380915154244601872e-01
1.250000000000000000e-01 2.701005778104503818e-02
1.250000000000000000e-01 3.966236234758513390e-02
1.250000000000000000e-01 2.754340114130027217e-02
3.750000000000000000e-01 1.791682226618402929e-01
3.750000000000000000e-01 2.082224198272699667e-01
2.500000000000000000e-01 1.240550493460998993e-01
1.250000000000000000e-01 3.115911094241008428e-02
3.750000000000000000e-01 1.150418171551148561e-01
6.250000000000000000e-01 3.999443575861953981e-01
2.250000000000000000e+00 1.213165741645890083e+00
3.750000000000000000e-01 2.399407593215250323e-01
2.500000000000000000e-01 6.225351075242535615e-02
1.250000000000000000e-01 5.185500574070012192e-02
2.500000000000000000e-01 2.287828845948247647e-01
3.750000000000000000e-01 1.742897566682697352e-01
1.375000000000000000e+00 1.195287933819930259e+00
1.250000000000000000e-01 3.932765549766981117e-02
6.250000000000000000e-01 3.531761508640549607e-01
7.500000000000000000e-01 4.895248460040597660e-01
1.250000000000000000e-01 3.536920452128988757e-02
1.250000000000000000e-01 4.038164031292001965e-02
2.500000000000000000e-01 6.840698798562994121e-02
2.500000000000000000e-01 9.869061099134013304e-02
3.750000000000000000e-01 1.544596974271899015e-01
3.750000000000000000e-01 1.964703405962400229e-01
1.250000000000000000e-01 4.994945515469995101e-02
3.750000000000000000e-01 1.172509411283599867e-01
1.250000000000000000e-01 3.195171481772995925e-02
1.250000000000000000e-01 4.872456177377992859e-02
2.500000000000000000e-01 1.105087128821400366e-01
3.750000000000000000e-01 1.704635305365649334e-01
2.500000000000000000e-01 1.055545399322848077e-01
1.250000000000000000e-01 5.512462711722987407e-02
1.250000000000000000e-01 2.880477484093990626e-02
2.500000000000000000e-01 7.810996550496995816e-02
2.500000000000000000e-01 7.016588604196494217e-02
1.250000000000000000e-01 4.120150036866010446e-02
1.250000000000000000e-01 5.018317971667007882e-02
2.500000000000000000e-01 8.170002179005475540e-02
1.250000000000000000e-01 2.839294682488979760e-02
1.250000000000000000e-01 3.412026564719994326e-02
1.250000000000000000e-01 3.447005026586502652e-02
3.750000000000000000e-01 1.638760641747349922e-01
2.500000000000000000e-01 1.222258697258700177e-01
1.250000000000000000e-01 5.832732453974509568e-02
2.500000000000000000e-01 1.160016325575898843e-01
1.250000000000000000e-01 3.709896016697999954e-02
3.750000000000000000e-01 1.754533810415401796e-01
1.250000000000000000e-01 3.749606933161508948e-02
1.250000000000000000e-01 3.424012705954959657e-02
3.750000000000000000e-01 1.220878225265198402e-01
5.000000000000000000e-01 2.484434986058845496e-01
1.250000000000000000e-01 3.198716779978028057e-02
5.000000000000000000e-01 1.762746242874100311e-01
1.250000000000000000e-01 8.861636381023485498e-02
1.250000000000000000e-01 2.989104564267464070e-02
1.250000000000000000e-01 8.946557546770472769e-02
3.750000000000000000e-01 1.190714296100447989e-01
2.500000000000000000e-01 1.439515735546548214e-01
2.500000000000000000e-01 1.078210061028399558e-01
1.250000000000000000e-01 6.592595866881989508e-02
6.250000000000000000e-01 2.930379249746102310e-01
3.750000000000000000e-01 1.890067011740645953e-01
1.500000000000000000e+00 1.136781338095314897e+00
1.250000000000000000e-01 7.444348156629998492e-02
1.250000000000000000e-01 3.979537120855480836e-02
1.250000000000000000e-01 3.437365916207002492e-02
1.250000000000000000e-01 4.472145319083997705e-02
1.250000000000000000e-01 5.826499304970012005e-02
1.250000000000000000e-01 2.716703676196985384e-02
1.250000000000000000e-01 3.250971569769500746e-02
2.500000000000000000e-01 1.190463219468749223e-01
1.250000000000000000e-01 3.087933094610040285e-02
1.250000000000000000e-01 2.869791280255462596e-02
2.500000000000000000e-01 1.320495996873849442e-01
1.250000000000000000e-01 3.124734637170512030e-02
1.250000000000000000e-01 3.707389793016035995e-02
1.250000000000000000e-01 3.465480211046489956e-02
2.500000000000000000e-01 5.689151742528997246e-02
5.000000000000000000e-01 1.964852519459099334e-01
2.500000000000000000e-01 1.243311688697095185e-01
3.750000000000000000e-01 1.583648980823952890e-01
2.500000000000000000e-01 1.105855548574750102e-01
5.000000000000000000e-01 2.176998384107249329e-01
1.250000000000000000e-01 3.884986207321006191e-02
5.000000000000000000e-01 1.887428471868051183e-01
3.750000000000000000e-01 1.224857178421601134e-01
3.750000000000000000e-01 9.952380857089027089e-02
2.500000000000000000e-01 9.731385236617517975e-02
1.250000000000000000e-01 6.439410800713529781e-02
2.500000000000000000e-01 6.738683494071517899e-02
2.500000000000000000e-01 8.892597726765005817e-02
1.250000000000000000e-01 2.935264800629999726e-02
1.250000000000000000e-01 8.646486190644520065e-02
2.500000000000000000e-01 1.046229928960151767e-01
2.500000000000000000e-01 6.431932623685998607e-02
2.500000000000000000e-01 8.504609485607961261e-02
1.250000000000000000e-01 3.878243412854498473e-02
8.750000000000000000e-01 5.029765381386299694e-01
6.250000000000000000e-01 2.219719481310447051e-01
1.125000000000000000e+00 4.773037548481551262e-01
3.750000000000000000e-01 1.701454506199553407e-01
1.250000000000000000e-01 5.117557608391498647e-02
6.250000000000000000e-01 3.488797791632300971e-01
3.750000000000000000e-01 1.513131194347998587e-01
1.250000000000000000e-01 3.090940589626978152e-02
1.250000000000000000e-01 4.476954393662024856e-02
1.250000000000000000e-01 5.245484973783476335e-02
2.500000000000000000e-01 8.758455537898512944e-02
1.250000000000000000e-01 6.795552910134006197e-02
3.750000000000000000e-01 1.460486119993551490e-01
1.250000000000000000e-01 4.177889994870964685e-02
1.250000000000000000e-01 7.473102609213988501e-02
1.250000000000000000e-01 6.172527689824525154e-02
2.500000000000000000e-01 1.103579541879549097e-01
2.500000000000000000e-01 1.699162612800946270e-01
6.250000000000000000e-01 2.647940481774400112e-01
2.500000000000000000e-01 1.484350726183898406e-01
7.500000000000000000e-01 5.613372604722297599e-01
5.000000000000000000e-01 2.248838036651701344e-01
1.250000000000000000e-01 3.202576872918982964e-02
1.250000000000000000e-01 3.177779502699484837e-02
1.250000000000000000e-01 7.825746441088488048e-02
2.500000000000000000e-01 6.479147884786007339e-02
2.500000000000000000e-01 7.151127178712490817e-02
1.250000000000000000e-01 5.266542856824996122e-02
3.750000000000000000e-01 2.118676394702099230e-01
1.250000000000000000e-01 3.233178688220506025e-02
2.500000000000000000e-01 1.352462189992451602e-01
5.000000000000000000e-01 2.725978506342248142e-01
2.500000000000000000e-01 1.241580677872151650e-01
3.750000000000000000e-01 1.340392154393001967e-01
2.500000000000000000e-01 1.376794425094001184e-01
2.500000000000000000e-01 8.052542710618038058e-02
1.250000000000000000e-01 5.195662368155984367e-02
2.500000000000000000e-01 1.054385047898154237e-01
2.500000000000000000e-01 8.496779598892501006e-02
3.750000000000000000e-01 1.319726098285449734e-01
3.750000000000000000e-01 2.024945782271700967e-01
6.250000000000000000e-01 2.677494794303298953e-01
3.750000000000000000e-01 1.930909933834348280e-01
5.000000000000000000e-01 2.424483897842049096e-01
5.000000000000000000e-01 2.849585658563651425e-01
5.000000000000000000e-01 2.020223710349999813e-01
3.750000000000000000e-01 1.250463975702600372e-01
5.000000000000000000e-01 1.782596433913850031e-01
1.250000000000000000e-01 5.026931313557492231e-02
1.250000000000000000e-01 3.528524443328495686e-02
1.250000000000000000e-01 2.733161243868997836e-02
1.250000000000000000e-01 2.714591606385008404e-02
1.250000000000000000e-01 6.561557344799995306e-02
2.500000000000000000e-01 1.056838799871897550e-01
3.750000000000000000e-01 1.468861389252249516e-01
1.250000000000000000e-01 2.939454533564500593e-02
1.250000000000000000e-01 4.188157234608969048e-02
3.750000000000000000e-01 1.171046108739446368e-01
3.750000000000000000e-01 1.224467280813903436e-01
2.500000000000000000e-01 8.483846311550458097e-02
2.500000000000000000e-01 9.416428829241496601e-02
1.250000000000000000e-01 6.853453301943979170e-02
1.250000000000000000e-01 2.989767889831496106e-02
2.500000000000000000e-01 1.247005446676503482e-01
1.250000000000000000e-01 2.699271612879039495e-02
1.250000000000000000e-01 8.510476293159996430e-02
1.250000000000000000e-01 3.050748472958009216e-02
1.250000000000000000e-01 4.009175711587475988e-02
2.500000000000000000e-01 9.662797969026515332e-02
2.500000000000000000e-01 7.539983144318007646e-02
1.250000000000000000e-01 3.493268466690491181e-02
2.500000000000000000e-01 6.518193072241995623e-02
5.000000000000000000e-01 1.764659575750497922e-01
1.250000000000000000e-01 4.219106118434012842e-02
1.250000000000000000e-01 5.041625019104989391e-02
2.500000000000000000e-01 9.251936814173022938e-02
1.250000000000000000e-01 4.053647613757016543e-02
1.250000000000000000e-01 3.739859804811995758e-02
1.250000000000000000e-01 4.226511935108501206e-02
1.250000000000000000e-01 2.841989703611513818e-02
1.250000000000000000e-01 3.211525111711477365e-02
1.250000000000000000e-01 5.978242086953011736e-02
1.250000000000000000e-01 3.342053012845491722e-02
1.250000000000000000e-01 6.265879823586484321e-02
1.250000000000000000e-01 4.344062190169006854e-02
2.500000000000000000e-01 1.112865760777146384e-01
2.500000000000000000e-01 8.436733347491554014e-02
2.500000000000000000e-01 9.136900470285480580e-02
1.250000000000000000e-01 3.560394852895010231e-02
7.500000000000000000e-01 6.957815090952550463e-01
6.250000000000000000e-01 4.016570439418303273e-01
1.750000000000000000e+00 1.237574324486324873e+00
1.250000000000000000e-01 5.692906564780475520e-02
1.250000000000000000e-01 4.079531206901032547e-02
2.500000000000000000e-01 1.166176298016097235e-01
2.500000000000000000e-01 9.304329640695963022e-02
2.500000000000000000e-01 1.707911152715748671e-01
2.500000000000000000e-01 1.091364018088403220e-01
1.250000000000000000e-01 4.516570573833522673e-02
1.250000000000000000e-01 2.889811917818008169e-02
5.000000000000000000e-01 2.426593128017797696e-01
2.500000000000000000e-01 8.835328849144996610e-02
2.500000000000000000e-01 1.065078434080199976e-01
1.250000000000000000e-01 3.588116145354502962e-02
1.250000000000000000e-01 4.260516153332538636e-02
5.000000000000000000e-01 2.698328898010999843e-01
3.750000000000000000e-01 9.784478752245551192e-02
1.250000000000000000e-01 5.978981239244962609e-02
3.750000000000000000e-01 1.403665552029500496e-01
2.500000000000000000e-01 1.339303009765999697e-01
2.500000000000000000e-01 1.018930960014299281e-01
2.500000000000000000e-01 1.487403356619800832e-01
1.250000000000000000e-01 3.114432025803992587e-02
1.250000000000000000e-01 4.697776452392510294e-02
1.250000000000000000e-01 2.851983996468021587e-02
1.250000000000000000e-01 6.488666997956471505e-02
1.250000000000000000e-01 2.849905800650542886e-02
1.250000000000000000e-01 2.876380026216462937e-02
1.250000000000000000e-01 3.239594367407505615e-02
1.250000000000000000e-01 2.884777580698960620e-02
2.500000000000000000e-01 1.685480273180197663e-01
1.250000000000000000e-01 3.115926321280015898e-02
1.250000000000000000e-01 5.055753195692025415e-02
1.250000000000000000e-01 3.667344553038498489e-02
5.000000000000000000e-01 2.161577752372347838e-01
2.500000000000000000e-01 1.261270657576205600e-01
1.250000000000000000e-01 2.666240517137508093e-02
2.500000000000000000e-01 9.806757686174494282e-02
1.250000000000000000e-01 4.052908460635018528e-02
5.000000000000000000e-01 1.779673411055697763e-01
2.500000000000000000e-01 1.010691689005298599e-01
3.750000000000000000e-01 2.208811221519249024e-01
5.000000000000000000e-01 3.067444014304845368e-01
6.250000000000000000e-01 1.640886060551647319e-01
1.250000000000000000e-01 4.784604191531505180e-02
1.250000000000000000e-01 3.867594153464981588e-02
1.625000000000000000e+00 1.361454086590495383e+00
2.500000000000000000e-01 8.192686816963501428e-02
1.500000000000000000e+00 1.080703441273385135e+00
1.250000000000000000e-01 3.469216303469480067e-02
1.250000000000000000e-01 3.867716907623997002e-02
1.250000000000000000e-01 2.998475232885500219e-02
5.000000000000000000e-01 2.080586907420500786e-01
2.500000000000000000e-01 1.028271492194399173e-01
1.250000000000000000e-01 2.715211612533030561e-02
6.250000000000000000e-01 3.021841041976247588e-01
6.250000000000000000e-01 2.754737956981849756e-01
1.250000000000000000e-01 3.521285312395994183e-02
1.250000000000000000e-01 3.738656168600007490e-02
2.500000000000000000e-01 7.906022640141463498e-02
1.250000000000000000e-01 5.766123882082974106e-02
3.750000000000000000e-01 1.257980072097599766e-01
1.250000000000000000e-01 3.624167473235528902e-02
1.250000000000000000e-01 3.393239913910983674e-02
2.500000000000000000e-01 1.277294341503001363e-01
2.500000000000000000e-01 9.365545575660494393e-02
2.500000000000000000e-01 6.522904314179012175e-02
1.250000000000000000e-01 4.018579585957482436e-02
2.500000000000000000e-01 6.586606121939464487e-02
1.250000000000000000e-01 7.204164202096974279e-02
3.750000000000000000e-01 1.117917921373803303e-01
2.500000000000000000e-01 1.160624575880397913e-01
1.250000000000000000e-01 2.813554057281519860e-02
5.000000000000000000e-01 3.895946952830300347e-01
2.125000000000000000e+00 1.234298116370164955e+00
1.250000000000000000e-01 4.688709061268481193e-02
5.000000000000000000e-01 3.691653895686148878e-01
2.625000000000000000e+00 1.972374662121755051e+00
8.750000000000000000e-01 4.847365988975149698e-01
1.250000000000000000e-01 5.342782777454990750e-02
2.500000000000000000e-01 6.140944862810493454e-02
1.250000000000000000e-01 4.471705158965999516e-02
1.250000000000000000e-01 7.223220468102997671e-02
1.250000000000000000e-01 4.799572204583979484e-02
1.250000000000000000e-01 2.669794791981994209e-02
2.500000000000000000e-01 1.225364137244646656e-01
1.250000000000000000e-01 3.590926299207009009e-02
2.500000000000000000e-01 8.910677047889459246e-02
1.250000000000000000e-01 3.093839478626492223e-02
1.250000000000000000e-01 3.099790983663996968e-02
8.750000000000000000e-01 6.384666511010048673e-01
1.250000000000000000e-01 3.261136922648999459e-02
1.250000000000000000e-01 3.116822020660015014e-02
2.500000000000000000e-01 9.204406102583950755e-02
2.500000000000000000e-01 1.320871073537750462e-01
2.500000000000000000e-01 9.525102300850996073e-02
3.750000000000000000e-01 1.402835065368348566e-01
1.250000000000000000e-01 2.757282155067475315e-02
3.750000000000000000e-01 1.917160956943897432e-01
3.750000000000000000e-01 1.516470117855051036e-01
1.250000000000000000e-01 2.780648192642498628e-02
2.500000000000000000e-01 1.114231107645848873e-01
1.250000000000000000e-01 4.483418035621999920e-02
1.250000000000000000e-01 5.919638707270014066e-02
1.250000000000000000e-01 3.077518422731007064e-02
2.500000000000000000e-01 9.193822127856998705e-02
3.750000000000000000e-01 1.206154054794148500e-01
1.250000000000000000e-01 4.117139996555518877e-02
1.250000000000000000e-01 2.799607377229973437e-02
1.250000000000000000e-01 3.512829291718500002e-02
3.750000000000000000e-01 1.487142849625096019e-01
1.250000000000000000e-01 5.001068929731999901e-02
2.500000000000000000e-01 6.800315816770075017e-02
1.250000000000000000e-01 3.993500353273971015e-02
3.750000000000000000e-01 1.077387758029249021e-01
1.250000000000000000e-01 3.445945008923478881e-02
1.250000000000000000e-01 2.983334488309985488e-02
1.250000000000000000e-01 3.200766562109524926e-02
1.250000000000000000e-01 2.906949235514977303e-02
1.250000000000000000e-01 3.043404073904509843e-02
2.500000000000000000e-01 8.133790534498031022e-02
2.500000000000000000e-01 6.842835353376530705e-02
1.250000000000000000e-01 4.941418077472503612e-02
1.250000000000000000e-01 3.602540866388492802e-02
2.500000000000000000e-01 7.890187097979506348e-02
1.000000000000000000e+00 5.082490809614848004e-01
8.750000000000000000e-01 5.047624419262648487e-01
7.500000000000000000e-01 3.256340339699699271e-01
7.500000000000000000e-01 3.536453892371600460e-01
1.000000000000000000e+00 6.789894168785248763e-01
5.000000000000000000e-01 2.411633587957549008e-01
1.250000000000000000e-01 4.764675447725497115e-02
2.500000000000000000e-01 1.165278262790101493e-01
2.500000000000000000e-01 1.177123522220400176e-01
2.500000000000000000e-01 1.098027824890199788e-01
1.250000000000000000e-01 4.262340687450016929e-02
3.750000000000000000e-01 1.295184971494651727e-01
2.500000000000000000e-01 6.030565811260490960e-02
2.500000000000000000e-01 6.856026683340488148e-02
1.250000000000000000e-01 3.251707563063499506e-02
2.500000000000000000e-01 1.180117630287449426e-01
1.250000000000000000e-01 3.374709106494488964e-02
1.250000000000000000e-01 3.128225609629997628e-02
3.750000000000000000e-01 1.300249544862699391e-01
2.500000000000000000e-01 1.489087636312598217e-01
1.250000000000000000e-01 2.763331121102496901e-02
2.500000000000000000e-01 7.384245761888985626e-02
1.250000000000000000e-01 6.190009887626990448e-02
2.500000000000000000e-01 1.080228804137948195e-01
1.250000000000000000e-01 3.817244864130486803e-02
1.250000000000000000e-01 3.182202656828492238e-02
1.250000000000000000e-01 3.995182551703990725e-02
1.250000000000000000e-01 4.437451713468476555e-02
1.250000000000000000e-01 5.092843156892001844e-02
2.500000000000000000e-01 6.782050289794971931e-02
2.500000000000000000e-01 6.842097958817472403e-02
2.500000000000000000e-01 9.964980086720487407e-02
2.500000000000000000e-01 1.546134995007051316e-01
1.250000000000000000e-01 2.964218930653528261e-02
5.000000000000000000e-01 2.372790113190346162e-01
1.250000000000000000e-01 3.053044676912008981e-02
2.500000000000000000e-01 1.021691080998201606e-01
1.250000000000000000e-01 3.548116545654478315e-02
1.250000000000000000e-01 3.266380788895517640e-02
1.250000000000000000e-01 7.993718031264007706e-02
2.500000000000000000e-01 7.534105826912496084e-02
1.250000000000000000e-01 2.994901218192991266e-02
2.500000000000000000e-01 7.387482404689027504e-02
1.250000000000000000e-01 2.837913543739034594e-02
1.250000000000000000e-01 4.079460522436484382e-02
1.000000000000000000e+00 5.354386179030101722e-01
7.500000000000000000e-01 4.009799061488901195e-01
5.000000000000000000e-01 3.052183877140697277e-01
1.250000000000000000e-01 3.850243867695501976e-02
1.250000000000000000e-01 4.555507722113993907e-02
3.750000000000000000e-01 1.631499315715796428e-01
2.500000000000000000e-01 7.212158316725991725e-02
1.250000000000000000e-01 3.481743616013988074e-02
1.250000000000000000e-01 5.329410349046526107e-02
2.500000000000000000e-01 1.158692186996952422e-01
1.250000000000000000e-01 5.891502652584001964e-02
1.250000000000000000e-01 2.904983846331976594e-02
2.500000000000000000e-01 1.330087854965849026e-01
5.000000000000000000e-01 2.061959538653495017e-01
2.500000000000000000e-01 9.688350988613514403e-02
2.500000000000000000e-01 8.918435776570987628e-02
1.250000000000000000e-01 3.698700920985498186e-02
3.750000000000000000e-01 1.782450410304701194e-01
1.625000000000000000e+00 1.592030426390870002e+00
3.750000000000000000e-01 2.448859192180048439e-01
3.750000000000000000e-01 1.682981836297594569e-01
1.250000000000000000e-01 3.213785979339522925e-02
1.250000000000000000e-01 3.499732232641461493e-02
2.500000000000000000e-01 9.820572475343025687e-02
1.250000000000000000e-01 4.207499646533019444e-02
1.250000000000000000e-01 2.662964900983011418e-02
3.750000000000000000e-01 1.939882880936556475e-01
1.250000000000000000e-01 3.297933220953996880e-02
2.500000000000000000e-01 9.783489060963468376e-02
3.750000000000000000e-01 1.622875296409453938e-01
1.250000000000000000e-01 2.941890084035980735e-02
1.250000000000000000e-01 5.762739298313990233e-02
1.250000000000000000e-01 2.977213949847490326e-02
2.500000000000000000e-01 9.334893959611001435e-02
2.500000000000000000e-01 9.573175359572516641e-02
2.500000000000000000e-01 1.092840030520147998e-01
5.000000000000000000e-01 1.469828471376350976e-01
1.250000000000000000e-01 8.355120061094023498e-02
2.500000000000000000e-01 1.198681310375051545e-01
2.500000000000000000e-01 8.995025125754496642e-02
3.750000000000000000e-01 1.634127321489202700e-01
2.500000000000000000e-01 6.890513123254482508e-02
3.750000000000000000e-01 1.136024261240899946e-01
2.500000000000000000e-01 7.846814883196051582e-02
1.250000000000000000e-01 4.710224902937509839e-02
3.750000000000000000e-01 1.156709765954353486e-01
1.625000000000000000e+00 1.335809810478629789e+00
1.375000000000000000e+00 1.253117233059575231e+00
3.750000000000000000e-01 1.982652657551702280e-01
1.250000000000000000e-01 3.894134849429020662e-02
1.250000000000000000e-01 5.107281865107005103e-02
1.250000000000000000e-01 5.305051356675005714e-02
1.250000000000000000e-01 3.353278693849537362e-02
2.500000000000000000e-01 7.855260033351019189e-02
3.750000000000000000e-01 2.230583574708804306e-01
2.500000000000000000e-01 7.484203820605994650e-02
1.250000000000000000e-01 3.315658533182030965e-02
2.500000000000000000e-01 1.057280085458698338e-01
2.500000000000000000e-01 6.649003314894486039e-02
1.250000000000000000e-01 3.571301270494497970e-02
1.250000000000000000e-01 3.544173287597462974e-02
2.500000000000000000e-01 7.976042708275965509e-02
1.250000000000000000e-01 2.792537339489520321e-02
1.250000000000000000e-01 2.921869242052510529e-02
1.250000000000000000e-01 5.728870864513524452e-02
2.500000000000000000e-01 1.254227872096600471e-01
2.500000000000000000e-01 7.152014118549043786e-02
1.250000000000000000e-01 4.687140839569492456e-02
1.250000000000000000e-01 3.677983373896998032e-02
1.250000000000000000e-01 3.397196628645993144e-02
1.250000000000000000e-01 3.681337097092995947e-02
5.000000000000000000e-01 2.238916774775101537e-01
1.250000000000000000e-01 7.226304952675999260e-02
2.500000000000000000e-01 6.677189238142000605e-02
1.250000000000000000e-01 3.530497871079507632e-02
2.500000000000000000e-01 1.880933278881400383e-01
6.250000000000000000e-01 4.159532682644750956e-01
5.000000000000000000e-01 2.478423599711798708e-01
3.750000000000000000e-01 2.769188536648199417e-01
1.250000000000000000e-01 4.713822681731505426e-02
5.000000000000000000e-01 3.234036489140448278e-01
2.500000000000000000e-01 1.263069065677748792e-01
2.500000000000000000e-01 1.464103728693748607e-01
2.500000000000000000e-01 1.660934452613551660e-01
3.750000000000000000e-01 2.928311903740401512e-01
1.250000000000000000e-01 5.503064509931010484e-02
2.500000000000000000e-01 1.094450989723751988e-01
1.250000000000000000e-01 3.337660181512003277e-02
2.500000000000000000e-01 9.920795316936992236e-02
1.250000000000000000e-01 4.324627665312497093e-02
1.250000000000000000e-01 2.811203253247507305e-02
2.500000000000000000e-01 5.885800237627458742e-02
2.500000000000000000e-01 7.162197847672979734e-02
2.500000000000000000e-01 6.746542134341027008e-02
1.250000000000000000e-01 4.485972927648029795e-02
1.250000000000000000e-01 2.732481635579997459e-02
2.500000000000000000e-01 1.179258264623395114e-01
2.500000000000000000e-01 9.424874225622570378e-02
2.500000000000000000e-01 1.629583265742802212e-01
2.500000000000000000e-01 1.103554566159750117e-01
2.500000000000000000e-01 6.000827667874464311e-02
1.250000000000000000e-01 3.413515271895484204e-02
1.250000000000000000e-01 4.226081153204974683e-02
1.250000000000000000e-01 2.977485315460492998e-02
2.500000000000000000e-01 7.367494651720951637e-02
2.500000000000000000e-01 8.271364417655036050e-02
1.250000000000000000e-01 3.010592533454481412e-02
2.500000000000000000e-01 9.002594976785527336e-02
1.250000000000000000e-01 3.055697438262017229e-02
2.500000000000000000e-01 1.200623888332903455e-01
2.500000000000000000e-01 1.119414321587801631e-01
1.250000000000000000e-01 3.222157593809971132e-02
1.250000000000000000e-01 3.034309643068011653e-02
7.500000000000000000e-01 5.947007280142653229e-01
2.500000000000000000e-01 1.574113780783550354e-01
2.500000000000000000e-01 1.325548019528346444e-01
2.500000000000000000e-01 1.000466752519502123e-01
5.000000000000000000e-01 1.290982030732306107e-01
2.500000000000000000e-01 1.509196528872296383e-01
3.750000000000000000e-01 1.345951019340949628e-01
1.250000000000000000e-01 2.853217628688975438e-02
1.250000000000000000e-01 2.783473296321492541e-02
2.500000000000000000e-01 1.008930456707948231e-01
2.500000000000000000e-01 8.687276593315473860e-02
1.250000000000000000e-01 4.607448804622471528e-02
1.250000000000000000e-01 3.558685859651999905e-02
1.250000000000000000e-01 6.099619609475492865e-02
3.750000000000000000e-01 2.092698062755298238e-01
3.750000000000000000e-01 1.265459466098701746e-01
8.750000000000000000e-01 6.110060970342550135e-01
3.750000000000000000e-01 1.854091952739649329e-01
6.250000000000000000e-01 4.188648545068200946e-01
7.500000000000000000e-01 4.452031090114951795e-01
6.250000000000000000e-01 5.009377339879599322e-01
2.500000000000000000e-01 1.618242782855849882e-01
1.250000000000000000e-01 4.171383807060990989e-02
1.500000000000000000e+00 1.012527674526024990e+00
2.500000000000000000e-01 7.567633242178017916e-02
5.000000000000000000e-01 1.646078830628496803e-01
2.500000000000000000e-01 1.302847679473049247e-01
1.250000000000000000e-01 5.156826602241504354e-02
2.500000000000000000e-01 1.194894157668251466e-01
1.250000000000000000e-01 4.510685271603009916e-02
1.250000000000000000e-01 4.124553960752996851e-02
1.250000000000000000e-01 3.235195375270016882e-02
1.250000000000000000e-01 5.374587528197993791e-02
5.000000000000000000e-01 1.854231747486501103e-01
2.500000000000000000e-01 8.665662045552480208e-02
1.250000000000000000e-01 4.013566415262515008e-02
3.750000000000000000e-01 1.203485523412899383e-01
1.250000000000000000e-01 4.700415561692006250e-02
2.500000000000000000e-01 1.045776202493648999e-01
2.500000000000000000e-01 9.702728721747466700e-02
2.500000000000000000e-01 6.740753271228472343e-02
2.500000000000000000e-01 9.468529187590002394e-02
1.250000000000000000e-01 3.794337498659983154e-02
1.250000000000000000e-01 3.424685927363002591e-02
1.250000000000000000e-01 2.840922800040512897e-02
1.250000000000000000e-01 3.839970502605005720e-02
2.500000000000000000e-01 7.989190697018999643e-02
1.250000000000000000e-01 2.669406894257475571e-02
1.250000000000000000e-01 6.314448515253978655e-02
2.500000000000000000e-01 9.394055714905480414e-02
2.500000000000000000e-01 1.150098318559753530e-01
3.750000000000000000e-01 1.387030636619046575e-01
2.500000000000000000e-01 6.950537109414023362e-02
2.500000000000000000e-01 7.764218488936469598e-02
2.500000000000000000e-01 1.167566722822401815e-01
2.500000000000000000e-01 1.008771383616298145e-01
1.250000000000000000e-01 4.146958284414514750e-02
1.250000000000000000e-01 3.260156076681530735e-02
1.250000000000000000e-01 4.585983907719493047e-02
1.250000000000000000e-01 2.842668890151500705e-02
2.500000000000000000e-01 1.075832510436351974e-01
2.500000000000000000e-01 1.072271040079200155e-01
1.250000000000000000e+00 7.599921881206799235e-01
2.500000000000000000e-01 8.517270743760496643e-02
2.500000000000000000e-01 1.332797357405350880e-01
7.500000000000000000e-01 6.487848166002403438e-01
1.250000000000000000e-01 5.789672328427020176e-02
3.750000000000000000e-01 1.937347699229801101e-01
3.750000000000000000e-01 1.302282233666098854e-01
2.500000000000000000e-01 1.307313322896699326e-01
3.750000000000000000e-01 1.213392628025600217e-01
1.250000000000000000e-01 5.519976275888494044e-02
1.250000000000000000e-01 2.862887352827536702e-02
2.500000000000000000e-01 9.962189331768511735e-02
2.500000000000000000e-01 1.024639453607449902e-01
3.750000000000000000e-01 1.336721811662351378e-01
1.250000000000000000e-01 3.339902982021003552e-02
2.500000000000000000e-01 6.561881069124009258e-02
2.500000000000000000e-01 9.875600192784439457e-02
2.500000000000000000e-01 6.607957593859481449e-02
2.500000000000000000e-01 1.074713981537747109e-01
2.500000000000000000e-01 1.122057506104701119e-01
1.250000000000000000e-01 3.483598334232995697e-02
2.500000000000000000e-01 6.954642023194956835e-02
1.250000000000000000e-01 3.461685782767487396e-02
2.500000000000000000e-01 6.157434470087030931e-02
1.250000000000000000e-01 3.512358154269978883e-02
1.250000000000000000e-01 3.530061291400521384e-02
2.500000000000000000e-01 6.986409949841476674e-02
2.500000000000000000e-01 6.818507188540978703e-02
1.250000000000000000e-01 5.923391458951465793e-02
1.250000000000000000e-01 3.560033460964007190e-02
1.250000000000000000e-01 3.060073315800515559e-02
1.250000000000000000e-01 3.150905687824989698e-02
2.500000000000000000e-01 6.006503507804472619e-02
1.250000000000000000e-01 4.035905577512011178e-02
2.500000000000000000e-01 7.800680933678982854e-02
1.250000000000000000e-01 3.506747649065022898e-02
1.250000000000000000e-01 3.446237269773977374e-02
1.250000000000000000e-01 3.539193115311523030e-02
1.250000000000000000e-01 2.901890624125513796e-02
3.750000000000000000e-01 1.453167801153303351e-01
2.500000000000000000e-01 1.537396193157349877e-01
1.250000000000000000e-01 3.275462471739976067e-02
2.500000000000000000e-01 6.345910896354522990e-02
2.500000000000000000e-01 8.004833383635956423e-02
2.500000000000000000e-01 9.935138696598500019e-02
2.500000000000000000e-01 1.038061008712745092e-01
3.750000000000000000e-01 1.658368403914400879e-01
1.250000000000000000e-01 4.977694173030533520e-02
6.250000000000000000e-01 2.784250016039093722e-01
7.500000000000000000e-01 3.293782714009947377e-01
3.750000000000000000e-01 1.882505758887247360e-01
1.875000000000000000e+00 1.995125925660705235e+00
1.250000000000000000e-01 5.390001509990982598e-02
1.250000000000000000e-01 2.906664902754529933e-02
1.250000000000000000e-01 4.080298075519461776e-02
1.250000000000000000e-01 3.096915471112504648e-02
1.250000000000000000e-01 6.131261043225499918e-02
2.500000000000000000e-01 9.135919237605527599e-02
1.250000000000000000e-01 5.770322480739009663e-02
1.250000000000000000e-01 3.506505607046994655e-02
1.250000000000000000e-01 2.881800569375503329e-02
2.500000000000000000e-01 1.035950606539750574e-01
6.250000000000000000e-01 2.066794065392048019e-01
7.500000000000000000e-01 2.533844491954848621e-01
1.250000000000000000e-01 4.236902068473025196e-02
3.500000000000000000e+00 3.913593954627155203e+00
2.500000000000000000e-01 1.209379049849552690e-01
8.750000000000000000e-01 8.867440810841747956e-01
6.250000000000000000e-01 4.933994875016499693e-01
3.750000000000000000e-01 3.153262880735770990e-01
8.750000000000000000e-01 6.814163157125775472e-01
6.250000000000000000e-01 6.232345309461845284e-01
6.250000000000000000e-01 3.549178104701316006e-01
1.250000000000000000e-01 3.475673928098299559e-02
2.500000000000000000e-01 7.027236000986619713e-02
3.750000000000000000e-01 2.029730281262979996e-01
5.000000000000000000e-01 2.212784959692405129e-01
1.250000000000000000e-01 3.829999541124395196e-02
7.500000000000000000e-01 3.781327027752013903e-01
3.750000000000000000e-01 3.391352025871935405e-01
2.500000000000000000e-01 1.030140790445080168e-01
3.750000000000000000e-01 2.210981407437372093e-01
2.500000000000000000e-01 6.954314108165599029e-02
5.000000000000000000e-01 1.692419098082351692e-01
5.000000000000000000e-01 2.734055287676853130e-01
1.250000000000000000e-01 5.638685077476950080e-02
3.750000000000000000e-01 1.273220237814761124e-01
1.250000000000000000e-01 5.261856045905230483e-02
2.500000000000000000e-01 9.390419553854803536e-02
2.500000000000000000e-01 1.211383725213176915e-01
3.750000000000000000e-01 1.593944549058835536e-01
1.250000000000000000e-01 2.850056270436249206e-02
3.750000000000000000e-01 1.697149244961678183e-01
2.500000000000000000e-01 1.149626412500251993e-01
1.250000000000000000e-01 2.733579618321384935e-02
2.500000000000000000e-01 8.165477957233935324e-02
2.500000000000000000e-01 1.392653057126507221e-01
1.250000000000000000e-01 3.809551283578650749e-02
6.250000000000000000e-01 3.041373431698990437e-01
3.750000000000000000e-01 1.426952510098133120e-01
5.000000000000000000e-01 3.166318613218330191e-01
8.750000000000000000e-01 4.511256103817444796e-01
2.500000000000000000e-01 1.372866100433399184e-01
2.500000000000000000e-01 1.544609979642947162e-01
3.750000000000000000e-01 1.885629391868841043e-01
2.500000000000000000e-01 1.270659606663689933e-01
1.250000000000000000e-01 4.393163391599200218e-02
1.250000000000000000e-01 2.780466248707849641e-02
2.500000000000000000e-01 1.073315808046040043e-01
3.750000000000000000e-01 1.730239718137820126e-01
2.500000000000000000e-01 6.225946032089452187e-02
1.250000000000000000e-01 6.238418244840299165e-02
1.250000000000000000e-01 3.507591736391801884e-02
3.750000000000000000e-01 1.932374913677964989e-01
1.250000000000000000e-01 6.555035170522499621e-02
1.250000000000000000e-01 5.277860325459199364e-02
2.500000000000000000e-01 8.087557149349894337e-02
3.750000000000000000e-01 1.667687055180849809e-01
1.250000000000000000e-01 3.070821854420002772e-02
2.500000000000000000e-01 1.012492591513299844e-01
1.250000000000000000e-01 8.164476147726495991e-02
5.000000000000000000e-01 1.580827996254499102e-01
1.250000000000000000e-01 4.731116074974495156e-02
1.250000000000000000e-01 3.911928672997500023e-02
1.250000000000000000e-01 3.032761583188503529e-02
2.500000000000000000e-01 6.707569349034003814e-02
3.750000000000000000e-01 1.862084904108199934e-01
2.500000000000000000e-01 1.046536144536698298e-01
1.250000000000000000e-01 5.741048466586495813e-02
2.500000000000000000e-01 1.270517068869301269e-01
1.250000000000000000e-01 2.734045157720488284e-02
2.500000000000000000e-01 1.853911803176249151e-01
2.500000000000000000e-01 9.429179142616472831e-02
2.500000000000000000e-01 1.552904450115348833e-01
2.500000000000000000e-01 7.811404445123004692e-02
5.000000000000000000e-01 2.303551761317601532e-01
1.250000000000000000e-01 4.870249247556501793e-02
2.500000000000000000e-01 8.538389666168999526e-02
1.250000000000000000e-01 3.548480973810508310e-02
1.250000000000000000e-01 2.683597373306501055e-02
1.250000000000000000e-01 2.967725434730006384e-02
1.250000000000000000e-01 6.176040585358499868e-02
2.500000000000000000e-01 9.827307070517488086e-02
3.750000000000000000e-01 1.788721067209648741e-01
2.500000000000000000e-01 8.978537103301476030e-02
2.500000000000000000e-01 5.563202736636485568e-02
1.250000000000000000e+00 6.959072021104599770e-01
2.500000000000000000e-01 1.015944723959602003e-01
2.250000000000000000e+00 2.474365349590839092e+00
1.250000000000000000e-01 4.784968029109101795e-02
3.750000000000000000e-01 2.211618396416020205e-01
1.250000000000000000e-01 1.051533276945794682e-01
1.250000000000000000e-01 3.469217839599950115e-02
1.250000000000000000e-01 3.580114720325450195e-02
2.500000000000000000e-01 7.911888850685550034e-02
1.250000000000000000e-01 4.445733159781251054e-02
2.500000000000000000e-01 1.150028482332254853e-01
1.250000000000000000e-01 3.172178112626684865e-02
1.250000000000000000e-01 3.700246236698104957e-02
1.250000000000000000e-01 3.501932310647751234e-02
2.500000000000000000e-01 6.794115945268949797e-02
1.250000000000000000e-01 3.210650142387050376e-02
2.500000000000000000e-01 9.794439611830596526e-02
1.250000000000000000e-01 5.386514366121447628e-02
1.250000000000000000e-01 4.327906222282146276e-02
1.250000000000000000e-01 3.422329941437496359e-02
1.250000000000000000e-01 3.211392998938000787e-02
2.500000000000000000e-01 6.947046092506503623e-02
1.250000000000000000e-01 5.140381540751015610e-02
1.250000000000000000e-01 3.212916825100009532e-02
2.500000000000000000e-01 1.188715945888050296e-01
1.250000000000000000e-01 4.550338521730989960e-02
1.250000000000000000e-01 5.068976595461505141e-02
1.250000000000000000e-01 4.098225304197500307e-02
1.250000000000000000e-01 3.459208758411991269e-02
1.250000000000000000e-01 4.276950042182003919e-02
1.250000000000000000e-01 4.856827790588003069e-02
1.250000000000000000e-01 5.334369624545498567e-02
1.250000000000000000e-01 3.556542004358487219e-02
1.250000000000000000e-01 5.021584717466498482e-02
1.250000000000000000e-01 3.213218370891013365e-02
2.500000000000000000e-01 6.722479104251477544e-02
1.250000000000000000e-01 3.941423518890507793e-02
1.250000000000000000e-01 2.769386402577511674e-02
1.250000000000000000e-01 3.090013463974994323e-02
1.250000000000000000e-01 3.542710075811505988e-02
1.250000000000000000e-01 4.136698190737542191e-02
1.250000000000000000e-01 3.249041151904519253e-02
1.250000000000000000e-01 2.905857515305987349e-02
1.250000000000000000e-01 2.912032460690472391e-02
1.250000000000000000e-01 3.765028343891474449e-02
1.250000000000000000e-01 3.783750706707023070e-02
1.250000000000000000e-01 7.262365915175017506e-02
2.500000000000000000e-01 9.719268710565032166e-02
1.250000000000000000e-01 3.872008209461474948e-02
2.500000000000000000e-01 5.589284609022016070e-02
1.250000000000000000e-01 5.177800076534477824e-02
1.250000000000000000e-01 3.039323041009467374e-02
1.250000000000000000e-01 4.854398928897474264e-02
1.250000000000000000e-01 3.086032931665450008e-02
1.250000000000000000e-01 3.470327174758036648e-02
3.750000000000000000e-01 9.378969368825540442e-02
1.250000000000000000e-01 2.773631193639491954e-02
1.250000000000000000e-01 3.296302707973985946e-02
2.500000000000000000e-01 8.540608995098608602e-02
1.250000000000000000e-01 2.685359904167938794e-02
1.250000000000000000e-01 5.284188351294982766e-02
2.500000000000000000e-01 8.261759447089911390e-02
2.500000000000000000e-01 8.232952716910002522e-02
4.000000000000000000e+00 6.603721123641480339e+00
5.000000000000000000e-01 2.021002685055897086e-01
1.000000000000000000e+00 8.978106832695100792e-01
3.750000000000000000e-01 1.399176506916099960e-01
1.250000000000000000e-01 5.026133736971494237e-02
1.250000000000000000e-01 3.619668847031509706e-02
2.500000000000000000e-01 1.097573656698800360e-01
2.500000000000000000e-01 6.717798821544507248e-02
2.500000000000000000e-01 1.068709979410999988e-01
3.750000000000000000e-01 1.671119947142549744e-01
1.250000000000000000e-01 3.648372417620504571e-02
2.500000000000000000e-01 1.015164940972947960e-01
1.250000000000000000e-01 4.654948901691002838e-02
1.250000000000000000e-01 4.240487129054493209e-02
1.250000000000000000e-01 4.682406968488983523e-02
2.500000000000000000e-01 7.615554118665501804e-02
2.500000000000000000e-01 5.838286311430040953e-02
2.500000000000000000e-01 6.228882559922510609e-02
1.250000000000000000e-01 4.009363007018995617e-02
1.250000000000000000e-01 3.110775063396475915e-02
2.500000000000000000e-01 5.900300481729514601e-02
1.250000000000000000e-01 2.812931906619997591e-02
1.250000000000000000e-01 3.277541708436526591e-02
2.500000000000000000e-01 9.946933491721532405e-02
1.250000000000000000e-01 3.967751995003032661e-02
1.250000000000000000e-01 4.676171948963503411e-02
1.250000000000000000e-01 2.773878195902002020e-02
1.250000000000000000e-01 5.300026914957500779e-02
2.500000000000000000e-01 9.150004611901518814e-02
1.250000000000000000e-01 3.295853461364028902e-02
2.500000000000000000e-01 8.274009894312506219e-02
1.250000000000000000e-01 4.557078909669032285e-02
1.250000000000000000e-01 3.715080888929467307e-02
1.250000000000000000e-01 3.862611694225481784e-02
1.250000000000000000e-01 3.366738474253017088e-02
1.250000000000000000e-01 3.928987245513537729e-02
1.250000000000000000e-01 3.105519462428496524e-02
1.250000000000000000e-01 2.976129114888514948e-02
1.250000000000000000e-01 3.381211705961995051e-02
1.250000000000000000e-01 4.008886529967981005e-02
1.250000000000000000e-01 5.146701272165499219e-02
2.500000000000000000e-01 9.989665298547478756e-02
1.250000000000000000e-01 6.809458752585495489e-02
3.750000000000000000e-01 1.138227562069902277e-01
2.500000000000000000e-01 7.423204416420059459e-02
1.250000000000000000e-01 3.358987359694065589e-02
1.250000000000000000e-01 2.855962592037997183e-02
1.250000000000000000e-01 3.475886435388009232e-02
1.250000000000000000e-01 3.182090722186003973e-02
2.500000000000000000e-01 7.050514542534980222e-02
1.250000000000000000e-01 3.962375038711574149e-02
1.250000000000000000e-01 3.867996774396509352e-02
2.500000000000000000e-01 7.828387506456468969e-02
1.250000000000000000e-01 5.693132631176478498e-02
1.250000000000000000e-01 4.146499068205056204e-02
1.250000000000000000e-01 2.793252760715958516e-02
2.500000000000000000e-01 8.867606191271981686e-02
1.250000000000000000e-01 3.076811820256519781e-02
1.250000000000000000e-01 2.956676392768020634e-02
1.250000000000000000e-01 5.480690950764977032e-02
2.500000000000000000e-01 7.129685148190034738e-02
1.250000000000000000e-01 7.080711120400007275e-02
1.250000000000000000e-01 2.765945861899954394e-02
1.250000000000000000e-01 2.716569591409978557e-02
2.500000000000000000e-01 6.847380265665048427e-02
2.500000000000000000e-01 7.792870830430054241e-02
1.250000000000000000e-01 3.631232130624972854e-02
1.250000000000000000e-01 4.582644979500027915e-02
1.250000000000000000e-01 3.215010549580021859e-02
1.250000000000000000e-01 3.352949295770013549e-02
2.500000000000000000e-01 1.085148214752500451e-01
2.500000000000000000e-01 7.634324256915014928e-02
1.250000000000000000e-01 3.144057280190004633e-02
1.250000000000000000e-01 3.478040560449979779e-02
2.500000000000000000e-01 9.606213202805058415e-02
1.250000000000000000e-01 4.741873439109944854e-02
4.375000000000000000e+00 5.043911087867719800e+00
8.750000000000000000e-01 7.190186353006149389e-01
3.750000000000000000e-01 2.412305101476150959e-01
7.500000000000000000e-01 4.958993282665145053e-01
1.250000000000000000e-01 5.007748566125513889e-02
1.250000000000000000e-01 8.700180061834483780e-02
3.750000000000000000e-01 1.091409405307950387e-01
2.500000000000000000e-01 8.910728581939997284e-02
2.500000000000000000e-01 1.203292697968603164e-01
1.250000000000000000e-01 2.723715460905973273e-02
2.500000000000000000e-01 1.447552105774745357e-01
3.750000000000000000e-01 1.519105318637650193e-01
5.000000000000000000e-01 1.930142322111598752e-01
1.250000000000000000e-01 3.671128163704961977e-02
3.750000000000000000e-01 1.472366867238896759e-01
2.500000000000000000e-01 7.874996347851004330e-02
1.250000000000000000e-01 3.554162850674025265e-02
1.250000000000000000e-01 2.942852280222485462e-02
1.250000000000000000e-01 8.494461102660011420e-02
5.000000000000000000e-01 2.075425939117749863e-01
1.250000000000000000e-01 3.422718105362010377e-02
2.500000000000000000e-01 1.038668247017699997e-01
2.500000000000000000e-01 9.468381196182029669e-02
2.500000000000000000e-01 7.422179378868998256e-02
1.250000000000000000e-01 3.019475002265981090e-02
1.250000000000000000e-01 6.241671314176500118e-02
3.750000000000000000e-01 1.614008277052354501e-01
2.500000000000000000e-01 1.551648518317545467e-01
1.250000000000000000e-01 4.017425084375014777e-02
2.250000000000000000e+00 1.951162431228779859e+00
2.500000000000000000e-01 1.258142447317849300e-01
