# size duration
4.150000000000000000e+01 1.726187289402377978e+00
3.350000000000000000e+01 4.870038365466018426e+00
2.250000000000000000e+01 3.674153994640927401e-01
2.800000000000000000e+01 9.994474703449762742e-01
8.500000000000000000e+00 4.214295054167305210e-02
5.250000000000000000e+01 9.440089898262629120e-01
3.650000000000000000e+01 1.064420919778512609e+00
1.500000000000000000e+01 9.833944936507466039e-02
1.100000000000000000e+01 6.824099340963352134e-02
4.700000000000000000e+01 5.740816153185392956e-01
1.050000000000000000e+01 4.802503107179179054e-02
4.900000000000000000e+01 2.935950905526543142e-01
7.050000000000000000e+01 3.498280937575724892e+00
3.050000000000000000e+01 1.718213947921247486e+00
7.500000000000000000e+00 3.399079820428951848e-02
1.900000000000000000e+01 1.080589395411513109e-01
7.500000000000000000e+00 3.383450298995560601e-02
1.600000000000000000e+01 1.521924440050934635e-01
3.800000000000000000e+01 4.342087818468112204e-01
1.750000000000000000e+01 1.262008612751119863e-01
5.000000000000000000e+00 2.065412424890666898e-02
1.150000000000000000e+01 6.332051376951897126e-02
1.250000000000000000e+01 6.105991402352906050e-02
9.000000000000000000e+00 4.493231248614248940e-02
7.350000000000000000e+01 1.810152643271019768e+00
3.350000000000000000e+01 5.397902445995179654e-01
5.500000000000000000e+00 2.266751860732529877e-02
1.250000000000000000e+02 2.314573523187977599e+00
6.000000000000000000e+00 2.814802959853646147e-02
1.850000000000000000e+01 1.822018478675244690e-01
2.550000000000000000e+01 5.595326662526410866e-01
2.950000000000000000e+01 5.051900080648789038e-01
4.500000000000000000e+00 1.819024782819883557e-02
1.950000000000000000e+01 2.571570509404190741e-01
3.000000000000000000e+00 1.176436173465922330e-02
6.500000000000000000e+00 2.955079657038384155e-02
2.050000000000000000e+01 2.706579830694317845e-01
2.600000000000000000e+01 1.923002073896511455e-01
1.850000000000000000e+01 1.882201154871303572e-01
4.500000000000000000e+00 1.827816349569877374e-02
1.000000000000000000e+01 5.308433258194389381e-02
6.200000000000000000e+01 2.397352247707884132e+00
1.050000000000000000e+01 4.981379562364729452e-02
6.300000000000000000e+01 4.018327182731296077e+00
8.000000000000000000e+00 4.017963986174777347e-02
2.500000000000000000e+01 2.328282594906512237e-01
8.250000000000000000e+01 4.106221575798700840e+00
1.350000000000000000e+01 6.247025514501114429e-02
1.700000000000000000e+01 1.206739393801559146e-01
1.000000000000000000e+01 4.917791249611935811e-02
7.500000000000000000e+01 9.766225637141290328e-01
5.850000000000000000e+01 8.724237577417337519e-01
5.650000000000000000e+01 1.623523446621125021e+00
2.500000000000000000e+01 5.352189268033045177e-01
4.500000000000000000e+00 1.792428199595597071e-02
1.350000000000000000e+01 7.585625404249007886e-02
1.150000000000000000e+01 5.880084297337906385e-02
9.000000000000000000e+00 5.003023242142612403e-02
1.300000000000000000e+01 9.096905393724852296e-02
1.100000000000000000e+01 5.984935608524444284e-02
5.500000000000000000e+00 2.270545029133863579e-02
1.550000000000000000e+01 8.205973896930651712e-02
1.100000000000000000e+01 7.033488659773778906e-02
3.100000000000000000e+01 3.664958385803582797e-01
1.020000000000000000e+02 2.567491291644097728e+00
6.500000000000000000e+00 2.893629183805357385e-02
5.000000000000000000e+01 3.947653586194084241e-01
1.000000000000000000e+01 4.816420724088299465e-02
7.500000000000000000e+00 3.649593973773646027e-02
8.000000000000000000e+00 3.668562760278959445e-02
3.550000000000000000e+01 4.545132769436968090e-01
1.050000000000000000e+01 5.345484577382375591e-02
6.050000000000000000e+01 1.081712411881271318e+00
2.600000000000000000e+01 3.084606098493272164e-01
2.500000000000000000e+01 3.348008549413270529e-01
3.000000000000000000e+00 1.190052351150683307e-02
5.150000000000000000e+01 4.902829922111304750e-01
1.150000000000000000e+01 5.806341334532749698e-02
2.900000000000000000e+01 2.219147599176940489e-01
1.300000000000000000e+01 6.468164245006935431e-02
8.500000000000000000e+00 4.450683417356104954e-02
3.550000000000000000e+01 6.151261896532131956e-01
9.000000000000000000e+00 4.489973836537974883e-02
