# size duration
8.000000000000229150e-04 2.875307560376454408e-01
5.519999999999999907e-02 5.396221034921589776e+00
1.480000000000003535e-02 7.698252796177321722e-01
2.400000000000013234e-03 8.698849583966622445e-02
2.000000000000001776e-03 6.693427503974663795e-02
4.000000000000003553e-03 2.234434100040885163e-01
3.199999999999980638e-03 1.501145016455976977e-01
2.799999999999969180e-03 1.540538293257785185e-01
2.400000000000013234e-03 1.243782865736859644e-01
6.400000000000016787e-03 2.744542366138086331e-01
2.800000000000024691e-03 1.177425016761517035e-01
3.199999999999980638e-03 1.361659935251056663e-01
8.000000000000229150e-04 2.466891309660056847e-02
2.400000000000013234e-03 1.010447483156051568e-01
7.999999999999674039e-04 2.267557842148720110e-02
3.599999999999992095e-03 1.541579666452611297e-01
1.199999999999978861e-03 3.447120225238263502e-02
3.600000000000047606e-03 1.516048940004171564e-01
2.400000000000013234e-03 8.541744415414152802e-02
1.599999999999990319e-03 5.024919962725504785e-02
2.000000000000001776e-03 9.114328976707761210e-02
2.400000000000013234e-03 8.742934158411916346e-02
6.000000000000005329e-03 2.153125809951213776e-01
1.199999999999978861e-03 3.326191791584158508e-02
1.199999999999978861e-03 3.389846402689259547e-02
2.399999999999957723e-03 6.946018629672578992e-02
2.399999999999957723e-03 1.002015639596156305e-01
1.600000000000045830e-03 5.717324567331756591e-02
4.800000000000026468e-03 2.726506776946239774e-01
8.000000000000229150e-04 2.159851115758848472e-02
4.000000000000003553e-03 1.892013395252125640e-01
3.999999999999559464e-04 1.092192527810464248e-02
1.599999999999934808e-03 5.147237083517780531e-02
2.399999999999957723e-03 7.272889190500685108e-02
2.000000000000001776e-03 6.840988664428823696e-02
8.000000000000229150e-04 2.178638027831283908e-02
1.200000000000089884e-03 3.635041872759868509e-02
2.400000000000068745e-03 7.404147003033338670e-02
1.199999999999978861e-03 3.717645510387438540e-02
1.199999999999978861e-03 3.214040150243079041e-02
8.000000000000229150e-04 2.137119467321488622e-02
1.200000000000089884e-03 3.526416703353156545e-02
1.600000000000045830e-03 4.910511733276180790e-02
8.000000000000229150e-04 2.128467043428846836e-02
1.599999999999934808e-03 5.908649737532622320e-02
1.199999999999978861e-03 3.269128251310361027e-02
2.799999999999913669e-03 8.586620429723094972e-02
1.199999999999978861e-03 3.428703594840702695e-02
3.999999999999559464e-04 1.047238562167506805e-02
2.400000000000068745e-03 8.418992026163513165e-02
8.000000000000229150e-04 3.651681647060289748e-02
7.999999999999118927e-04 5.163480360991502816e-02
8.000000000000229150e-04 1.514466743602534970e-01
