# size duration
1.000000000000167422e-04 4.627511823974393007e-02
2.000000000000057288e-04 6.135430719849772896e-02
9.999999999998898659e-05 4.139922063899010435e-02
1.000000000000167422e-04 6.477786161064534587e-02
1.000000000000167422e-04 6.464737952393470599e-02
1.000000000000167422e-04 4.244382010008650175e-02
1.000000000000167422e-04 7.149039103857864064e-02
1.000000000000167422e-04 4.773682754640284215e-02
1.000000000000167422e-04 2.516422916207469024e-02
7.999999999999951594e-04 3.484773966533300182e+00
1.000000000000167422e-04 2.729066554885086968e-02
1.000000000000167422e-04 5.004872675927055092e-02
9.999999999998898659e-05 2.701918912340382090e-02
1.000000000000167422e-04 5.196315868922916914e-02
9.999999999998898659e-05 3.552667038342360167e-02
1.000000000000167422e-04 4.118669095516068468e-02
9.999999999998898659e-05 2.615094647463996058e-02
9.999999999998898659e-05 3.592013634999025040e-02
2.999999999999947153e-04 3.643180849685052625e-01
9.999999999998898659e-05 6.355371718334036635e-02
5.999999999999894307e-04 2.095492846523284713e-01
2.000000000000057288e-04 7.636327789917671249e-02
9.999999999998898659e-05 2.525460428187029094e-02
1.000000000000167422e-04 2.555015405304484830e-02
9.999999999998898659e-05 4.940582816054794879e-02
9.999999999998898659e-05 2.327743020847499941e-02
1.000000000000167422e-04 4.723052523408013958e-02
9.999999999998898659e-05 2.358589431370414213e-02
9.999999999998898659e-05 3.484876706407338126e-02
2.000000000000057288e-04 1.101016096068047345e-01
9.999999999998898659e-05 2.705240788942112409e-02
9.999999999998898659e-05 3.282348396336385449e-02
2.000000000000057288e-04 7.154336131291592904e-02
1.000000000000167422e-04 3.634923276134113118e-02
9.999999999998898659e-05 2.657077834634035893e-02
9.999999999998898659e-05 2.493895276179280626e-02
2.000000000000057288e-04 8.408081065702871504e-02
1.000000000000167422e-04 3.940929033474244864e-02
1.000000000000167422e-04 3.161430023735194161e-02
2.000000000000057288e-04 7.153057247347092973e-02
9.999999999998898659e-05 3.729388249471583816e-02
9.999999999998898659e-05 2.686465587770321337e-02
2.999999999999947153e-04 2.193506926639967047e-01
2.000000000000057288e-04 7.242936617461442905e-02
1.000000000000167422e-04 3.025537577408373910e-02
2.000000000000057288e-04 8.484013692566730325e-02
9.999999999998898659e-05 4.827757312856643251e-02
2.000000000000057288e-04 6.997536359067728362e-02
2.000000000000057288e-04 8.140055320750201606e-02
2.000000000000057288e-04 5.774682938180314418e-02
2.000000000000057288e-04 9.446439484591481750e-02
1.999999999999779732e-04 9.581368621682813391e-02
9.999999999998898659e-05 2.670619652019992629e-02
1.000000000000167422e-04 5.544631600244338820e-02
9.999999999998898659e-05 2.392576472116006783e-02
1.000000000000444977e-04 3.230623447364433520e-02
1.999999999999779732e-04 8.659425954100472000e-02
9.999999999998898659e-05 4.553044728612484077e-02
9.999999999998898659e-05 4.458402929763997241e-02
2.000000000000334843e-04 6.014743603850834786e-02
9.999999999998898659e-05 3.410731206571496893e-02
9.999999999998898659e-05 2.850098700065004792e-02
1.000000000000444977e-04 2.639509721695404779e-02
9.999999999998898659e-05 4.227939357412004162e-02
2.000000000000334843e-04 3.546230417163269699e-01
9.999999999998898659e-05 5.914356442702523031e-02
1.999999999999779732e-04 7.787169999307858026e-02
1.999999999999779732e-04 1.084695599646973846e-01
2.000000000000334843e-04 1.195475563413320452e-01
9.999999999998898659e-05 3.914857120004968521e-02
9.999999999998898659e-05 3.692180451636880439e-02
1.999999999999779732e-04 5.901960802398975581e-02
9.999999999998898659e-05 2.515538349422727360e-02
9.999999999998898659e-05 4.109919232946797341e-02
2.000000000000334843e-04 1.013117281599355962e-01
9.999999999998898659e-05 4.748223305965025565e-02
1.000000000000444977e-04 3.008116186526632943e-02
9.999999999998898659e-05 2.867964871827510115e-02
1.999999999999779732e-04 1.059522215143599011e-01
1.999999999999779732e-04 9.561497019072014159e-02
2.000000000000334843e-04 8.857033348537293738e-02
2.000000000000334843e-04 9.128388298644812826e-02
2.999999999999669598e-04 1.355158485308700644e-01
1.999999999999779732e-04 6.574732748301470586e-02
9.999999999998898659e-05 4.320260655458984383e-02
9.999999999998898659e-05 6.163843231860495486e-02
1.999999999999779732e-04 6.634342607233625899e-02
1.999999999999779732e-04 1.321120446066506582e-01
1.000000000000444977e-04 3.362487617703304593e-02
1.999999999999779732e-04 8.897888472633060097e-02
1.999999999999779732e-04 1.504585505867698791e-01
1.999999999999779732e-04 6.742709837639034032e-02
2.000000000000334843e-04 1.415385248962620079e-01
1.999999999999779732e-04 6.806431942672475088e-02
3.000000000000224709e-04 3.347552417500846422e-01
1.000000000000444977e-04 4.170142836573031975e-02
5.000000000000004441e-04 2.135593610331749659e-01
2.000000000000334843e-04 1.113852319318328621e-01
1.999999999999779732e-04 1.691471195856550647e-01
1.999999999999779732e-04 9.571370268198498010e-02
5.000000000000004441e-04 3.583314796272897285e-01
1.000000000000444977e-04 5.133715111498215328e-02
2.000000000000334843e-04 7.233222866873209589e-02
9.999999999998898659e-05 3.431811472642497945e-02
9.999999999998898659e-05 9.821471148844730659e-02
1.999999999999779732e-04 7.098367883828977931e-02
9.999999999998898659e-05 3.114983977990998590e-02
9.999999999998898659e-05 7.328188333175997271e-02
4.000000000000114575e-04 1.532178153146755428e-01
9.000000000000119016e-04 7.130105192819090609e-01
2.000000000000334843e-04 1.262957457058258848e-01
4.000000000000114575e-04 1.991932716735388686e-01
9.999999999998898659e-05 3.688044691068528835e-02
1.999999999999779732e-04 7.311874446443794584e-02
2.000000000000334843e-04 9.684950298864530849e-02
1.000000000000444977e-04 4.649810386422627978e-02
1.999999999999779732e-04 1.056393039714148552e-01
9.999999999998898659e-05 2.770862468875006507e-02
1.999999999999779732e-04 1.158688634520399913e-01
1.000000000000444977e-04 2.436334100580763232e-02
9.999999999998898659e-05 4.744283819972502231e-02
9.999999999998898659e-05 3.034519217988011081e-02
1.999999999999779732e-04 8.968458400276480003e-02
1.999999999999779732e-04 1.169977097781549902e-01
9.999999999998898659e-05 3.722278528877513010e-02
9.999999999998898659e-05 3.285167156159024549e-02
1.999999999999779732e-04 1.076947477861101704e-01
4.000000000000114575e-04 1.770063178356081901e-01
9.999999999998898659e-05 2.588344690191012390e-02
9.999999999998898659e-05 6.232862650110514852e-02
9.999999999998898659e-05 5.039901075803490671e-02
1.000000000000444977e-04 3.479086855793413896e-02
1.000000000000444977e-04 6.024279600120924227e-02
9.999999999998898659e-05 2.613278395982509758e-02
9.999999999998898659e-05 2.410658315877506688e-02
3.000000000000224709e-04 1.283149571410366341e-01
1.999999999999779732e-04 8.020735465325004587e-02
2.000000000000334843e-04 1.021195748935765091e-01
1.999999999999779732e-04 1.193319713682801653e-01
1.999999999999779732e-04 1.269482328203196120e-01
9.999999999998898659e-05 6.173390049579495498e-02
9.999999999998898659e-05 3.486391066364501884e-02
9.999999999998898659e-05 3.038160199147489290e-02
1.000000000000444977e-04 5.251068448613958883e-02
9.999999999998898659e-05 3.180775203957486585e-02
1.000000000000444977e-04 5.151974502429257363e-02
9.999999999998898659e-05 5.109008764304000250e-02
9.999999999998898659e-05 4.018123238910005501e-02
9.999999999998898659e-05 2.807006381328483458e-02
1.000000000000444977e-04 3.476878100603081334e-02
1.999999999999779732e-04 1.011534443107456882e-01
2.000000000000334843e-04 5.209829715986287468e-02
1.999999999999779732e-04 1.273117091535828638e-01
9.999999999998898659e-05 2.436096835739031199e-02
9.999999999998898659e-05 5.041733146020987294e-02
1.000000000000444977e-04 2.497117140819883965e-02
9.999999999998898659e-05 5.417841772756022689e-02
9.999999999998898659e-05 6.121678194730501704e-02
1.999999999999779732e-04 9.492363425557495682e-02
1.000000000000444977e-04 4.933654119942924854e-02
1.000000000000444977e-04 3.454297349802227385e-02
9.999999999998898659e-05 3.806667634023996188e-02
1.000000000000444977e-04 6.171090830078882622e-02
9.999999999998898659e-05 3.887760433534467180e-02
9.999999999998898659e-05 3.009217170944353259e-02
1.000000000000444977e-04 2.677008266662696603e-02
9.999999999998898659e-05 3.606239743223016436e-02
9.999999999998898659e-05 4.152783965653959047e-02
2.999999999999669598e-04 2.250227873115556165e-01
9.999999999998898659e-05 2.397488047440628905e-02
1.999999999999779732e-04 7.090854902429510886e-02
9.999999999998898659e-05 6.285161986951023905e-02
1.999999999999779732e-04 1.030916273588797782e-01
9.999999999998898659e-05 5.595811436218611767e-02
9.999999999998898659e-05 6.717194711370999549e-02
1.000000000000444977e-04 4.537991017479744288e-02
9.999999999998898659e-05 5.268186738915976025e-02
9.999999999998898659e-05 4.109464605738960552e-02
9.999999999998898659e-05 2.518943243864755349e-02
1.999999999999779732e-04 6.728414006832486582e-02
9.999999999998898659e-05 3.656778675581988380e-02
1.999999999999779732e-04 1.132607779410655796e-01
9.999999999998898659e-05 3.673337112024487733e-02
9.999999999998898659e-05 2.712990371662482580e-02
9.999999999998898659e-05 3.674917265934013466e-02
9.999999999998898659e-05 2.870053254783972579e-02
3.000000000000224709e-04 2.967328467381524226e-01
9.999999999998898659e-05 3.416134668041000827e-02
5.999999999999894307e-04 7.408984059072398765e-01
6.999999999999784173e-04 2.080484166817111014e+00
1.999999999999779732e-04 1.825659213721065322e-01
1.999999999999779732e-04 1.141556423215971117e-01
2.000000000000334843e-04 6.175671935998283679e-02
1.999999999999779732e-04 7.336220780518853957e-02
9.999999999998898659e-05 5.747892776419725319e-02
1.000000000000444977e-04 4.938095321096403617e-02
1.999999999999779732e-04 6.392189763094498212e-02
9.999999999998898659e-05 4.604563737344381097e-02
1.000000000000444977e-04 3.048488971090865945e-02
9.999999999998898659e-05 2.836071996116003649e-02
1.000000000000444977e-04 3.257527027515228629e-02
9.999999999998898659e-05 2.840317705823005093e-02
9.999999999998898659e-05 5.917803046116499460e-02
9.999999999998898659e-05 4.877652761047556601e-02
9.999999999998898659e-05 4.013552031144012461e-02
9.999999999998898659e-05 3.149148419364663359e-02
9.999999999998898659e-05 4.069017367498497378e-02
9.999999999998898659e-05 3.340299206217182959e-02
9.999999999998898659e-05 6.938273715118675744e-02
9.999999999998898659e-05 3.086709555542516831e-02
1.999999999999779732e-04 5.809499264679367225e-02
1.000000000000444977e-04 3.643329936159737242e-02
9.999999999998898659e-05 3.775507522249993420e-02
9.999999999998898659e-05 2.915121898727490724e-02
9.999999999998898659e-05 3.343976306548043093e-02
1.000000000000444977e-04 5.121572413253930312e-02
9.999999999998898659e-05 2.334211759207989803e-02
9.999999999998898659e-05 3.512626090092048348e-02
9.999999999998898659e-05 5.236166196491018332e-02
9.999999999998898659e-05 3.501377122020490895e-02
9.999999999998898659e-05 7.780754344149479196e-02
9.999999999998898659e-05 2.285152033219004300e-02
9.999999999998898659e-05 3.251020055698505828e-02
9.999999999998898659e-05 3.889808832919506437e-02
9.999999999998898659e-05 5.099249625011945813e-02
9.999999999998898659e-05 4.914133366423507204e-02
1.999999999999779732e-04 8.021596434181291202e-02
1.000000000000444977e-04 4.152258145443767090e-02
1.000000000000444977e-04 4.301664223552784105e-02
1.000000000000444977e-04 1.025265599872651062e-01
1.000000000000444977e-04 3.957335271096195511e-02
9.999999999998898659e-05 2.953283251061004575e-02
9.999999999998898659e-05 4.075351099351998130e-02
2.000000000000334843e-04 9.563078663462090678e-02
1.999999999999779732e-04 7.024477633254000430e-02
9.999999999998898659e-05 3.756131165049996640e-02
9.999999999998898659e-05 4.217428571285135319e-02
1.000000000000444977e-04 4.277571857126070271e-02
1.000000000000444977e-04 2.621507066079341308e-02
1.000000000000444977e-04 3.410958932704369340e-02
1.000000000000444977e-04 2.649516335632830580e-02
9.999999999998898659e-05 5.357736403966983918e-02
1.000000000000444977e-04 4.306176549200124021e-02
9.999999999998898659e-05 4.272875511804997972e-02
1.999999999999779732e-04 5.728307741222531113e-02
2.000000000000334843e-04 7.984225841940800761e-02
9.999999999998898659e-05 6.917750056324495356e-02
9.999999999998898659e-05 2.369120853899997145e-02
9.999999999998898659e-05 2.532037368275499162e-02
1.000000000000444977e-04 5.470076993730305093e-02
9.999999999998898659e-05 6.234076673245822486e-02
2.000000000000334843e-04 9.147762876561349454e-02
1.999999999999779732e-04 8.956091588039521989e-02
1.000000000000444977e-04 3.716290021161165052e-02
9.999999999998898659e-05 6.036607032375494730e-02
1.000000000000444977e-04 5.041499555729338916e-02
1.999999999999779732e-04 6.835238980246624574e-02
1.000000000000444977e-04 5.815849889795141059e-02
9.999999999998898659e-05 3.108860802207985552e-02
2.000000000000334843e-04 9.041295180934627584e-02
9.999999999998898659e-05 6.525797724905504915e-02
1.999999999999779732e-04 7.743627094725000215e-02
2.000000000000334843e-04 1.028761849217913749e-01
9.999999999998898659e-05 2.256661846283502040e-02
9.999999999998898659e-05 2.404883337069358210e-02
9.999999999998898659e-05 2.613374109474028706e-02
1.000000000000444977e-04 2.334025228433440208e-02
2.000000000000334843e-04 1.494280508176420441e-01
9.999999999998898659e-05 4.902037300984016938e-02
2.000000000000334843e-04 7.265632675669375651e-02
9.999999999998898659e-05 2.994087930403982120e-02
1.999999999999779732e-04 1.273269056104798236e-01
9.999999999998898659e-05 6.980788492897477271e-02
1.000000000000444977e-04 6.815685514387637145e-02
9.999999999998898659e-05 3.552150325879020049e-02
9.999999999998898659e-05 2.524510134619317031e-02
2.999999999999669598e-04 1.071154076456701798e-01
9.999999999998898659e-05 5.891867841176505471e-02
9.999999999998898659e-05 3.842194057008468944e-02
1.000000000000444977e-04 6.511537656140813091e-02
9.999999999998898659e-05 4.907813414697016763e-02
9.999999999998898659e-05 5.843605160615199939e-02
1.000000000000444977e-04 4.771608113912784166e-02
1.999999999999779732e-04 6.072840859829543858e-02
1.999999999999779732e-04 7.482821570880053563e-02
9.999999999998898659e-05 3.501820146484402319e-02
9.999999999998898659e-05 3.613483486226398006e-02
2.000000000000334843e-04 8.455800051555771579e-02
9.999999999998898659e-05 3.085155834584972154e-02
9.999999999998898659e-05 6.370500342160292928e-02
9.999999999998898659e-05 7.869057237404018801e-02
2.000000000000334843e-04 9.286163150282979173e-02
3.000000000000224709e-04 1.406745951815064621e-01
2.000000000000334843e-04 6.376033539104290770e-02
9.999999999998898659e-05 2.718668430909011377e-02
9.999999999998898659e-05 5.092223335009497115e-02
9.999999999998898659e-05 4.515618135131128918e-02
2.000000000000334843e-04 6.584647903174488393e-02
2.000000000000334843e-04 7.645086492684606549e-02
9.999999999998898659e-05 7.598324438316994556e-02
9.999999999998898659e-05 5.796149215847961472e-02
1.999999999999779732e-04 5.806878878094809404e-02
9.999999999998898659e-05 2.633391292558991126e-02
9.999999999998898659e-05 3.728525262111496291e-02
2.000000000000334843e-04 1.033556278701065478e-01
9.999999999998898659e-05 4.214692253072507139e-02
1.999999999999779732e-04 1.024738870649849476e-01
9.999999999998898659e-05 6.311770008278541622e-02
1.999999999999779732e-04 7.426491995555861703e-02
9.999999999998898659e-05 5.234546631222516261e-02
2.000000000000334843e-04 1.107183225897642176e-01
9.999999999998898659e-05 2.496539399445080187e-02
9.999999999998898659e-05 6.396106670985486631e-02
9.999999999998898659e-05 4.596822716471000297e-02
1.999999999999779732e-04 1.039286363977453276e-01
2.000000000000334843e-04 1.314844354542634430e-01
9.999999999998898659e-05 2.332832012661163051e-02
2.000000000000334843e-04 9.682103135500880198e-02
9.999999999998898659e-05 4.005672254927990228e-02
1.999999999999779732e-04 1.906565829435491743e-01
1.000000000000444977e-04 6.935404931194673328e-02
2.999999999999669598e-04 1.677621025942095945e-01
3.000000000000224709e-04 1.594425200503138962e-01
9.999999999998898659e-05 8.762129481737482295e-02
9.999999999998898659e-05 2.770479294383498825e-02
9.999999999998898659e-05 3.700489056888974643e-02
1.999999999999779732e-04 7.681763618217510303e-02
9.999999999998898659e-05 6.218780403673087459e-02
9.999999999998898659e-05 2.863486269854377889e-02
1.999999999999779732e-04 7.258179746988317749e-02
2.000000000000334843e-04 1.431143602568838713e-01
9.999999999998898659e-05 7.637389031684466145e-02
1.999999999999779732e-04 2.737325287272684982e-01
9.999999999998898659e-05 3.446795650660517546e-02
5.000000000000004441e-04 1.199779031065911550e+00
1.000000000000444977e-04 2.617513043003746875e-02
2.000000000000334843e-04 1.210995680975801847e-01
1.000000000000444977e-04 3.077062308715999839e-02
9.999999999998898659e-05 6.671410943147886019e-02
2.000000000000334843e-04 8.243417726930232781e-02
1.999999999999779732e-04 1.263393618333298052e-01
1.999999999999779732e-04 9.319776238364475829e-02
2.000000000000334843e-04 5.882265445547868454e-02
9.999999999998898659e-05 3.250129308196998690e-02
1.000000000000444977e-04 2.775027746845133009e-02
9.999999999998898659e-05 2.481514285447010068e-02
9.999999999998898659e-05 4.844449923155001031e-02
9.999999999998898659e-05 5.334140237131990842e-02
9.999999999998898659e-05 2.299251896397637787e-02
9.999999999998898659e-05 6.616209410895824983e-02
2.000000000000334843e-04 7.754737723290219820e-02
9.999999999998898659e-05 4.916167643724424913e-02
2.000000000000334843e-04 1.379140996022137633e-01
9.999999999998898659e-05 3.492136571397493061e-02
2.000000000000334843e-04 8.028243010482198627e-02
9.999999999998898659e-05 2.475915010423450704e-02
9.999999999998898659e-05 4.753492969267994472e-02
9.999999999998898659e-05 3.018390983216499499e-02
1.999999999999779732e-04 8.201089030713015759e-02
2.000000000000334843e-04 9.262776879767287141e-02
1.000000000000444977e-04 3.409439120488885061e-02
2.000000000000334843e-04 4.993989292701409011e-02
1.000000000000444977e-04 5.321019158711026709e-02
1.999999999999779732e-04 1.052967810354097783e-01
9.999999999998898659e-05 3.256552772669971119e-02
1.999999999999779732e-04 8.051465404983014496e-02
1.999999999999779732e-04 6.609316473074977605e-02
9.999999999998898659e-05 3.784664793647481845e-02
1.999999999999779732e-04 7.017011188245951547e-02
9.999999999998898659e-05 3.704721805315012995e-02
9.999999999998898659e-05 5.445797796548013797e-02
1.999999999999779732e-04 5.705173610686496699e-02
9.999999999998898659e-05 5.313200612947290707e-02
9.999999999998898659e-05 4.682418920267039653e-02
9.999999999998898659e-05 5.339997982097004908e-02
1.999999999999779732e-04 7.374140869766949991e-02
9.999999999998898659e-05 5.577690495094506790e-02
1.000000000000444977e-04 2.423818892954064663e-02
9.999999999998898659e-05 2.782249553723507157e-02
1.999999999999779732e-04 8.861134582340499111e-02
1.999999999999779732e-04 1.001770310318216284e-01
9.999999999998898659e-05 4.702852453618498046e-02
2.000000000000334843e-04 1.364716127351777442e-01
1.000000000000444977e-04 4.424882689247974787e-02
1.999999999999779732e-04 9.170283656485744839e-02
1.000000000000444977e-04 2.497296922940278607e-02
1.999999999999779732e-04 1.043724944835104501e-01
9.999999999998898659e-05 2.414965076151117870e-02
9.999999999998898659e-05 2.604231668252000170e-02
1.000000000000444977e-04 4.305810903916486992e-02
9.999999999998898659e-05 2.512273544735995484e-02
9.999999999998898659e-05 3.996953356239970473e-02
9.999999999998898659e-05 2.690052998083514862e-02
2.000000000000334843e-04 7.580536300199729183e-02
9.999999999998898659e-05 3.717962614179004532e-02
1.999999999999779732e-04 1.033408301092104825e-01
2.999999999999669598e-04 1.844551541924550064e-01
9.999999999998898659e-05 9.147772754953595320e-02
1.000000000000444977e-04 3.657235941661301365e-02
2.000000000000334843e-04 7.918908744022426505e-02
2.000000000000334843e-04 1.021090078431292208e-01
9.999999999998898659e-05 3.581086576841486374e-02
1.999999999999779732e-04 7.138734031440267802e-02
9.999999999998898659e-05 2.943212363515125204e-02
9.999999999998898659e-05 2.531437737393510759e-02
9.999999999998898659e-05 4.433208270846537846e-02
1.000000000000444977e-04 3.269490118146349544e-02
9.999999999998898659e-05 8.836997521862659244e-02
2.000000000000334843e-04 7.661322410751088274e-02
9.999999999998898659e-05 3.939291241639478192e-02
1.000000000000444977e-04 6.600409839774101783e-02
9.999999999998898659e-05 2.359348913945499837e-02
5.000000000000004441e-04 5.947568804178540169e-01
9.999999999998898659e-05 3.858696791367267898e-02
7.000000000000339284e-04 2.423763395388249364e+00
1.000000000000444977e-04 2.716459802378621072e-02
1.000000000000444977e-04 7.279306146460513827e-02
9.999999999998898659e-05 5.536502107864497979e-02
3.000000000000224709e-04 1.849084540904258889e-01
2.000000000000334843e-04 9.961167573996193569e-02
9.999999999998898659e-05 4.855917587425002957e-02
9.999999999998898659e-05 3.487013526454009471e-02
1.999999999999779732e-04 8.409577460857492470e-02
9.999999999998898659e-05 3.629416052860724717e-02
2.000000000000334843e-04 5.154289867523863256e-02
9.999999999998898659e-05 2.330345135059995118e-02
1.000000000000444977e-04 7.055593806134631552e-02
1.000000000000444977e-04 2.262610040052010982e-02
9.999999999998898659e-05 5.482651864671003045e-02
9.999999999998898659e-05 4.480505730527163666e-02
1.999999999999779732e-04 9.147130542419520949e-02
9.999999999998898659e-05 7.125175242644488094e-02
9.999999999998898659e-05 2.657929197897518012e-02
9.999999999998898659e-05 3.341841950113498549e-02
1.000000000000444977e-04 2.930152803882004817e-02
1.999999999999779732e-04 7.488906151126514810e-02
9.999999999998898659e-05 3.018232055275488560e-02
1.999999999999779732e-04 8.238525689992495793e-02
2.000000000000334843e-04 7.436979730238504893e-02
1.999999999999779732e-04 1.051370825654700386e-01
1.999999999999779732e-04 7.003963779296984438e-02
9.999999999998898659e-05 4.031216758906532027e-02
9.999999999998898659e-05 8.760420919266506679e-02
9.999999999998898659e-05 3.718227975318631751e-02
9.999999999998898659e-05 2.566605832607992202e-02
2.000000000000334843e-04 1.313688909816929096e-01
9.999999999998898659e-05 6.741339930018479254e-02
9.999999999998898659e-05 3.503446436003519737e-02
9.999999999998898659e-05 3.670810158324616657e-02
9.999999999998898659e-05 5.944154158643432523e-02
2.000000000000334843e-04 6.807755123261768904e-02
9.999999999998898659e-05 3.674397103124988490e-02
9.999999999998898659e-05 2.600799814228507700e-02
1.000000000000444977e-04 5.004362297213254401e-02
9.999999999998898659e-05 3.928890041517519444e-02
9.999999999998898659e-05 4.625386360498014160e-02
1.000000000000444977e-04 2.388188010129241312e-02
1.999999999999779732e-04 1.209306057583001970e-01
9.999999999998898659e-05 3.687678382239004127e-02
9.999999999998898659e-05 4.113438325023945769e-02
2.000000000000334843e-04 7.407582939569601344e-02
2.000000000000334843e-04 5.553511177085435069e-02
9.999999999998898659e-05 4.012528603537988958e-02
2.000000000000334843e-04 1.202686501819070497e-01
1.000000000000444977e-04 2.698877862984900775e-02
9.999999999998898659e-05 7.918371620324525517e-02
9.999999999998898659e-05 3.169514636337731478e-02
9.999999999998898659e-05 7.369582255278990524e-02
2.000000000000334843e-04 1.834179935579114962e-01
9.999999999998898659e-05 3.059054406636014037e-02
1.999999999999779732e-04 8.918592335837019491e-02
2.000000000000889955e-04 5.896671025790974074e-02
1.999999999999779732e-04 7.141931176501997713e-02
9.999999999998898659e-05 4.343438168296992474e-02
1.999999999999779732e-04 6.786594828394534873e-02
1.999999999999779732e-04 7.076406150850000909e-02
1.000000000001000089e-04 6.192779095330488287e-02
9.999999999998898659e-05 6.708468267286468723e-02
1.000000000001000089e-04 4.436252837648897024e-02
1.999999999999779732e-04 4.794239017562485633e-02
9.999999999998898659e-05 6.585011061687003064e-02
1.999999999999779732e-04 7.916795004613996767e-02
9.999999999998898659e-05 7.108586431652492987e-02
2.999999999999669598e-04 1.452935194509482331e-01
9.999999999998898659e-05 4.126904696437978110e-02
1.999999999999779732e-04 7.483388162267487487e-02
9.999999999998898659e-05 5.983251009382507118e-02
1.999999999999779732e-04 1.283601926506348356e-01
9.999999999998898659e-05 3.858805253598995844e-02
9.999999999998898659e-05 4.154046093078010704e-02
9.999999999998898659e-05 9.293401743259013803e-02
1.999999999999779732e-04 6.214657148676458465e-02
1.999999999999779732e-04 4.765099775444053137e-02
3.999999999999559464e-04 1.622144563433251807e-01
1.999999999999779732e-04 9.062931597570988984e-02
1.999999999999779732e-04 8.910844569955007899e-02
9.999999999998898659e-05 6.355873509046496006e-02
9.999999999998898659e-05 8.311897472201520976e-02
9.999999999998898659e-05 6.042763602879047680e-02
1.999999999999779732e-04 8.382093122548489594e-02
2.000000000000889955e-04 9.927526053695442942e-02
9.999999999998898659e-05 2.633274342038495128e-02
2.000000000000889955e-04 1.337095337572292431e-01
1.999999999999779732e-04 7.790723150088503524e-02
9.999999999998898659e-05 2.567043508081014169e-02
9.999999999998898659e-05 8.144195007060019142e-02
9.999999999998898659e-05 4.298503944690491851e-02
1.999999999999779732e-04 1.669802921550131714e-01
1.999999999999779732e-04 1.231850716141098812e-01
9.999999999998898659e-05 3.583241684242498976e-02
1.000000000001000089e-04 4.272212712638809307e-02
9.999999999998898659e-05 6.557980335263023652e-02
9.999999999998898659e-05 2.504363481294509877e-02
9.999999999998898659e-05 3.365930759647519505e-02
9.999999999998898659e-05 2.925609882780486753e-02
2.999999999999669598e-04 3.439949891945754401e-01
9.999999999998898659e-05 4.048887399213517424e-02
1.000000000001000089e-04 6.424839117581200576e-02
2.000000000000889955e-04 1.065322084914483436e-01
9.999999999998898659e-05 2.532676525356012884e-02
9.999999999998898659e-05 4.567167022987493608e-02
1.999999999999779732e-04 1.573293053331095148e-01
1.000000000001000089e-04 4.728879423977996183e-02
1.999999999999779732e-04 7.186792724896448603e-02
2.000000000000889955e-04 1.140491146970276093e-01
1.999999999999779732e-04 1.121613438165550425e-01
9.999999999998898659e-05 5.240184036741016294e-02
1.999999999999779732e-04 1.272047961928799986e-01
1.000000000001000089e-04 4.007042613782183654e-02
2.999999999999669598e-04 8.884228552641000587e-02
9.999999999998898659e-05 3.369421050382982036e-02
9.999999999998898659e-05 6.490973711419513459e-02
9.999999999998898659e-05 2.840845326758149880e-02
9.999999999998898659e-05 3.931311171221499312e-02
1.999999999999779732e-04 1.508924908590751623e-01
1.999999999999779732e-04 8.463600722330971715e-02
9.999999999998898659e-05 3.280144536797018062e-02
1.999999999999779732e-04 5.229998563328996930e-02
9.999999999998898659e-05 2.511255059147530014e-02
1.999999999999779732e-04 9.303693430041487522e-02
1.999999999999779732e-04 1.054202882884052311e-01
1.999999999999779732e-04 6.611236243092025178e-02
9.999999999998898659e-05 3.803911860800016781e-02
9.999999999998898659e-05 4.738626802097520296e-02
9.999999999998898659e-05 4.032281926570496083e-02
4.999999999999449329e-04 1.178929578684840163e+00
3.000000000000779821e-04 1.837465665457207742e-01
1.999999999999779732e-04 1.009151536314151498e-01
1.999999999999779732e-04 1.131947307928200530e-01
9.999999999998898659e-05 3.457425019857093135e-02
1.999999999999779732e-04 5.476317703100518769e-02
9.999999999998898659e-05 4.823752237330496129e-02
2.000000000000889955e-04 7.165205836905995385e-02
9.999999999998898659e-05 4.622910858569011933e-02
9.999999999998898659e-05 5.891740854602000449e-02
9.999999999998898659e-05 3.985589209073002459e-02
9.999999999998898659e-05 5.051108253325499453e-02
9.999999999998898659e-05 4.706252004498009955e-02
1.000000000001000089e-04 2.325907981929901946e-02
1.999999999999779732e-04 1.108930029114897214e-01
9.999999999998898659e-05 5.549500665763996976e-02
2.000000000000889955e-04 5.791606639084151409e-02
9.999999999998898659e-05 6.481471287256494740e-02
9.999999999998898659e-05 3.233963307368493273e-02
9.999999999998898659e-05 6.400627249505491667e-02
9.999999999998898659e-05 9.146591742078009901e-02
9.999999999998898659e-05 4.977940264224814393e-02
9.999999999998898659e-05 4.774530948279499809e-02
9.999999999998898659e-05 4.888876966774995114e-02
9.999999999998898659e-05 7.056745540725992138e-02
3.000000000000779821e-04 9.390997892736593911e-02
9.999999999998898659e-05 6.320706344389995235e-02
9.999999999998898659e-05 8.797424510778487083e-02
9.999999999998898659e-05 3.743224629504517814e-02
9.999999999998898659e-05 2.637420698551487183e-02
9.999999999998898659e-05 2.538666383604479618e-02
1.999999999999779732e-04 5.683264023434959900e-02
9.999999999998898659e-05 5.626569504476991446e-02
1.999999999999779732e-04 6.629938865998025177e-02
1.000000000001000089e-04 5.443572354443445421e-02
9.999999999998898659e-05 6.623735608624517490e-02
3.999999999999559464e-04 1.687124519664149891e-01
1.999999999999779732e-04 8.300732796753795828e-02
9.999999999998898659e-05 2.270098198414493770e-02
9.999999999998898659e-05 2.257999543864031358e-02
9.999999999998898659e-05 6.288695397666523024e-02
1.999999999999779732e-04 7.452940257515526523e-02
9.999999999998898659e-05 2.535369095986000562e-02
1.000000000001000089e-04 3.695398374363233901e-02
9.999999999998898659e-05 5.254853399761490185e-02
2.000000000000889955e-04 1.027304282020277681e-01
9.999999999998898659e-05 4.957801127733036523e-02
9.999999999998898659e-05 5.705132057560503150e-02
9.999999999998898659e-05 3.707334208893509064e-02
9.999999999998898659e-05 3.480775803909035709e-02
9.999999999998898659e-05 2.802441694743993891e-02
1.999999999999779732e-04 7.009453698349016326e-02
1.000000000001000089e-04 2.381367764584227734e-02
9.999999999998898659e-05 3.933996316045016567e-02
1.000000000001000089e-04 4.221911196164985364e-02
9.999999999998898659e-05 2.389015761386499917e-02
9.999999999998898659e-05 3.283741735598998818e-02
9.999999999998898659e-05 4.459013063109505681e-02
9.999999999998898659e-05 7.786096514661346168e-02
2.999999999999669598e-04 1.545418892378901399e-01
9.999999999998898659e-05 6.124795876631013158e-02
9.999999999998898659e-05 2.774866908653006101e-02
9.999999999998898659e-05 6.879200845632009453e-02
1.000000000001000089e-04 6.048853265039189075e-02
2.999999999999669598e-04 1.690346549651599584e-01
1.999999999999779732e-04 7.782037681435519105e-02
1.999999999999779732e-04 5.683620216060546182e-02
9.999999999998898659e-05 3.626920079365991700e-02
1.000000000001000089e-04 3.711197256539417594e-02
1.999999999999779732e-04 1.629012413934097514e-01
9.999999999998898659e-05 2.488673048370964105e-02
1.999999999999779732e-04 6.573096943139902781e-02
9.999999999998898659e-05 2.375237122889004709e-02
1.999999999999779732e-04 1.151052647217650493e-01
1.999999999999779732e-04 8.750256028666972274e-02
2.999999999999669598e-04 2.180974839615187899e-01
9.999999999998898659e-05 5.941593545614996807e-02
9.999999999998898659e-05 6.831069962301491993e-02
9.999999999998898659e-05 4.343852127804451874e-02
1.999999999999779732e-04 1.264562515252345143e-01
9.999999999998898659e-05 2.744130981081496085e-02
9.999999999998898659e-05 6.914558553226490822e-02
1.000000000001000089e-04 2.954782298281688133e-02
9.999999999998898659e-05 3.318417787145006709e-02
9.999999999998898659e-05 4.702734182238010180e-02
9.999999999998898659e-05 3.809729205714519618e-02
1.000000000001000089e-04 2.895611625835175715e-02
9.999999999998898659e-05 7.637518716948030195e-02
2.000000000000889955e-04 1.209654293110270229e-01
9.999999999998898659e-05 5.498350570764099637e-02
9.999999999998898659e-05 2.564272121008479705e-02
9.999999999998898659e-05 2.329699406010984561e-02
9.999999999998898659e-05 2.550318451016474891e-02
9.999999999998898659e-05 3.260953511505945007e-02
9.999999999998898659e-05 2.680671919874035025e-02
1.000000000001000089e-04 2.734351577391541319e-02
9.999999999998898659e-05 3.052016298754015727e-02
1.999999999999779732e-04 5.399000934409474428e-02
9.999999999998898659e-05 6.331299611906536506e-02
1.000000000001000089e-04 3.339637019333597384e-02
1.000000000001000089e-04 3.350729928981167893e-02
1.999999999999779732e-04 1.530949878007052400e-01
2.000000000000889955e-04 1.318842334064111443e-01
1.999999999999779732e-04 1.172095229027048935e-01
9.999999999998898659e-05 3.362839502206509817e-02
2.000000000000889955e-04 7.684055527996061508e-02
9.999999999998898659e-05 3.496482231635505977e-02
9.999999999998898659e-05 4.091106165680489376e-02
9.999999999998898659e-05 5.308240963398017792e-02
1.000000000001000089e-04 4.353305308574587779e-02
3.000000000000779821e-04 1.056646988110863106e-01
9.999999999998898659e-05 3.490968907682997363e-02
9.999999999998898659e-05 3.810236194347797756e-02
9.999999999998898659e-05 4.012285300458019732e-02
2.000000000000889955e-04 1.694185566869774173e-01
9.999999999998898659e-05 2.922124278925481225e-02
1.999999999999779732e-04 5.775854280605435820e-02
9.999999999998898659e-05 3.484558712739506403e-02
9.999999999998898659e-05 7.651941273925980114e-02
2.000000000000889955e-04 8.815581076933159954e-02
3.999999999999559464e-04 3.064931535689350284e-01
9.999999999998898659e-05 6.011105729854600288e-02
1.999999999999779732e-04 8.524589272138008433e-02
2.999999999999669598e-04 1.008101342050702343e-01
4.000000000000669687e-04 1.797071097517845550e-01
1.999999999999779732e-04 1.061592146813748888e-01
9.999999999998898659e-05 4.102854670945510485e-02
2.000000000000889955e-04 6.719701734666733151e-02
9.999999999998898659e-05 3.626512715736499720e-02
1.000000000001000089e-04 3.234804966662447462e-02
9.999999999998898659e-05 2.649392361706522092e-02
1.999999999999779732e-04 1.095586425759701721e-01
5.000000000000559552e-04 3.385412246819446969e-01
9.999999999998898659e-05 6.415259498338003741e-02
1.999999999999779732e-04 1.891092418945702902e-01
9.999999999998898659e-05 5.239550646764478542e-02
2.000000000000889955e-04 6.576756359292312837e-02
9.999999999998898659e-05 2.350345747336500882e-02
1.999999999999779732e-04 5.766006757110482550e-02
1.999999999999779732e-04 1.083792757939784496e-01
1.999999999999779732e-04 8.028425202899495960e-02
9.999999999998898659e-05 2.289561837187505111e-02
9.999999999998898659e-05 3.983177956655997720e-02
1.000000000001000089e-04 3.477461807848779979e-02
1.999999999999779732e-04 1.074293108382747969e-01
9.999999999998898659e-05 3.032687253551514736e-02
2.999999999999669598e-04 1.187439052649399140e-01
9.999999999998898659e-05 2.936333163314979594e-02
9.999999999998898659e-05 4.359980726633250203e-02
9.999999999998898659e-05 4.079466496132978098e-02
9.999999999998898659e-05 2.389507987684001342e-02
9.999999999998898659e-05 3.072308564373513878e-02
9.999999999998898659e-05 6.014136093898515834e-02
9.999999999998898659e-05 4.210128483688504314e-02
9.999999999998898659e-05 4.348022013474995423e-02
2.000000000000889955e-04 6.015621392677809876e-02
2.999999999999669598e-04 1.395526687237345909e-01
2.000000000000889955e-04 1.442054838617660428e-01
1.999999999999779732e-04 5.250816174308023387e-02
9.999999999998898659e-05 4.083537830584014344e-02
9.999999999998898659e-05 2.719244607771498234e-02
1.999999999999779732e-04 7.846403236447013763e-02
9.999999999998898659e-05 3.863030276991459566e-02
9.999999999998898659e-05 2.348946945303573980e-02
1.999999999999779732e-04 7.198385054052494625e-02
3.000000000000779821e-04 2.334936521989915970e-01
9.999999999998898659e-05 3.329261610419995826e-02
9.999999999998898659e-05 6.123530692016519034e-02
9.999999999998898659e-05 4.147759177860987218e-02
1.999999999999779732e-04 9.819126606681430336e-02
9.999999999998898659e-05 3.525575951836010941e-02
1.999999999999779732e-04 1.048684168294746061e-01
1.999999999999779732e-04 5.529240155478191976e-02
9.999999999998898659e-05 5.882485323580993047e-02
1.999999999999779732e-04 7.912593948495560969e-02
1.999999999999779732e-04 1.155802423138207885e-01
1.999999999999779732e-04 7.065714017445556827e-02
1.000000000001000089e-04 6.230195669492542138e-02
9.999999999998898659e-05 3.696713641013477797e-02
1.999999999999779732e-04 9.532240238876044103e-02
9.999999999998898659e-05 2.811454918032449748e-02
9.999999999998898659e-05 3.457594255564491736e-02
4.000000000000669687e-04 1.508004511599507214e-01
1.999999999999779732e-04 1.170952862943004380e-01
9.999999999998898659e-05 8.818291004903523744e-02
9.999999999998898659e-05 2.516419806971039591e-02
9.999999999998898659e-05 2.729899113152486553e-02
2.000000000000889955e-04 5.896628521622976349e-02
1.999999999999779732e-04 6.985721782056493467e-02
9.999999999998898659e-05 5.251342458302973859e-02
9.999999999998898659e-05 3.180256614868171711e-02
2.999999999999669598e-04 8.801213925718015529e-02
9.999999999998898659e-05 3.170285211249553037e-02
9.999999999998898659e-05 4.534180165004482455e-02
2.000000000000889955e-04 1.076983162678544492e-01
1.999999999999779732e-04 6.674990058724462882e-02
1.999999999999779732e-04 6.162280313618005712e-02
3.000000000000779821e-04 1.010293167785419333e-01
1.999999999999779732e-04 1.519147196662492261e-01
2.000000000000889955e-04 5.751521028653939355e-02
1.999999999999779732e-04 9.340253355525991730e-02
9.999999999998898659e-05 3.263584096090021286e-02
9.999999999998898659e-05 4.207927798491482851e-02
1.999999999999779732e-04 1.030832289760294923e-01
1.999999999999779732e-04 4.792107774261984698e-02
1.999999999999779732e-04 8.943556872790028867e-02
9.999999999998898659e-05 5.399306343858466944e-02
9.999999999998898659e-05 2.603460666415526037e-02
9.999999999998898659e-05 3.883885946062955175e-02
9.999999999998898659e-05 2.643732781768012505e-02
9.999999999998898659e-05 3.151887140942506715e-02
2.000000000000889955e-04 8.508054294086112024e-02
1.999999999999779732e-04 6.751276593175992158e-02
1.000000000001000089e-04 2.713215058241788546e-02
9.999999999998898659e-05 3.394492333320985045e-02
1.999999999999779732e-04 9.430930410433518984e-02
9.999999999998898659e-05 6.299376912323965960e-02
9.999999999998898659e-05 3.699837537395535281e-02
9.999999999998898659e-05 3.815110955038015367e-02
4.999999999999449329e-04 1.652585583250456569e-01
1.000000000001000089e-04 4.333665295974938741e-02
1.999999999999779732e-04 1.796997616210306847e-01
1.999999999999779732e-04 1.001680059964265290e-01
1.000000000001000089e-04 7.654508142110078017e-02
9.999999999998898659e-05 2.390403266849962585e-02
9.999999999998898659e-05 3.148025988067000569e-02
9.999999999998898659e-05 7.884087783369510272e-02
9.999999999998898659e-05 2.997499064762011722e-02
1.999999999999779732e-04 1.152473601351838017e-01
9.999999999998898659e-05 2.918733795963022667e-02
9.999999999998898659e-05 6.181251825869996108e-02
9.999999999998898659e-05 2.879700175854533334e-02
9.999999999998898659e-05 2.464505406520530947e-02
1.999999999999779732e-04 9.001973099981433468e-02
9.999999999998898659e-05 8.151138723785528173e-02
2.000000000000889955e-04 9.251505516484884173e-02
1.999999999999779732e-04 1.157348577842192694e-01
9.999999999998898659e-05 5.985446286394503768e-02
9.999999999998898659e-05 7.994973070049520014e-02
9.999999999998898659e-05 4.685682631826523781e-02
9.999999999998898659e-05 2.754735310310521892e-02
1.999999999999779732e-04 1.231372922442052209e-01
9.999999999998898659e-05 5.008609197379513406e-02
1.999999999999779732e-04 9.688116324391436718e-02
9.999999999998898659e-05 5.093454263519000408e-02
9.999999999998898659e-05 3.411235186501532235e-02
2.000000000000889955e-04 1.120345533390194048e-01
9.999999999998898659e-05 7.991975514060498109e-02
9.999999999998898659e-05 4.843806102601459773e-02
2.000000000000889955e-04 9.585257970300017916e-02
9.999999999998898659e-05 4.733390741529971968e-02
9.999999999998898659e-05 3.893948744718007948e-02
1.999999999999779732e-04 1.024657298280508139e-01
9.999999999998898659e-05 4.054072902003853784e-02
9.999999999998898659e-05 3.735943173738512368e-02
9.999999999998898659e-05 2.970632356859532683e-02
1.999999999999779732e-04 1.181958404909303484e-01
1.999999999999779732e-04 6.023653650710467100e-02
9.999999999998898659e-05 9.314104787098505256e-02
9.999999999998898659e-05 3.577295139739514185e-02
9.999999999998898659e-05 4.965143855064487605e-02
9.999999999998898659e-05 7.432367395176024683e-02
9.999999999998898659e-05 4.393215253223486938e-02
9.999999999998898659e-05 5.510130630322503803e-02
9.999999999998898659e-05 2.300700615148999761e-02
1.999999999999779732e-04 1.081184464594852207e-01
4.000000000000669687e-04 4.320653156349802404e-01
9.999999999998898659e-05 5.213348571422510291e-02
9.999999999998898659e-05 3.376485252164012490e-02
9.999999999998898659e-05 4.145665447923509161e-02
9.999999999998898659e-05 9.202689567950006477e-02
9.999999999998898659e-05 2.799641930172457396e-02
1.999999999999779732e-04 1.545995480666709221e-01
2.999999999999669598e-04 2.384279005963551024e-01
1.000000000001000089e-04 2.516288179821755955e-02
2.000000000000889955e-04 7.676887394827418276e-02
9.999999999998898659e-05 3.084121684554981188e-02
9.999999999998898659e-05 4.251796037453973304e-02
9.999999999998898659e-05 2.802800897435500302e-02
9.999999999998898659e-05 3.620244640747006387e-02
3.999999999999559464e-04 1.845099496917603221e-01
1.000000000001000089e-04 2.312681645844807607e-02
9.999999999998898659e-05 3.914325183047991097e-02
9.999999999998898659e-05 4.271165972892997792e-02
9.999999999998898659e-05 6.409118607672993628e-02
9.999999999998898659e-05 9.155097079495000401e-02
9.999999999998898659e-05 7.406580884907509876e-02
2.000000000000889955e-04 8.146101842218556044e-02
9.999999999998898659e-05 4.505519957154514865e-02
9.999999999998898659e-05 3.976553119841990530e-02
1.999999999999779732e-04 8.889792711794000657e-02
2.000000000000889955e-04 6.888209927026434087e-02
1.999999999999779732e-04 8.321068990529012499e-02
9.999999999998898659e-05 3.161799257147010489e-02
2.000000000000889955e-04 1.915258874453691362e-01
9.999999999998898659e-05 2.506400711382972615e-02
1.000000000001000089e-04 4.997809848178526998e-02
9.999999999998898659e-05 3.382263836290976683e-02
1.999999999999779732e-04 1.358346423688144289e-01
2.999999999999669598e-04 2.504735916123951300e-01
9.999999999998898659e-05 5.519221281456495459e-02
1.999999999999779732e-04 1.000958627138700541e-01
9.999999999998898659e-05 3.157768734607868666e-02
1.999999999999779732e-04 7.893498504331987464e-02
9.999999999998898659e-05 2.282092942600032551e-02
1.999999999999779732e-04 1.349268898725444754e-01
1.000000000001000089e-04 3.276975136893746365e-02
9.999999999998898659e-05 1.078083354105599384e-01
1.999999999999779732e-04 1.077515401298181630e-01
9.999999999998898659e-05 2.415751300168510543e-02
2.999999999999669598e-04 1.027641862883552221e-01
9.999999999998898659e-05 2.552449410536983959e-02
9.999999999998898659e-05 2.399952320159999888e-02
9.999999999998898659e-05 6.349734957811006830e-02
1.999999999999779732e-04 8.978475855179487986e-02
2.000000000000889955e-04 9.828233593959986858e-02
1.999999999999779732e-04 6.402385888924531920e-02
1.999999999999779732e-04 8.437802957371476342e-02
9.999999999998898659e-05 3.293441694170033684e-02
1.999999999999779732e-04 1.176947791569500079e-01
9.999999999998898659e-05 7.496669675645982467e-02
9.999999999998898659e-05 2.257253444773529502e-02
9.999999999998898659e-05 2.861713529637539485e-02
9.999999999998898659e-05 4.260996654462509414e-02
1.000000000001000089e-04 2.262023402422425750e-02
9.999999999998898659e-05 5.116686684485485109e-02
9.999999999998898659e-05 3.305821468413486924e-02
2.000000000000889955e-04 8.016021140144059809e-02
1.999999999999779732e-04 9.861972226073018044e-02
4.999999999999449329e-04 7.959093593626951346e-01
9.999999999998898659e-05 5.800737304210467488e-02
1.999999999999779732e-04 6.374336390494525495e-02
9.999999999998898659e-05 2.603548391461485770e-02
9.999999999998898659e-05 7.336589878149527011e-02
2.000000000000889955e-04 1.155409442380925245e-01
9.999999999998898659e-05 4.043383963513506874e-02
9.999999999998898659e-05 3.683245101063033905e-02
1.999999999999779732e-04 9.018908035675547719e-02
1.000000000001000089e-04 2.464148046478830539e-02
1.999999999999779732e-04 1.435948723995601473e-01
1.999999999999779732e-04 1.226159334206351204e-01
2.000000000000889955e-04 1.565512753271772195e-01
9.999999999998898659e-05 4.827468566528018978e-02
1.999999999999779732e-04 1.502210050890324111e-01
1.999999999999779732e-04 1.144734510025452734e-01
9.999999999998898659e-05 4.025406899238980624e-02
9.999999999998898659e-05 3.026751497796134269e-02
9.999999999998898659e-05 2.876518761903982396e-02
9.999999999998898659e-05 3.520533419186989282e-02
9.999999999998898659e-05 2.579451633649084905e-02
1.999999999999779732e-04 1.010480737433053638e-01
2.000000000000889955e-04 6.070921187494542764e-02
9.999999999998898659e-05 6.061523376556493536e-02
1.999999999999779732e-04 9.393851352671465926e-02
9.999999999998898659e-05 6.846884075175012352e-02
2.000000000000889955e-04 6.377553907151126134e-02
9.999999999998898659e-05 3.186336029198477693e-02
9.999999999998898659e-05 4.913888324703007127e-02
9.999999999998898659e-05 4.867393052406523979e-02
1.999999999999779732e-04 1.039103242891951800e-01
2.000000000000889955e-04 9.455249415733409102e-02
9.999999999998898659e-05 3.428766509229958653e-02
9.999999999998898659e-05 3.314426451164980553e-02
2.000000000000889955e-04 8.087922513715645190e-02
2.999999999999669598e-04 1.462144205435502164e-01
1.000000000001000089e-04 2.425622507497052910e-02
2.999999999999669598e-04 1.432415789357501801e-01
1.999999999999779732e-04 1.236952418496401335e-01
1.999999999999779732e-04 8.986390010389978811e-02
9.999999999998898659e-05 4.225230180245496958e-02
1.999999999999779732e-04 1.136378099944051756e-01
9.999999999998898659e-05 2.747570122403510465e-02
9.999999999998898659e-05 5.153830863298004133e-02
1.999999999999779732e-04 1.325214504407900284e-01
9.999999999998898659e-05 5.808163932190997525e-02
9.999999999998898659e-05 4.491873783680508381e-02
2.000000000000889955e-04 8.451626362250019842e-02
1.999999999999779732e-04 9.121491550041514740e-02
1.999999999999779732e-04 6.430938211000049309e-02
9.999999999998898659e-05 2.627975860859371043e-02
3.000000000000779821e-04 9.486170146798617031e-02
9.999999999998898659e-05 3.582714118543013637e-02
1.999999999999779732e-04 7.896771870491978151e-02
1.999999999999779732e-04 8.860236797959958333e-02
9.999999999998898659e-05 4.256944190742509987e-02
9.999999999998898659e-05 3.887508788305284874e-02
1.999999999999779732e-04 9.021438431983504203e-02
1.999999999999779732e-04 1.592633522759154541e-01
5.999999999999339195e-04 3.161940398213454184e-01
1.999999999999779732e-04 1.698769440879101533e-01
1.999999999999779732e-04 1.448964953051702365e-01
1.999999999999779732e-04 6.810347138961000968e-02
9.999999999998898659e-05 5.853834081299492953e-02
3.000000000000779821e-04 1.201622727837548810e-01
1.999999999999779732e-04 5.665673522243500071e-02
1.999999999999779732e-04 6.797785983785503694e-02
9.999999999998898659e-05 7.067672404462504998e-02
1.999999999999779732e-04 1.177059045811497950e-01
9.999999999998898659e-05 5.772611128357003213e-02
9.999999999998898659e-05 3.688588352936488651e-02
9.999999999998898659e-05 2.264844223016521801e-02
1.999999999999779732e-04 1.184181442403751672e-01
1.999999999999779732e-04 6.693385902510480545e-02
1.999999999999779732e-04 1.345820072653402533e-01
2.000000000000889955e-04 1.016884316022199641e-01
2.999999999999669598e-04 1.333771503731099317e-01
9.999999999998898659e-05 3.280517469492499893e-02
2.999999999999669598e-04 1.144756032917098598e-01
2.000000000000889955e-04 1.181004371706342593e-01
1.000000000001000089e-04 5.024396812111631139e-02
9.999999999998898659e-05 3.679237896352000742e-02
1.999999999999779732e-04 9.401279755491033507e-02
2.999999999999669598e-04 9.930737074332371406e-02
2.000000000000889955e-04 1.071503757957183722e-01
9.999999999998898659e-05 3.338365408813002283e-02
1.000000000001000089e-04 3.680550652434583236e-02
1.999999999999779732e-04 1.333399111934601700e-01
9.999999999998898659e-05 4.076112746377990453e-02
1.999999999999779732e-04 8.894204512926992545e-02
1.999999999999779732e-04 5.354893552590994643e-02
9.999999999998898659e-05 4.615891744030487659e-02
1.999999999999779732e-04 8.306503809261497895e-02
9.999999999998898659e-05 2.567740881059006955e-02
1.999999999999779732e-04 1.160780602234098707e-01
9.999999999998898659e-05 3.837363814805008072e-02
9.999999999998898659e-05 4.957392737581994835e-02
1.999999999999779732e-04 8.991002453582014331e-02
1.999999999999779732e-04 1.049348333372400605e-01
9.999999999998898659e-05 4.293706788516483269e-02
1.999999999999779732e-04 5.670004864499017527e-02
1.999999999999779732e-04 6.551768717648016882e-02
9.999999999998898659e-05 8.967407923336481734e-02
9.999999999998898659e-05 3.914733974810356842e-02
9.999999999998898659e-05 4.571989474377011198e-02
9.999999999998898659e-05 7.404516986745023066e-02
9.999999999998898659e-05 3.929608327882019164e-02
9.999999999998898659e-05 4.290726702493011940e-02
9.999999999998898659e-05 6.023756049950489133e-02
9.999999999998898659e-05 1.050893062423451513e-01
1.999999999999779732e-04 8.683128374249998727e-02
2.000000000000889955e-04 1.590759823819907770e-01
9.999999999998898659e-05 2.265859276037522976e-02
9.999999999998898659e-05 2.355247211185482886e-02
9.999999999998898659e-05 4.295190894287006372e-02
9.999999999998898659e-05 2.306447807951991086e-02
1.000000000001000089e-04 4.862461604620099687e-02
