# size duration
6.000000000000005329e-03 3.695626499834973600e-01
2.399999999999985478e-03 8.533448693889758574e-02
7.999999999999951594e-04 2.113244947895055043e-02
6.800000000000000488e-03 2.599484812429743719e-01
1.200000000000001066e-02 5.833788217526664210e-01
2.040000000000002922e-02 1.008942976118171853e+00
2.400000000000013234e-03 7.794713764310240434e-02
2.399999999999957723e-03 1.292185380051217303e-01
2.400000000000013234e-03 7.438019569421119859e-02
7.200000000000039702e-03 3.807818509005252428e-01
3.599999999999992095e-03 1.357259086642869927e-01
6.000000000000005329e-03 2.454101960023736539e-01
2.399999999999957723e-03 8.928291619947903435e-02
4.400000000000015010e-03 2.033633786180754077e-01
2.000000000000001776e-03 5.907072291459513486e-02
5.599999999999993872e-03 2.505435992934569311e-01
4.000000000000114575e-04 9.947213686190219117e-03
1.199999999999978861e-03 4.789124725126802512e-02
4.000000000000003553e-03 1.719287280028291287e-01
4.000000000000114575e-04 9.958428987059881818e-03
4.000000000000114575e-04 1.099813645642966180e-02
3.599999999999992095e-03 1.654173918926653275e-01
1.599999999999990319e-03 4.582315038331546964e-02
1.200000000000034373e-03 3.747667674474976229e-02
1.199999999999978861e-03 3.143865796962008741e-02
1.599999999999990319e-03 6.606415001020113364e-02
1.599999999999990319e-03 6.172627637910976794e-02
1.599999999999990319e-03 4.509531176172060923e-02
4.000000000000114575e-04 1.044546104841458968e-02
1.599999999999990319e-03 6.847130443407414835e-02
8.000000000000229150e-04 2.389776228694022453e-02
1.599999999999990319e-03 6.260680491577810813e-02
1.199999999999978861e-03 4.166063936327519396e-02
1.599999999999990319e-03 7.161144461205491696e-02
2.000000000000001776e-03 7.932840827299443565e-02
3.199999999999980638e-03 1.098752823351849400e-01
1.200000000000034373e-03 4.960785317180595178e-02
8.000000000000229150e-04 2.671642858607523735e-02
2.400000000000013234e-03 9.608548216635035000e-02
4.000000000000003553e-03 2.003514679575257862e-01
3.999999999999559464e-04 1.153803611205458067e-02
1.600000000000045830e-03 4.847233014342521712e-02
1.599999999999990319e-03 6.511598947746141675e-02
2.000000000000001776e-03 6.947085390271941219e-02
1.599999999999934808e-03 7.667790457582998598e-02
2.000000000000001776e-03 1.060589464467773663e-01
8.000000000000229150e-04 2.406003209213441324e-02
1.199999999999978861e-03 4.458527978117834967e-02
8.000000000000229150e-04 2.137748363118404174e-02
1.199999999999978861e-03 4.031904051887135604e-02
1.600000000000045830e-03 5.185246625237163731e-02
8.000000000000229150e-04 2.143984268774643334e-02
4.000000000000669687e-04 1.153831951571676097e-02
3.599999999999936584e-03 1.767318105829044916e-01
1.199999999999978861e-03 4.262351721665517956e-02
1.199999999999978861e-03 3.688083864649550209e-02
2.000000000000001776e-03 1.349427634844387602e-01
1.199999999999978861e-03 4.173353646922346727e-02
1.199999999999978861e-03 4.401461756975239004e-02
1.199999999999978861e-03 3.456275562062453843e-02
2.800000000000024691e-03 1.513401271625308964e-01
8.000000000000229150e-04 2.241900900925040269e-02
2.800000000000024691e-03 1.487332436831202975e-01
1.199999999999978861e-03 3.752100168153352233e-02
2.799999999999913669e-03 1.495090376406766897e-01
8.000000000000229150e-04 2.459921970729376031e-02
2.000000000000001776e-03 8.898180333535075925e-02
1.200000000000089884e-03 4.932670923101199756e-02
2.000000000000001776e-03 1.020505535634130961e-01
8.000000000000229150e-04 2.991090615898740757e-02
1.600000000000045830e-03 5.523133220764574192e-02
1.199999999999978861e-03 3.699473528913884562e-02
1.199999999999978861e-03 4.212814201625919575e-02
2.000000000000001776e-03 8.654001125439661490e-02
8.000000000000229150e-04 2.528092249057214622e-02
1.200000000000089884e-03 4.529132201633255528e-02
4.000000000000003553e-03 1.731758321009501389e-01
3.999999999999559464e-04 1.094707705990319822e-02
1.199999999999978861e-03 4.778461178759260686e-02
4.000000000000669687e-04 1.051636785698641281e-02
2.400000000000068745e-03 1.295874142399519313e-01
2.800000000000024691e-03 1.246060109048105491e-01
8.000000000000229150e-04 2.412721769108399500e-02
1.599999999999934808e-03 7.611639528820206280e-02
