# size duration
2.999999999999998224e-01 7.201862056357433151e-01
1.300000000000003375e-01 3.045605186755657168e-01
9.500000000000019540e-02 1.888447909255185908e-01
1.314999999999999947e+00 3.960067001603131409e+00
1.600000000000001421e-01 2.862583434546906447e-01
1.799999999999997158e-01 4.452188964402251092e-01
4.499999999999992895e-02 7.034371648909483465e-02
6.500000000000039080e-02 1.312385319693425423e-01
7.500000000000017764e-02 1.528234662311846181e-01
6.999999999999939604e-02 1.103969400650689631e-01
7.000000000000028422e-02 1.312351951089172630e-01
2.499999999999946709e-02 3.221165255302923386e-02
6.500000000000039080e-02 9.711020294481428894e-02
2.499999999999946709e-02 3.192670961271221880e-02
5.500000000000060396e-02 9.626862815588040079e-02
2.500000000000035527e-02 3.090418998297181016e-02
4.999999999999982236e-02 7.574703823228258470e-02
9.999999999999786837e-03 1.203446650660541101e-02
7.499999999999928946e-02 1.695263811859917258e-01
5.000000000000071054e-02 6.325767045220830054e-02
2.999999999999936051e-02 3.951141061715277014e-02
2.999999999999936051e-02 4.073382785828007918e-02
6.499999999999950262e-02 1.446049084840386467e-01
5.000000000000071054e-02 8.736583480196011275e-02
6.500000000000127898e-02 1.335799697608820447e-01
7.499999999999928946e-02 1.635278290729101913e-01
9.999999999999786837e-03 1.202096671645906494e-02
2.000000000000135003e-02 2.409894744663850646e-02
5.499999999999971578e-02 8.981695274849336996e-02
3.500000000000014211e-02 5.479457526873231926e-02
6.000000000000049738e-02 1.141537698721857841e-01
5.499999999999971578e-02 1.032113890918111010e-01
5.999999999999872102e-02 8.458099116641440429e-02
