# size duration
1.099999999999989875e-03 1.608400423154264125e+00
7.000000000000061728e-04 7.951828129278844248e-02
3.700000000000008837e-03 3.374800628394928559e+00
7.000000000000061728e-04 7.644020166770222613e-02
1.059999999999999831e-02 8.538107958105760176e+00
5.500000000000004885e-03 2.270128868239303266e+00
2.999999999999669598e-04 1.951858976808037993e-02
5.999999999999894307e-04 4.170495174372131769e-02
5.999999999999339195e-04 4.162684805045042263e-02
3.000000000000779821e-04 1.929488064831185248e-02
7.700000000000040146e-03 2.664352595513425737e+00
7.000000000000339284e-04 5.795144669404294485e-02
6.999999999999229061e-04 5.367461914965087483e-02
9.199999999999985967e-03 2.136266558594890341e+00
4.500000000000059508e-03 9.827403687208089433e-01
6.999999999999229061e-04 5.427549240602514563e-02
8.000000000000229150e-04 7.062397958772369255e-02
6.000000000000449418e-04 4.682542270493297853e-02
2.999999999999669598e-04 1.931525588024565754e-02
1.200000000000089884e-03 1.824511498331094772e-01
5.199999999999982414e-03 1.708707107907492917e+00
7.000000000000339284e-04 5.008011221152283005e-02
5.999999999999339195e-04 4.196017512394403098e-02
1.999999999999779732e-04 1.173375925265007086e-02
9.999999999998898659e-05 5.919891423709926562e-03
7.400000000000073186e-03 2.251458274835183904e+00
1.599999999999934808e-03 1.665498782764022190e-01
1.700000000000034817e-03 3.205210406128346512e-01
