# theta phi size
1.151240618113193364e+02 1.350200714935982127e+01 3.000000000000000000e+00
-1.770877318737536399e+01 6.306796679842237552e+01 2.000000000000000000e+00
-4.209702058091644972e+01 8.773908430495785282e+00 5.000000000000000000e+00
-1.896601112626521868e+01 9.208400423349860375e+01 4.000000000000000000e+00
9.685756906882649275e+01 9.818836245689779219e+01 3.000000000000000000e+00
-9.112421457848338946e+01 1.566153459734545095e+02 2.000000000000000000e+00
-6.487593818868067785e+01 1.664979928506401734e+02 2.000000000000000000e+00
1.622912268126246431e+02 1.169320332015776245e+02 3.000000000000000000e+00
1.379029794190835503e+02 1.712260915695042343e+02 3.000000000000000000e+00
1.610339888737347849e+02 8.791599576650138204e+01 1.300000000000000000e+01
-8.314243093117350725e+01 8.181163754310223624e+01 2.000000000000000000e+00
8.887578542151661054e+01 2.338465402654551184e+01 2.000000000000000000e+00
-9.144215013648390311e+01 1.679922810974042306e+02 4.000000000000000000e+00
-5.975412841413758258e+01 1.156376670305467336e+01 9.000000000000000000e+00
6.655205770554481148e+01 1.070317191363324660e+01 3.000000000000000000e+00
-4.957928776060408183e+01 1.513794291361180733e+01 5.000000000000000000e+00
-6.772168705468267547e+01 7.487533961775581304e+01 4.000000000000000000e+00
8.950991482318492842e+01 1.036066766986256056e+02 2.000000000000000000e+00
-1.159502174541553927e+02 8.894241884565305156e+01 2.000000000000000000e+00
1.319936072521774406e+02 9.007616106490984009e+01 5.000000000000000000e+00
-2.544538898293781415e+01 7.187675521492577957e+01 2.000000000000000000e+00
-1.217005480921764615e+02 8.992647998987872882e+01 3.000000000000000000e+00
-3.112457741266603506e+01 7.149156823215783163e+00 2.000000000000000000e+00
8.718335432568470367e+01 1.655027860659793362e+02 6.000000000000000000e+00
6.170199204088758904e+01 1.220121257683398284e+02 2.000000000000000000e+00
-1.205825948303405539e+02 9.203901287058968705e+01 2.000000000000000000e+00
-7.908818064308458418e+01 6.814301565201638766e+01 2.000000000000000000e+00
-9.212933236793251979e+01 1.003804621358389397e+02 2.000000000000000000e+00
1.448396346214344703e+02 8.397038711824994550e+01 3.000000000000000000e+00
-7.208719704185575949e+00 1.232132815332765432e+02 5.000000000000000000e+00
-1.552411753770472274e+02 1.216249271250986226e+02 2.000000000000000000e+00
8.855784986351609689e+01 1.200771890259576224e+01 2.000000000000000000e+00
1.202458715858624316e+02 1.684362332969453462e+02 1.200000000000000000e+01
-1.134479422944551885e+02 1.692968280863667871e+02 7.000000000000000000e+00
1.304207122393959253e+02 1.648620570863881767e+02 2.000000000000000000e+00
1.122783129453173245e+02 1.051246603822441870e+02 2.000000000000000000e+00
-9.049008517681505737e+01 7.639332330137439442e+01 2.000000000000000000e+00
6.404978254584459307e+01 9.105758115434694844e+01 2.000000000000000000e+00
-4.800639274782255939e+01 8.992383893509015991e+01 3.000000000000000000e+00
1.545546110170622001e+02 1.081232447850742346e+02 2.700000000000000000e+01
5.829945190782355269e+01 9.007352001012129961e+01 3.000000000000000000e+00
1.488754225873339578e+02 1.728508431767842239e+02 4.000000000000000000e+00
-9.281664567431529633e+01 1.449721393402066738e+01 2.000000000000000000e+00
-1.182980079591124110e+02 5.798787423166018584e+01 2.000000000000000000e+00
5.941740516965944607e+01 8.796098712941029873e+01 2.000000000000000000e+00
1.009118193569154442e+02 1.118569843479836123e+02 3.000000000000000000e+00
8.787066763206746600e+01 7.961953786416106027e+01 2.000000000000000000e+00
-3.516036537856554389e+01 9.602961288175006871e+01 3.000000000000000000e+00
1.727912802958144312e+02 5.678671846672347101e+01 2.000000000000000000e+00
2.475882462295277264e+01 5.837507287490137031e+01 2.000000000000000000e+00
-1.025962760579145936e+02 1.000885464467839938e+02 2.000000000000000000e+00
6.956291874666777630e+01 1.643177544108114603e+02 7.000000000000000000e+00
1.421694793500354308e+02 9.017508847245305503e+01 7.000000000000000000e+00
-8.682683645562947561e+01 8.410279938952696455e+01 2.000000000000000000e+00
-1.794121615608567879e+02 2.006769603895122600e+01 1.200000000000000000e+01
1.454630582609019598e+02 1.351131050122160673e+02 6.000000000000000000e+00
1.474507797614054141e+02 1.249434537063686008e+02 2.000000000000000000e+00
1.283031603849864837e+02 8.760585687189478676e+01 3.000000000000000000e+00
-8.817650549351007783e+01 3.622983191656976487e+01 4.000000000000000000e+00
-8.849571915648755294e+01 1.738342132608024428e+02 3.000000000000000000e+00
4.497966042384747709e+01 8.619830360159348004e+01 2.000000000000000000e+00
1.606296115368602386e+02 5.071946549155528317e+01 1.400000000000000000e+01
1.180088541290410404e+02 1.092791860349828426e+02 2.000000000000000000e+00
8.953513272464171280e+01 8.803590214226498745e+01 2.000000000000000000e+00
5.291955397944647643e+01 8.811669723347759486e+01 2.000000000000000000e+00
5.075658767495582424e+01 1.144497290770445801e+02 2.000000000000000000e+00
5.506222931194758274e+01 1.232622744843678646e+02 2.700000000000000000e+01
-3.855077555274253598e+01 6.464349372222653756e+01 4.000000000000000000e+00
-1.255903890057301169e+02 1.109653848075297020e+02 2.000000000000000000e+00
1.415061273072476524e+02 6.444699609524194273e+01 4.000000000000000000e+00
7.457172473143180014e+01 8.325692057042847694e+01 2.000000000000000000e+00
1.471779859468861105e+02 9.000000000000000000e+01 5.000000000000000000e+00
-1.178863031607749292e+02 1.254722747103357960e+02 2.000000000000000000e+00
7.740372394208540641e+01 7.991145355321602040e+01 3.000000000000000000e+00
-1.104370812533322237e+02 1.568224558918853617e+01 2.000000000000000000e+00
-3.783052064996456920e+01 8.982491152754694497e+01 3.000000000000000000e+00
9.317316354437052439e+01 9.589720061047303545e+01 3.000000000000000000e+00
5.878384391432175393e-01 1.599323039610488024e+02 2.000000000000000000e+00
-3.453694173909804732e+01 4.488689498778393983e+01 3.000000000000000000e+00
-3.254922023859459301e+01 5.505654629363140629e+01 2.000000000000000000e+00
-5.169683961501350211e+01 9.239414312810522745e+01 6.000000000000000000e+00
9.182349450648993638e+01 1.437701680834302351e+02 6.000000000000000000e+00
9.150428084351244706e+01 6.165786739197590904e+00 2.000000000000000000e+00
-1.350203395761525371e+02 9.380169639840651996e+01 9.000000000000000000e+00
-1.937038846313978624e+01 1.292805345084447310e+02 2.000000000000000000e+00
-6.199114587095895956e+01 7.072081396501715744e+01 6.000000000000000000e+00
-9.046486727535828720e+01 9.196409785773504098e+01 7.000000000000000000e+00
-1.270804460205535236e+02 9.188330276652241935e+01 2.000000000000000000e+00
-1.292434123250441758e+02 6.555027092295543412e+01 2.000000000000000000e+00
-1.249377706880524244e+02 5.673772551563213540e+01 2.000000000000000000e+00
1.414492244472574782e+02 1.153565062777734624e+02 3.000000000000000000e+00
5.440961099426986891e+01 6.903461519247029798e+01 2.000000000000000000e+00
-3.849387269275235468e+01 1.155530039047580715e+02 3.000000000000000000e+00
-1.054282752685682141e+02 9.674307942957152306e+01 5.000000000000000000e+00
-3.282201405311389664e+01 9.000000000000000000e+01 4.000000000000000000e+00
6.211369683922507789e+01 5.452772528966423238e+01 2.000000000000000000e+00
-1.796683967996220304e+02 8.811066008126984173e+01 3.000000000000000000e+00
8.885551980093373459e+01 1.347146712485076137e+02 1.000000000000000000e+01
-9.016968360732164456e+01 1.770618518106473687e+02 2.000000000000000000e+00
-1.207212391832498781e+02 9.104524770730340322e+01 1.100000000000000000e+01
-5.850774479426024755e+01 9.437467112438068284e+01 2.000000000000000000e+00
9.270958569621691936e+01 4.437592369871474318e+00 2.500000000000000000e+01
-3.040603199785341459e+01 5.876433120842618152e+00 3.000000000000000000e+00
4.857669823704574696e+01 3.811222088710157863e+01 3.000000000000000000e+00
9.404875456514967880e+01 1.792019878285398988e+02 5.000000000000000000e+00
1.105461205899225945e+02 4.674179987377880252e+01 2.000000000000000000e+00
-8.806277659602992003e+01 2.439591309271986574e+01 2.000000000000000000e+00
4.812250358650985760e+01 6.383399954060186587e+01 2.000000000000000000e+00
1.782686739262133813e+02 9.000202145650162322e+01 2.000000000000000000e+00
1.196240307939077354e+02 6.961274890442190610e+01 2.000000000000000000e+00
1.422151313808151372e+02 1.733470192971822428e+02 2.000000000000000000e+00
-1.350011274822226710e+02 8.882563152988562649e+01 2.000000000000000000e+00
1.022115368910240960e+02 1.746514664449599934e+02 2.000000000000000000e+00
-2.888103368049644626e+00 9.194370640887622415e+01 3.000000000000000000e+00
-1.351057343858818172e+02 9.263760995005368670e+01 3.000000000000000000e+00
6.053667540399816005e+01 7.074337160049940110e+01 2.000000000000000000e+00
1.100954164928036931e+02 1.390397794972728036e+02 2.000000000000000000e+00
-8.702409190173958109e+01 8.825801826617347956e+01 2.000000000000000000e+00
-1.791484661346683254e+02 1.012859344798913952e+02 2.000000000000000000e+00
4.930445425936002124e+01 1.083131265617932542e+02 2.000000000000000000e+00
2.891031182480308459e+01 6.831389033590463100e+01 2.000000000000000000e+00
-1.386434694159505341e+02 1.023342525224096278e+01 2.000000000000000000e+00
9.519290865212046526e+01 5.115376474181020683e+01 3.000000000000000000e+00
-1.468390358100191975e+02 5.977573141199496121e+01 3.000000000000000000e+00
-5.110270352242904579e+01 6.591395895138973060e+01 3.000000000000000000e+00
2.908011638338316374e+01 1.017843990241141228e+02 2.000000000000000000e+00
-1.142809230623146632e+01 9.978211419770278212e+01 3.000000000000000000e+00
3.316032003779871284e-01 9.188933991873015827e+01 2.000000000000000000e+00
-9.114448019906629384e+01 4.528532875149238635e+01 3.000000000000000000e+00
8.983031639267836965e+01 2.938148189352646433e+00 2.000000000000000000e+00
5.927876081675011477e+01 8.895475229269659678e+01 3.000000000000000000e+00
1.214922552057397525e+02 8.562532887561933137e+01 2.000000000000000000e+00
-8.729041430378309485e+01 1.755624076301285186e+02 6.000000000000000000e+00
1.495939680021465961e+02 1.741235668791573801e+02 2.000000000000000000e+00
-1.314233017629542815e+02 1.418877791128984143e+02 2.000000000000000000e+00
-8.595124543485034962e+01 7.980121714601317029e-01 2.000000000000000000e+00
-6.945387941007740551e+01 1.332582001262212259e+02 2.000000000000000000e+00
9.193722340397007997e+01 1.556040869072801343e+02 2.000000000000000000e+00
-1.318774964134901495e+02 1.161660004593981341e+02 2.000000000000000000e+00
-1.731326073786615627e+00 8.999797854349837678e+01 2.000000000000000000e+00
-6.037596920609226459e+01 1.103872510955781081e+02 5.000000000000000000e+00
-3.778486861918487705e+01 6.652980702817780312e+00 2.000000000000000000e+00
4.499887251777732899e+01 9.117436847011437351e+01 2.000000000000000000e+00
-7.778846310897591820e+01 5.348533555039995058e+00 9.000000000000000000e+00
1.771118966319503727e+02 8.805629359112376164e+01 2.000000000000000000e+00
4.489426561411818994e+01 8.736239004994634172e+01 5.000000000000000000e+00
-1.194633245960018400e+02 1.092566283995006131e+02 2.000000000000000000e+00
-6.990458350719630687e+01 4.096022050272722481e+01 4.000000000000000000e+00
9.297590809826044733e+01 9.174198173382652044e+01 3.000000000000000000e+00
8.515338653316930628e-01 7.871406552010860480e+01 2.000000000000000000e+00
-1.306955457406400001e+02 7.168687343820677427e+01 2.000000000000000000e+00
-1.510896881751969261e+02 1.116861096640953690e+02 4.000000000000000000e+00
4.135653058404948723e+01 1.697665747477590514e+02 2.000000000000000000e+00
-8.480709134787954895e+01 1.288462352581898074e+02 4.000000000000000000e+00
3.316096418998083095e+01 1.202242685880050601e+02 4.000000000000000000e+00
1.288972964775709613e+02 1.140860410486102694e+02 2.000000000000000000e+00
-1.509198836166168576e+02 7.821560097588587723e+01 2.000000000000000000e+00
1.685719076937685372e+02 8.021788580229723209e+01 5.000000000000000000e+00
-8.986182025864727052e+01 1.650114139081464373e+02 3.000000000000000000e+00
1.431344406471078798e+02 6.434983432090662347e+01 4.000000000000000000e+00
2.953220366809287611e+01 4.461627982275229698e+01 3.000000000000000000e+00
1.337558087587502200e+02 8.792936529735092677e+01 3.000000000000000000e+00
1.337282101165854442e+02 7.856869603226283516e+01 4.000000000000000000e+00
1.009869132738672448e+02 6.877636870285583370e+01 2.000000000000000000e+00
-4.146142035514918689e+01 1.160574353463481145e+02 3.000000000000000000e+00
8.721628047306143117e+01 2.571022988599830938e+01 1.100000000000000000e+01
2.934628444843448136e+01 8.953216531619634111e+01 4.000000000000000000e+00
0.000000000000000000e+00 9.000000000000000000e+01 4.000000000000000000e+00
1.282131726764347093e+02 7.178932789503576828e+01 4.000000000000000000e+00
-6.329443842801141074e+01 6.485439286854334284e+01 9.000000000000000000e+00
4.155586553102249070e+01 8.982686685726898190e+01 5.000000000000000000e+00
1.155121524689344454e+02 6.453371700881196205e+01 2.000000000000000000e+00
-1.296278137515402307e+02 6.660824403164212981e+01 2.000000000000000000e+00
-1.651962325492149546e+02 3.995704613018995133e+01 2.000000000000000000e+00
2.113134072013391318e+00 9.000175439911593855e+01 2.000000000000000000e+00
-1.368614342023692245e+02 1.148809861811268433e+02 2.000000000000000000e+00
-2.565680241515315174e+01 1.226968266822351126e+02 2.000000000000000000e+00
-9.641243007567646828e+01 1.312399143739312706e+02 3.000000000000000000e+00
6.286058097704628267e+01 9.085939555515385280e+01 2.000000000000000000e+00
4.172256503944479533e+01 1.117834453845803182e+02 3.000000000000000000e+00
-1.251361792847283851e+02 9.200470354727072220e+01 4.000000000000000000e+00
-1.474752223022248927e+02 1.192793089350148534e+02 2.000000000000000000e+00
-6.168495241044258393e+01 4.564534537028596617e+01 2.000000000000000000e+00
8.630913913327927389e+01 4.083589253625932969e+01 2.000000000000000000e+00
5.505689445850903496e+01 1.155449319389463767e+02 2.000000000000000000e+00
3.455289405849246265e+00 8.930856462643308191e+01 3.000000000000000000e+00
7.006335337048048473e+01 1.014240506998368403e+02 4.000000000000000000e+00
1.287502075176375342e+02 6.539961605147865953e+01 2.000000000000000000e+00
-7.684377347679973980e+01 1.091435495233535278e+02 4.000000000000000000e+00
-1.418408146118234470e+02 6.593753854107161771e+01 2.000000000000000000e+00
9.255390867336107874e+01 1.174726726568975721e+02 2.000000000000000000e+00
-7.089154421719203469e+01 1.721718947412155956e+02 7.000000000000000000e+00
1.422423159654196070e+02 1.117252927740863271e+02 2.000000000000000000e+00
3.629536562376621589e+01 1.165916052523817683e+02 4.000000000000000000e+00
-1.498704674737387776e+01 1.658732320034072529e+02 2.000000000000000000e+00
-8.713928703488183203e+01 9.649576067898136955e+01 2.000000000000000000e+00
9.827258739402346954e-01 8.990339353328380412e+01 2.000000000000000000e+00
9.241283339803247543e+01 4.969698898862557002e+01 2.000000000000000000e+00
-1.799823152285393348e+02 8.772060941508513565e+01 4.000000000000000000e+00
1.068134691946264780e+02 1.726265976275296623e+02 2.000000000000000000e+00
9.013817974135272948e+01 1.498858609185358581e+01 2.000000000000000000e+00
-3.686555935289214148e+01 1.156501656790933907e+02 2.000000000000000000e+00
-1.504677963319071239e+02 1.353837201772477101e+02 2.000000000000000000e+00
-4.624419124124975156e+01 9.207063470264905902e+01 2.000000000000000000e+00
-4.627178988341455579e+01 1.014313039677371933e+02 2.000000000000000000e+00
-7.901308672613274098e+01 1.112236312971441663e+02 2.000000000000000000e+00
1.385385796448508131e+02 6.394256465365187836e+01 2.000000000000000000e+00
-9.278371952693858304e+01 1.542897701140016977e+02 2.000000000000000000e+00
-1.506537155515655400e+02 9.046783468380365889e+01 6.000000000000000000e+00
-1.800000000000000000e+02 9.000000000000000000e+01 3.000000000000000000e+00
-5.178682732356530494e+01 1.082106721049642459e+02 2.000000000000000000e+00
1.167055615719885964e+02 1.151456071314566714e+02 3.000000000000000000e+00
-1.384441344689775235e+02 9.017313314273101810e+01 2.000000000000000000e+00
-6.448784753106555456e+01 1.154662829911880380e+02 2.000000000000000000e+00
5.037218624845976933e+01 1.133917559683578560e+02 2.000000000000000000e+00
1.480376745078507739e+01 1.400429538698100487e+02 2.000000000000000000e+00
-1.778868659279866336e+02 8.999824560088407566e+01 2.000000000000000000e+00
4.313856579763077548e+01 6.511901381887315665e+01 2.000000000000000000e+00
1.543431975848468483e+02 5.730317331776490164e+01 3.000000000000000000e+00
8.358756992432353172e+01 4.876008562606874364e+01 4.000000000000000000e+00
-1.171394190229537173e+02 8.914060444484614720e+01 3.000000000000000000e+00
-1.382774349605552118e+02 6.821655461541971022e+01 6.000000000000000000e+00
5.486382071527163617e+01 8.799529645272927780e+01 8.000000000000000000e+00
3.252477769777510730e+01 6.072069106498515367e+01 2.000000000000000000e+00
1.183150475895574090e+02 1.343546546297140480e+02 3.000000000000000000e+00
-9.369086086672075453e+01 1.391641074637406632e+02 1.000000000000000000e+01
-1.249431055414909650e+02 6.445506806105365172e+01 5.000000000000000000e+00
-1.765447105941507289e+02 9.069143537356693230e+01 3.000000000000000000e+00
-1.099366466295195295e+02 7.857594930016317392e+01 5.000000000000000000e+00
-5.124979248236245155e+01 1.146003839485213547e+02 2.000000000000000000e+00
1.031562265232002602e+02 7.085645047664647223e+01 3.000000000000000000e+00
3.815918538817655303e+01 1.140624614589283965e+02 2.000000000000000000e+00
-8.744609132663892126e+01 6.252732734310244211e+01 2.000000000000000000e+00
1.091084557828079795e+02 7.828105258784416876e+00 2.000000000000000000e+00
-3.775768403458040723e+01 6.827470722591367291e+01 2.000000000000000000e+00
-1.437046343762337983e+02 6.340839474761825301e+01 2.000000000000000000e+00
1.650129532526261187e+02 1.412676799659274884e+01 2.000000000000000000e+00
9.286071296511819639e+01 8.350423932101863045e+01 2.000000000000000000e+00
-1.790172741260597888e+02 9.009660646671622430e+01 2.000000000000000000e+00
-8.758716660196753878e+01 1.303030110113744513e+02 5.000000000000000000e+00
1.768477146066265229e-02 9.227939058491487856e+01 4.000000000000000000e+00
-7.318653080537353617e+01 7.373402372470362565e+00 3.000000000000000000e+00
-1.423178266528920517e+02 6.284815518030269743e+01 3.000000000000000000e+00
8.964199632651913419e+01 8.808687463850422716e+01 2.000000000000000000e+00
1.311598492269772294e+02 1.101410232977001016e+02 2.000000000000000000e+00
-9.638425474322869491e+01 5.552402792878247340e+01 2.000000000000000000e+00
9.384595600317165065e+01 1.198912383546060028e+02 4.000000000000000000e+00
2.331515633695808276e+00 1.074871143370060906e+02 4.000000000000000000e+00
-4.171109003989408137e+01 7.105743968404806310e+01 2.000000000000000000e+00
-8.110784539253609182e+01 3.822672817865173656e+00 2.000000000000000000e+00
4.393696551382100779e+01 8.538495789161164851e+01 4.000000000000000000e+00
1.373735568485689953e+02 7.319908528465956010e+01 2.000000000000000000e+00
1.280684041433195830e+02 8.761646008461914903e+01 5.000000000000000000e+00
-5.773823414195933168e+01 9.205875225831492514e+01 2.000000000000000000e+00
-1.408991326807071687e+02 1.144114672927413352e+02 7.000000000000000000e+00
-7.074982226691216169e+01 5.739979544887364504e+00 5.000000000000000000e+00
1.684165677712172071e+00 9.594234928285492003e+01 3.000000000000000000e+00
1.210043504210373868e+02 7.897657526210821288e+01 9.000000000000000000e+00
1.659849809507894918e+02 4.764327544668795866e+01 3.000000000000000000e+00
1.260628825833402118e+02 9.878072629931136817e+01 4.000000000000000000e+00
-2.482832736231576742e+00 9.493451002814683193e+01 2.000000000000000000e+00
-1.010962338747631293e+02 5.193484484617449937e+01 2.000000000000000000e+00
-1.416522601927587743e+02 4.782362147113090600e+01 3.000000000000000000e+00
-1.768069985942321125e+02 8.353126615168172009e+01 2.000000000000000000e+00
1.308991604452992590e+02 3.450231286905644623e+01 1.100000000000000000e+01
1.357943934224545330e+02 1.346514866004115163e+02 3.000000000000000000e+00
1.163596551093547902e+02 1.254037208053321848e+02 2.000000000000000000e+00
1.548420564671124744e+01 9.059315635380686160e+01 6.000000000000000000e+00
1.544579173174886364e+02 1.111964041080508707e+02 3.000000000000000000e+00
4.574079490592137631e+01 9.088146902204745459e+01 2.000000000000000000e+00
6.813382778774744963e+01 1.150611751784540076e+02 2.000000000000000000e+00
8.888107132643062736e-01 9.174752885695289706e+01 4.000000000000000000e+00
-1.114814578686147541e+02 6.291590819379516830e+01 3.000000000000000000e+00
9.657268209524454505e+01 6.207076508348608002e+01 4.000000000000000000e+00
-1.002463253170080115e+01 1.020963001115921571e+02 2.000000000000000000e+00
-9.948579953971238510e+00 8.839436658201935870e+01 3.000000000000000000e+00
-7.770320817331392504e+01 9.792630643811600066e+01 2.000000000000000000e+00
-8.992902411821853548e+01 5.907437796164888510e+01 4.000000000000000000e+00
3.359446243422392797e+01 1.342978043288417780e+02 3.000000000000000000e+00
-1.355721440826839341e+02 1.117686348723593142e+02 4.000000000000000000e+00
-6.385066497202586078e+01 6.235647782267690076e+01 3.000000000000000000e+00
-1.121393110644410598e+02 1.036474817099151409e+02 4.000000000000000000e+00
-1.490601636892480144e+02 1.197280273771606005e+02 2.000000000000000000e+00
-1.344683141654069232e+02 6.181528184756811584e+01 2.000000000000000000e+00
1.296398006635869820e+02 8.923740933813088816e+01 2.000000000000000000e+00
3.768217334710793409e+01 1.171518448196973026e+02 4.000000000000000000e+00
-9.035800367348086581e+01 9.191312536149578705e+01 2.000000000000000000e+00
-4.884015077302277774e+01 6.985897670229989842e+01 2.000000000000000000e+00
8.361574525677131930e+01 1.244759720712175266e+02 2.000000000000000000e+00
-8.615404399682836356e+01 6.010876164539399014e+01 2.000000000000000000e+00
-1.776684843663041988e+02 7.251288566299390936e+01 3.000000000000000000e+00
1.382889099601059399e+02 1.089425603159519653e+02 4.000000000000000000e+00
9.889215460746392239e+01 1.761773271821348601e+02 2.000000000000000000e+00
-1.360630344861789922e+02 9.461504210838836570e+01 4.000000000000000000e+00
-4.262644315143101181e+01 1.068009147153404399e+02 6.000000000000000000e+00
-5.193159585668040990e+01 9.238353991538085097e+01 2.000000000000000000e+00
1.222617658580406754e+02 8.794124774168506065e+01 3.000000000000000000e+00
3.910086731929283843e+01 6.558853270725867901e+01 2.000000000000000000e+00
1.092501777330878667e+02 1.742600204551126524e+02 3.000000000000000000e+00
-1.783158343222878273e+02 8.405765071714510839e+01 2.000000000000000000e+00
-5.899564957896262740e+01 1.010234247378918155e+02 5.000000000000000000e+00
-1.401501904921050468e+01 1.323567245533120627e+02 2.000000000000000000e+00
-5.393711741665980952e+01 8.121927370068864604e+01 2.000000000000000000e+00
1.775171672637684424e+02 8.506548997185316807e+01 5.000000000000000000e+00
7.890376612523689914e+01 1.280651551538255148e+02 3.000000000000000000e+00
3.834773980724124698e+01 1.321763785288690940e+02 2.000000000000000000e+00
3.193001405767916356e+00 9.646873384831830833e+01 4.000000000000000000e+00
-4.910083955470077655e+01 1.454976871309435751e+02 2.000000000000000000e+00
-4.420560657754549538e+01 4.534851339958848371e+01 4.000000000000000000e+00
-6.364034489064521694e+01 5.459627919466782942e+01 3.000000000000000000e+00
-1.645157943532887543e+02 8.940684364619313840e+01 2.000000000000000000e+00
-2.554208268251138136e+01 6.880359589194911507e+01 6.000000000000000000e+00
-1.342592050940786237e+02 8.911853097795254541e+01 2.000000000000000000e+00
-1.118661722122525504e+02 6.493882482154600666e+01 2.000000000000000000e+00
-1.791111892867357085e+02 8.825247114304710294e+01 6.000000000000000000e+00
6.851854213138524585e+01 1.170840918062048388e+02 3.000000000000000000e+00
-8.342731790475545495e+01 1.179292349165139484e+02 3.000000000000000000e+00
1.699753674682992255e+02 7.790369988840784288e+01 2.000000000000000000e+00
1.700514200460287668e+02 9.160563341798064130e+01 3.000000000000000000e+00
1.022967918266860750e+02 8.207369356188402776e+01 7.000000000000000000e+00
9.007097588178149294e+01 1.209256220383511220e+02 3.000000000000000000e+00
-1.464055375657760578e+02 4.570219567115822912e+01 3.000000000000000000e+00
4.442785591731606587e+01 6.823136512764068584e+01 5.000000000000000000e+00
1.161493350279741321e+02 1.176435221773231206e+02 3.000000000000000000e+00
6.786068893555892600e+01 7.635251829008485913e+01 2.000000000000000000e+00
3.093983631075200336e+01 6.027197262283942081e+01 4.000000000000000000e+00
4.553168583459307683e+01 1.181847181524318842e+02 3.000000000000000000e+00
-5.036019933641303226e+01 9.076259066186911184e+01 2.000000000000000000e+00
-1.360446168377531535e+02 9.124489048107506051e+01 3.000000000000000000e+00
2.310958167339601843e+01 8.878944682337181860e+01 2.000000000000000000e+00
-1.445497988941588119e+02 1.435914810494691665e+02 4.000000000000000000e+00
1.387232950708769863e+02 7.161039042171185542e+01 2.000000000000000000e+00
1.288745195262467291e+02 1.188801509167929282e+02 5.000000000000000000e+00
1.297262648172845729e+02 8.564675351020505900e+01 3.000000000000000000e+00
-1.724694499573083704e+02 3.707252522822116703e+01 2.000000000000000000e+00
1.668272104537673162e+00 1.390540467023645874e+02 5.000000000000000000e+00
-8.604638306323926145e+01 1.282734840912355594e+02 5.000000000000000000e+00
1.312552213440798425e+02 9.709970218516099294e+01 4.000000000000000000e+00
-8.088403503794276972e-01 8.663139802344457507e+01 3.000000000000000000e+00
1.310411483714886458e+02 8.926026422335043264e+01 2.000000000000000000e+00
1.147476591839118782e+02 8.643665284492979595e+01 2.000000000000000000e+00
1.168508963830678056e+02 5.980683319560671407e+01 2.000000000000000000e+00
8.992617804295097983e+01 5.075059816014240965e+01 2.000000000000000000e+00
-1.090356130769111900e+02 4.979586345174244144e+01 3.000000000000000000e+00
-1.731983465810922098e+02 1.279722629227529040e+02 2.000000000000000000e+00
-9.060378498287428783e+01 4.850729164186793696e+01 3.000000000000000000e+00
-1.236898475225985550e+02 1.223742485406805827e+02 2.000000000000000000e+00
1.376871918112544506e+02 1.362742287764658329e+02 3.000000000000000000e+00
4.420728474411206577e+01 8.860997716865901452e+01 3.000000000000000000e+00
9.159517016044981119e+01 8.967238693682936912e+01 3.000000000000000000e+00
-5.993442661157382112e+00 9.600245463906281884e+01 2.000000000000000000e+00
3.617654646973755206e+01 1.283224395918655887e+02 2.000000000000000000e+00
4.176273435814638724e+00 8.886543946905777602e+01 4.000000000000000000e+00
4.960967188648688619e+01 7.668943411066680937e+01 4.000000000000000000e+00
-9.671641092623291058e+01 1.285156850995492164e+02 2.000000000000000000e+00
9.117304426000234230e+01 9.943766484224680369e+01 3.000000000000000000e+00
3.942168938376322984e+01 1.362750458268791647e+02 2.000000000000000000e+00
-1.240751836874988072e+02 9.640213797246829586e+01 2.000000000000000000e+00
-4.472461746877922195e+01 6.550636435321098361e+01 2.000000000000000000e+00
1.776966443877417419e+02 9.512317347381286936e+01 2.000000000000000000e+00
9.113924329028029092e+01 5.310443065443569566e+01 3.000000000000000000e+00
8.312211356087478009e+01 1.792184684877571215e+02 2.000000000000000000e+00
-4.992700017394037815e+01 6.709253857981123303e+01 2.000000000000000000e+00
3.900409849572371002e+01 7.516122313452807191e+01 3.000000000000000000e+00
-9.218340699404500072e+01 1.711092873002949659e+02 4.000000000000000000e+00
4.395538316224686071e+01 8.875510951892495370e+01 2.000000000000000000e+00
-1.568904183266039922e+02 9.121055317662818140e+01 2.000000000000000000e+00
3.545020110584118100e+01 3.640851895053083354e+01 3.000000000000000000e+00
-4.127670492912302080e+01 1.083896095782881304e+02 4.000000000000000000e+00
-5.112548047375327087e+01 6.111984908320708598e+01 2.000000000000000000e+00
-5.027373518271542707e+01 9.435324648979495521e+01 5.000000000000000000e+00
7.530550042691623425e+00 1.429274747717788330e+02 2.000000000000000000e+00
-1.783317278954623362e+02 4.094595329763541969e+01 2.000000000000000000e+00
9.395361693676075276e+01 5.172651590876444061e+01 2.000000000000000000e+00
-4.874477865592015746e+01 8.290029781483900706e+01 2.000000000000000000e+00
1.791911596496205732e+02 9.336860197655542493e+01 1.000000000000000000e+01
-4.895885162851138261e+01 9.073973577664959578e+01 3.000000000000000000e+00
-6.525234081608813597e+01 9.356334715507020405e+01 2.000000000000000000e+00
-6.314910361693220864e+01 1.201931668043933001e+02 2.000000000000000000e+00
-9.007382195704903438e+01 1.292494018398575975e+02 4.000000000000000000e+00
7.096438692308882423e+01 1.302041365482575657e+02 2.000000000000000000e+00
6.801653418907794624e+00 5.202773707724709595e+01 2.000000000000000000e+00
8.939621501712574059e+01 1.314927083581320630e+02 8.000000000000000000e+00
5.631015247740143792e+01 5.762575145931943155e+01 2.000000000000000000e+00
-4.231280818874553518e+01 4.372577122353417423e+01 2.000000000000000000e+00
-1.357927152558879413e+02 9.139002283134101390e+01 3.000000000000000000e+00
-8.840482983955021723e+01 9.032761306317063088e+01 2.000000000000000000e+00
1.740065573388426401e+02 8.399754536093719537e+01 2.000000000000000000e+00
-1.438234535302624693e+02 5.167756040813443263e+01 2.000000000000000000e+00
-1.758237265641853639e+02 9.113456053094222398e+01 2.000000000000000000e+00
-1.303903281135131067e+02 1.033105658893331906e+02 4.000000000000000000e+00
8.328358907376710363e+01 5.148431490045080494e+01 2.000000000000000000e+00
-8.882695573999768612e+01 8.056233515775322473e+01 2.000000000000000000e+00
-1.405783106162367631e+02 4.372495417312082822e+01 4.000000000000000000e+00
5.592481631250119278e+01 8.359786202753171835e+01 2.000000000000000000e+00
1.352753825312207994e+02 1.144936356467890164e+02 3.000000000000000000e+00
-2.303355612258244811e+00 8.487682652618714485e+01 3.000000000000000000e+00
-8.886075670971970908e+01 1.268955693455643257e+02 2.000000000000000000e+00
-9.687788643912523412e+01 7.815315122428773131e-01 4.000000000000000000e+00
1.300729998260596290e+02 1.129074614201887670e+02 2.000000000000000000e+00
-1.409959015042762758e+02 1.048387768654719281e+02 2.000000000000000000e+00
8.781659300595501350e+01 8.890712699705028754e+00 3.000000000000000000e+00
-1.799657776988460967e+02 9.007313266545044428e+01 4.000000000000000000e+00
6.984116908253248934e-02 9.013070844558156125e+01 2.000000000000000000e+00
-3.941219740818549155e+01 6.616490668026533228e+01 2.000000000000000000e+00
8.717080943206296695e+01 1.070801553558469408e+02 2.000000000000000000e+00
9.061472429694902075e+01 1.714064295364375425e+02 4.000000000000000000e+00
-4.767782563654540695e+01 1.238574334990292130e+02 2.000000000000000000e+00
2.369081108340013131e+01 1.775045642619436421e+02 2.000000000000000000e+00
1.156313288586696331e+02 9.166694032171109541e+01 3.000000000000000000e+00
-5.368221709584671686e+01 1.086561955039891387e+02 2.000000000000000000e+00
-7.919887707872135252e+01 1.671521464421328744e+02 2.000000000000000000e+00
1.180125393581498940e+02 1.197195681883952858e+02 3.000000000000000000e+00
4.687310020501762864e+01 8.978074555336050366e+01 2.000000000000000000e+00
2.952766985044334191e+01 3.941603307406676038e+01 2.000000000000000000e+00
6.196400288453052241e+01 1.112949517937237403e+02 3.000000000000000000e+00
1.170227059752918422e+02 1.113305361364475630e+02 5.000000000000000000e+00
9.183524014784104850e+01 1.716786073718635635e+02 3.000000000000000000e+00
1.587377203263933154e+02 1.222909882962180177e+02 2.000000000000000000e+00
8.382401953996834720e+01 9.018893157085553014e+01 5.000000000000000000e+00
3.690460370553456659e+00 1.094173485030132724e+02 2.000000000000000000e+00
4.784869975105426931e+01 6.613215635029583872e+00 2.000000000000000000e+00
-8.138594266251304887e+00 8.487592925589771653e+01 6.000000000000000000e+00
-4.293638436209337605e+00 1.286938140369250334e+02 2.000000000000000000e+00
-8.967197174167064588e+01 6.075617533016767169e+01 3.000000000000000000e+00
1.149373477126680321e+01 8.998909078738662970e+01 1.000000000000000000e+01
-3.790422465817271558e+01 1.257791991507330778e+02 2.000000000000000000e+00
6.309751351070056558e+01 8.675100514591954948e+01 4.000000000000000000e+00
3.762281640741481681e+01 7.037341213156086894e+01 5.000000000000000000e+00
5.169177050063995110e-02 1.063583071393828448e+02 3.000000000000000000e+00
9.059595464373427376e+01 6.401196138841365268e+01 2.000000000000000000e+00
2.941919145660838453e+01 6.317376329173876570e+01 2.000000000000000000e+00
3.130423005838345318e+01 1.242180130320476081e+02 2.000000000000000000e+00
-1.334104620822739946e+02 1.683017718486488832e+02 3.000000000000000000e+00
9.009750729620110121e+01 1.743427688044299089e+02 2.000000000000000000e+00
3.422230115391514116e-02 8.992686733454958414e+01 4.000000000000000000e+00
-1.799301588309174917e+02 8.986929155441843875e+01 2.000000000000000000e+00
1.405878025918144942e+02 1.138350933197346677e+02 2.000000000000000000e+00
-9.282919056793703305e+01 7.291984464415305922e+01 2.000000000000000000e+00
-8.938527570305100767e+01 8.593570463562473449e+00 4.000000000000000000e+00
1.323221743634545930e+02 5.614256650097080836e+01 7.000000000000000000e+00
-1.563091889165998793e+02 2.495435738056368979e+00 3.000000000000000000e+00
-6.436867114133036694e+01 8.833305967828890459e+01 3.000000000000000000e+00
1.263177829041532902e+02 7.134380449601087548e+01 7.000000000000000000e+00
1.008011229212786475e+02 1.284785355786713623e+01 2.000000000000000000e+00
-6.198746064185010596e+01 6.028043181160473551e+01 3.000000000000000000e+00
-1.331268997949823643e+02 9.021925444663949634e+01 2.000000000000000000e+00
-1.504723301495566545e+02 1.405839669259332538e+02 2.000000000000000000e+00
-1.180359971154694989e+02 6.870504820627628817e+01 2.000000000000000000e+00
-6.297729402470817206e+01 6.866946386355246545e+01 2.000000000000000000e+00
-8.816475985215895150e+01 8.321392628136452529e+00 3.000000000000000000e+00
-2.126227967360669524e+01 5.770901170378197520e+01 4.000000000000000000e+00
-9.617598046003165280e+01 8.981106842914448407e+01 3.000000000000000000e+00
-1.763095396294465331e+02 7.058265149698672758e+01 2.000000000000000000e+00
-1.321513002489457449e+02 1.733867843649703957e+02 3.000000000000000000e+00
1.718614057337487111e+02 9.512407074410228347e+01 2.000000000000000000e+00
1.757063615637906651e+02 5.130618596307498791e+01 9.000000000000000000e+00
9.032802825832936833e+01 1.192438246698323496e+02 2.000000000000000000e+00
-1.685062652287331844e+02 9.001090921261337030e+01 3.000000000000000000e+00
1.420957753418272773e+02 5.422080084926693644e+01 7.000000000000000000e+00
-1.169024864892994344e+02 9.324899485408046473e+01 4.000000000000000000e+00
-1.423771835925851974e+02 1.096265878684391311e+02 2.000000000000000000e+00
-1.799483082294993892e+02 7.364169286061716946e+01 2.000000000000000000e+00
-8.940404535626574045e+01 1.159880386115863615e+02 2.000000000000000000e+00
-1.505808085433916403e+02 1.168262367082612485e+02 2.000000000000000000e+00
-1.486957699416165326e+02 5.578198696795240608e+01 2.000000000000000000e+00
4.658953791772600539e+01 1.169822815135112570e+01 4.000000000000000000e+00
-8.990249270379888458e+01 5.657231195570105342e+00 3.000000000000000000e+00
-1.799992831181443762e+02 8.997144928897125737e+01 2.000000000000000000e+00
-1.119092915017030805e+02 1.517946743862488290e+02 3.000000000000000000e+00
2.157216982559307272e+00 8.999854182708304506e+01 4.000000000000000000e+00
7.326966912757320927e+00 8.996539651809283100e+01 2.000000000000000000e+00
-4.770492006681430475e+00 8.791180046441161267e+01 2.000000000000000000e+00
1.277176539314076678e+02 1.209610898122964784e+02 2.000000000000000000e+00
1.319757729230616121e+02 1.206812518482566219e+02 2.000000000000000000e+00
1.317341475741233126e+02 1.210686341079659769e+02 4.000000000000000000e+00
1.776958460185862165e+01 1.272595183102463920e+02 2.000000000000000000e+00
-6.949993594887376958e+01 1.079785591181770315e+02 3.000000000000000000e+00
-2.418504144623153351e+01 1.146247706328531422e+02 3.000000000000000000e+00
9.736903033196374624e-01 8.929472981288783728e+01 2.000000000000000000e+00
8.162219360173679661e+01 9.580061379524208576e+01 4.000000000000000000e+00
8.662612995778562208e+01 5.009825040317888778e+01 4.000000000000000000e+00
5.367610855784322155e+01 8.793722818535830754e+01 2.000000000000000000e+00
-3.448605218128156480e+01 1.213134077180132238e+02 4.000000000000000000e+00
-1.256794529142232220e+00 1.340959129070171514e+02 2.000000000000000000e+00
1.393700702752797156e+02 9.170330216268425261e+01 2.000000000000000000e+00
-7.655695233263658395e+01 8.989297177794246352e+01 4.000000000000000000e+00
-1.035128453136661051e+02 5.693847229717737690e+01 2.000000000000000000e+00
5.028537346975195277e+00 1.338404718476170387e+02 2.000000000000000000e+00
-8.886030220413077529e+01 5.840693823798525131e+01 5.000000000000000000e+00
-9.979176126954087067e+00 8.569818911192524524e+01 7.000000000000000000e+00
1.433414191336827628e+02 4.768857433505144883e+01 2.000000000000000000e+00
3.876641126443605145e+01 1.113503074267472357e+02 2.000000000000000000e+00
1.132485690192816747e+02 6.166579054359795720e+01 3.000000000000000000e+00
0.000000000000000000e+00 9.000000000000000000e+01 2.000000000000000000e+00
-8.758096496572304090e+01 1.537672593604149824e+02 2.000000000000000000e+00
-1.363564530568129669e+02 1.281438238802956562e+02 2.000000000000000000e+00
-1.302006944243846931e+02 7.085826657858635258e+01 2.000000000000000000e+00
7.168818556417906520e-04 9.002855071102875684e+01 2.000000000000000000e+00
6.809070849829693373e+01 2.820532561375116742e+01 3.000000000000000000e+00
-1.778427830174406949e+02 9.000145817291695494e+01 3.000000000000000000e+00
-1.726730330872426862e+02 9.003460348190716900e+01 3.000000000000000000e+00
1.752295079933185775e+02 9.208819953558838733e+01 4.000000000000000000e+00
-5.228234606859235356e+01 5.903891018770352161e+01 4.000000000000000000e+00
-4.802422707693838078e+01 5.931874815174338522e+01 2.000000000000000000e+00
-4.826585242587669455e+01 5.893136589203403020e+01 2.000000000000000000e+00
-1.622304153981413890e+02 5.274048168975360795e+01 2.000000000000000000e+00
1.105000640511262304e+02 7.202144088182296855e+01 3.000000000000000000e+00
1.558149585537684914e+02 6.537522936714685784e+01 2.000000000000000000e+00
-1.790263096966803857e+02 9.070527018711217693e+01 3.000000000000000000e+00
-9.837780639826320339e+01 8.419938620475791424e+01 5.000000000000000000e+00
-9.337387004221439213e+01 1.299017495968211051e+02 3.000000000000000000e+00
-1.263238914421567927e+02 9.206277181464169246e+01 2.000000000000000000e+00
1.455139478187184636e+02 5.868659228198679045e+01 2.000000000000000000e+00
1.787432054708577596e+02 4.590408709298286283e+01 4.000000000000000000e+00
-4.062992972472028441e+01 8.829669783731574739e+01 2.000000000000000000e+00
1.034430476673634161e+02 9.010702822205756490e+01 2.000000000000000000e+00
7.648715468633389492e+01 1.230615277028226302e+02 5.000000000000000000e+00
-1.749714626530248154e+02 4.615952815238297546e+01 2.000000000000000000e+00
9.113969779586922471e+01 1.215930617620147558e+02 2.000000000000000000e+00
1.700208238730459414e+02 9.430181088807478318e+01 2.000000000000000000e+00
-3.665858086631724433e+01 1.323114256649485867e+02 2.000000000000000000e+00
-1.412335887355639272e+02 6.864969257325277852e+01 3.000000000000000000e+00
-6.675143098071833947e+01 1.183342094564020641e+02 6.000000000000000000e+00
-1.800000000000000000e+02 9.000000000000000000e+01 2.000000000000000000e+00
9.241903503427698752e+01 2.623274063958504243e+01 2.000000000000000000e+00
4.364354694318704730e+01 5.185617611970433671e+01 2.000000000000000000e+00
4.979930557561533533e+01 1.091417334214136616e+02 2.000000000000000000e+00
1.512876066006357689e+02 9.716031438471421211e+01 2.000000000000000000e+00
1.249864237288119995e+02 6.469794883896045690e+01 4.000000000000000000e+00
-9.174236305536430791e+01 8.996176592381205239e+01 3.000000000000000000e+00
1.282353116206708137e+02 9.928208820453336614e+01 2.000000000000000000e+00
-1.491229325074856726e+00 1.316461065126205483e+02 2.000000000000000000e+00
-1.356921584378397938e+02 9.358455231291662813e+01 2.000000000000000000e+00
5.533546613739116538e+01 5.836719612361140719e+01 2.000000000000000000e+00
-2.776641843750812910e+01 5.797160552507575915e+01 3.000000000000000000e+00
8.217367107575915952e+01 9.775849086518107356e+01 2.000000000000000000e+00
-5.711502389923909107e+01 9.643618785271827676e+01 2.000000000000000000e+00
-1.789628825111847732e+02 9.839504033365163593e+01 2.000000000000000000e+00
1.304645731348419133e+02 1.101158596826179945e+02 3.000000000000000000e+00
1.406753584200778784e+00 9.326307023577574284e+01 2.000000000000000000e+00
-1.139464033153852807e+00 1.290264995412368023e+02 2.000000000000000000e+00
1.272629546244520071e+02 8.873405497494717054e+01 3.000000000000000000e+00
8.087382497139444126e+00 7.581218791470824669e+01 3.000000000000000000e+00
4.421280814274788362e+00 1.277455510061304267e+02 3.000000000000000000e+00
1.290154518237911718e+00 9.133863028097670167e+01 3.000000000000000000e+00
-1.771067267026810725e+02 8.580916733639801919e+01 3.000000000000000000e+00
-1.376023925511311177e+02 7.141906517202092175e+01 2.000000000000000000e+00
-1.086311609704219734e+02 9.470836716987213322e+01 2.000000000000000000e+00
8.888628112764837397e+01 2.994904978271463492e+01 2.000000000000000000e+00
-9.033338143488992955e+01 9.967274238561734023e+01 3.000000000000000000e+00
2.393162692128447677e+00 8.930937958186373749e+01 3.000000000000000000e+00
0.000000000000000000e+00 9.000000000000000000e+01 2.000000000000000000e+00
6.158474488486287157e+01 9.008724159555141853e+01 2.000000000000000000e+00
-1.697192302988173651e+02 1.050488210512368568e+02 3.000000000000000000e+00
-1.496488934482979616e+01 9.540519185516821210e+01 2.000000000000000000e+00
8.327740482693907609e+01 8.992801117152269796e+01 2.000000000000000000e+00
-4.385690773005693899e+01 1.117432555414753210e+02 2.000000000000000000e+00
-2.871239339936422752e+01 8.283968561528577368e+01 2.000000000000000000e+00
-5.501357627118799343e+01 1.153020511610395431e+02 2.000000000000000000e+00
8.825763694463569209e+01 9.003823407618794761e+01 2.000000000000000000e+00
-5.176468837932917211e+01 8.071791179546663386e+01 2.000000000000000000e+00
1.785087706749251311e+02 4.835389348737943749e+01 2.000000000000000000e+00
4.430784156216019909e+01 8.641544768708337187e+01 2.000000000000000000e+00
-1.246645338626088346e+02 1.216328038763885928e+02 2.000000000000000000e+00
1.522335815624919064e+02 1.220283944749242409e+02 2.000000000000000000e+00
-9.782632892424084048e+01 8.224150913481891223e+01 2.000000000000000000e+00
1.228849761007609089e+02 8.356381214728172324e+01 2.000000000000000000e+00
1.037117488815235911e+00 8.160495966634836407e+01 2.000000000000000000e+00
-4.953542686515807958e+01 6.988414031738200549e+01 2.000000000000000000e+00
-1.785932464157992001e+02 8.673692976422425716e+01 2.000000000000000000e+00
1.788605359668461574e+02 5.097350045876319768e+01 2.000000000000000000e+00
-5.273704537554798577e+01 9.126594502505284368e+01 2.000000000000000000e+00
-1.719126175028605701e+02 1.041878120852917675e+02 2.000000000000000000e+00
-1.755787191857252196e+02 5.225444899386960174e+01 2.000000000000000000e+00
-1.787098454817621018e+02 8.866136971902331254e+01 2.000000000000000000e+00
2.893273297318918580e+00 9.419083266360198081e+01 2.000000000000000000e+00
4.239760744886888233e+01 1.085809348279790925e+02 2.000000000000000000e+00
7.136883902957804082e+01 8.529163283012786678e+01 3.000000000000000000e+00
-9.111371887235162603e+01 1.500509502172853615e+02 2.000000000000000000e+00
8.966661856511007045e+01 8.032725761438267398e+01 5.000000000000000000e+00
-1.776068373078715865e+02 9.069062041813626251e+01 4.000000000000000000e+00
-1.800000000000000000e+02 9.000000000000000000e+01 3.000000000000000000e+00
-1.184152551151371284e+02 8.991275840444858147e+01 2.000000000000000000e+00
1.028076970118262956e+01 7.495117894876312903e+01 2.000000000000000000e+00
1.650351106551702287e+02 8.459480814483178790e+01 3.000000000000000000e+00
-9.672259517306095233e+01 9.007198882847731625e+01 3.000000000000000000e+00
1.361430922699430539e+02 6.825674445852469319e+01 1.300000000000000000e+01
1.351105466071198009e+02 9.155380650833029677e+01 2.000000000000000000e+00
-8.930709828727016486e+01 6.046017812108123479e+01 2.000000000000000000e+00
1.308351961787648463e+02 1.054421625173493169e+02 4.000000000000000000e+00
3.917061521889088027e+01 1.147159921306009522e+02 9.000000000000000000e+00
-2.828017785759624303e+01 1.132418964934542913e+02 3.000000000000000000e+00
6.317251189782665222e+01 7.350031622342184789e+01 5.000000000000000000e+00
-1.591934653833669984e+02 1.401459945393618796e+02 4.000000000000000000e+00
1.201108651424335960e+02 1.762907203240864078e+02 2.000000000000000000e+00
5.393345181663312005e+00 6.552712533267754225e+01 2.000000000000000000e+00
1.648192059981975035e+02 1.045096622856790560e+02 5.000000000000000000e+00
-6.723519729893234853e+01 1.169892549236001571e+02 2.000000000000000000e+00
1.193901433299109272e+02 9.134098991052532313e+01 3.000000000000000000e+00
1.279621641359737794e+02 1.135137531080689968e+02 2.000000000000000000e+00
-9.189481312101540311e+01 1.308538624142738342e+02 6.000000000000000000e+00
1.765576917172651576e+02 1.395130554625965829e+02 2.000000000000000000e+00
1.378080235032638257e+02 8.849607020482120845e+01 2.000000000000000000e+00
8.892858280734219534e+01 1.657654546702115965e+02 2.000000000000000000e+00
-1.187180962247572324e+02 8.791381106550689140e+01 2.000000000000000000e+00
-7.596895190321522762e+01 6.426639672335888065e+01 3.000000000000000000e+00
-9.138500719466706812e+01 5.456619097992267342e+01 5.000000000000000000e+00
-4.500249941152452138e+00 7.999778291947590958e+01 2.000000000000000000e+00
-3.832442849602525570e+01 1.540992412688396307e+01 2.000000000000000000e+00
8.987194546201784817e+01 8.777152588262939048e+01 1.200000000000000000e+01
1.445298337047588006e+02 8.274919621134168324e+01 7.000000000000000000e+00
1.259678714617998310e+02 8.869107991886563980e+01 2.000000000000000000e+00
1.143135692300374302e+02 4.829545789843890446e+01 2.000000000000000000e+00
-2.159019514203925283e+01 1.039964137866128340e+02 2.000000000000000000e+00
1.339924808824808906e+02 5.992867512330520441e+01 2.000000000000000000e+00
-4.488945339288019909e+01 8.844619349166970323e+01 3.000000000000000000e+00
9.069290171272986356e+01 1.195398218789187723e+02 2.700000000000000000e+01
-4.916480382123516080e+01 7.455783748265068311e+01 3.000000000000000000e+00
-1.408293847811090984e+02 6.528400786939906197e+01 4.000000000000000000e+00
1.517198221424037854e+02 6.675810350654569447e+01 2.000000000000000000e+00
-1.168274881021733620e+02 1.064996837765781805e+02 2.000000000000000000e+00
2.080653461663301584e+01 3.985400546063811333e+01 2.000000000000000000e+00
-5.988913485756639687e+01 3.709279675913604635e+00 3.000000000000000000e+00
-1.746066548183366933e+02 1.144728746673224720e+02 2.000000000000000000e+00
-1.518079400180249117e+01 7.549033771432095818e+01 3.000000000000000000e+00
1.127648027010676515e+02 6.301074507639985711e+01 2.000000000000000000e+00
-6.060985667008908706e+01 8.865901008947469109e+01 2.000000000000000000e+00
-5.203783586402620642e+01 6.648624689193098902e+01 2.000000000000000000e+00
8.810518687898461110e+01 4.914613758572620128e+01 7.000000000000000000e+00
-3.442308282734826808e+00 4.048694453740341714e+01 7.000000000000000000e+00
-4.219197649673619566e+01 9.150392979517879155e+01 2.000000000000000000e+00
-9.107141719265780466e+01 1.423454532978842835e+01 1.200000000000000000e+01
6.128190377524278176e+01 9.208618893449310860e+01 6.000000000000000000e+00
1.040310480967848008e+02 1.157336032766411194e+02 2.000000000000000000e+00
8.861499280533296030e+01 1.254338090200773479e+02 3.000000000000000000e+00
1.754997500588475532e+02 1.000022170805240904e+02 4.000000000000000000e+00
1.416755715039747656e+02 1.645900758731160067e+02 3.000000000000000000e+00
-9.012805453798215183e+01 9.222847411737062373e+01 2.000000000000000000e+00
-3.547016629524121356e+01 9.725080378865833097e+01 1.400000000000000000e+01
-5.403212853820018324e+01 9.130892008113434599e+01 2.000000000000000000e+00
-6.568643076996256980e+01 1.317045421015610884e+02 2.000000000000000000e+00
1.584098048579607507e+02 7.600358621338716603e+01 2.000000000000000000e+00
-4.600751911751912360e+01 1.200713248766948027e+02 2.000000000000000000e+00
-6.499816726198859840e+01 9.125042120030755655e+01 2.700000000000000000e+01
-1.186833079517535197e+02 1.670699908018807207e+02 4.000000000000000000e+00
9.554841717878268526e+01 1.451408155915244151e+02 2.000000000000000000e+00
9.027600376997732212e+01 5.846078643653878260e+01 4.000000000000000000e+00
6.682968729560617938e+00 8.896755616843105940e+01 2.000000000000000000e+00
-9.565471918805587848e+01 6.265072296033115151e+01 5.000000000000000000e+00
1.330749724888701451e+02 6.529146003151700484e+01 2.000000000000000000e+00
1.894660733179515333e+01 1.790283694522065616e+02 3.000000000000000000e+00
1.199774520765586203e+02 5.998322822023318679e+01 2.000000000000000000e+00
3.740318707386721542e+01 8.169614823119241009e+01 3.000000000000000000e+00
5.075444863361888537e+01 5.834652291160173831e+01 3.000000000000000000e+00
-1.479598904445406902e+02 2.887619131324454358e+01 2.000000000000000000e+00
7.695721423956914009e+01 7.301506246002782063e+01 3.000000000000000000e+00
-1.734794440525997459e+02 6.335754797902605162e+01 2.000000000000000000e+00
1.594118492517881975e+02 1.023277829851019476e+02 6.000000000000000000e+00
1.057786004772039092e+02 9.302878759669660269e+01 6.000000000000000000e+00
7.509436887577126640e+01 4.909485778428904723e+01 2.000000000000000000e+00
-5.876393255892486422e+01 1.672109173790927912e+02 9.000000000000000000e+00
-5.531198938551950306e+01 7.030932308104587491e+01 2.000000000000000000e+00
1.796188534529056824e+02 8.998323814559839207e+01 6.000000000000000000e+00
2.848044691635094239e+01 1.177980204850014729e+02 7.000000000000000000e+00
3.419817043493716824e+01 1.691085276692910213e+02 2.000000000000000000e+00
-9.782991348929124342e+01 3.181308427083851242e+01 2.000000000000000000e+00
1.150229468644162552e+02 6.666731975163123991e+01 2.000000000000000000e+00
9.245487740258522535e+01 1.192127000602730362e+02 3.000000000000000000e+00
-4.131657196785536001e+01 1.290292240985590411e+02 2.000000000000000000e+00
-3.636640441823997350e+01 1.171186604947081022e+01 3.000000000000000000e+00
8.028705579287963801e+00 2.639950312641463981e+01 5.000000000000000000e+00
-1.152588357212963501e+02 9.526478657163355734e+00 4.000000000000000000e+00
-1.271770939721664462e+02 1.270666167757792806e+02 2.000000000000000000e+00
8.706607100310068859e+01 5.355221520516193578e+01 3.000000000000000000e+00
1.150018327380114300e+02 8.874957879969245766e+01 1.000000000000000000e+01
6.131669204824649455e+01 1.293000919811928995e+01 2.000000000000000000e+00
-8.445158282121731474e+01 3.485918440847559197e+01 1.100000000000000000e+01
-8.972399623002269209e+01 1.215392135634612316e+02 2.000000000000000000e+00
-1.733170312704394007e+02 9.103244383156894060e+01 2.500000000000000000e+01
8.434528081194412152e+01 1.173492770396688769e+02 3.000000000000000000e+00
-4.692502751112986914e+01 1.147085399684829810e+02 3.000000000000000000e+00
-1.610533926682048502e+02 9.716305477934303880e-01 5.000000000000000000e+00
-6.002254792344137968e+01 1.200167717797668132e+02 2.000000000000000000e+00
-1.425968129261327988e+02 9.830385176880761833e+01 2.000000000000000000e+00
-1.292455513663811075e+02 1.216534770883982759e+02 2.000000000000000000e+00
3.204010955545931694e+01 1.511238086867554671e+02 2.000000000000000000e+00
-1.030427857604308741e+02 1.069849375399721652e+02 2.000000000000000000e+00
6.520555947400225705e+00 1.166424520209739626e+02 2.000000000000000000e+00
-2.058815074821181312e+01 7.767221701489806662e+01 2.000000000000000000e+00
-7.422139952279609076e+01 8.697121240330341152e+01 2.000000000000000000e+00
-1.049056311242287194e+02 1.309051422157109528e+02 3.000000000000000000e+00
1.212360674410751358e+02 1.278908262090723369e+01 3.000000000000000000e+00
1.246880106144804898e+02 1.096906769189541251e+02 2.000000000000000000e+00
-3.811465470943272704e-01 9.001676185440162214e+01 2.000000000000000000e+00
-1.515195530836490434e+02 6.220197951499852707e+01 2.000000000000000000e+00
-1.458018295650628318e+02 1.089147233070899290e+01 2.000000000000000000e+00
8.217008651070875658e+01 1.481869157291615124e+02 2.000000000000000000e+00
-6.497705313558374485e+01 1.133326802483687601e+02 2.000000000000000000e+00
-8.754512259741477465e+01 6.078729993972697088e+01 2.000000000000000000e+00
1.386834280321446329e+02 5.097077590144098025e+01 3.000000000000000000e+00
1.436335955817600336e+02 1.682881339505291578e+02 3.000000000000000000e+00
-1.719712944207120415e+02 1.536004968735853708e+02 3.000000000000000000e+00
6.474116427870366408e+01 1.704735213428366762e+02 2.000000000000000000e+00
5.282290602783356093e+01 5.293338322422071229e+01 3.000000000000000000e+00
-9.293392899689932563e+01 1.264477847948380571e+02 2.000000000000000000e+00
5.201725692225047659e+00 9.381769176310895375e+01 3.000000000000000000e+00
8.786606250097734971e+01 9.354807231612365115e+01 2.000000000000000000e+00
5.592442634664890555e+00 9.157180649964199404e+01 3.000000000000000000e+00
-8.659897927888079039e+01 5.902243536314912831e+01 2.000000000000000000e+00
1.646342494006386232e+02 5.529365437462515587e+01 6.000000000000000000e+00
3.035895006334710899e+01 3.048598246992530747e+01 2.000000000000000000e+00
-9.411216094406674415e+01 1.757095830451899872e+02 2.000000000000000000e+00
3.443784093555557035e+01 3.638310570009260658e+01 2.000000000000000000e+00
3.784755932283522384e+01 3.850476725744851336e+01 2.000000000000000000e+00
9.096220128524579707e+01 1.794198331980457795e+02 2.000000000000000000e+00
4.231198827936771067e+01 3.753736361421192669e+01 2.000000000000000000e+00
1.300973280670351073e+02 1.162423070918718366e+02 2.000000000000000000e+00
5.085844365757537844e+01 9.214307097516592648e+01 5.000000000000000000e+00
9.304226410959559246e+01 4.807204049894679088e+01 2.000000000000000000e+00
-1.742616337230487602e+02 5.798193693780584823e+01 2.000000000000000000e+00
3.639821364528338421e+01 1.042133894304276680e+02 9.000000000000000000e+00
-1.476484288224611419e+02 1.234079033527688551e+02 2.000000000000000000e+00
-8.463403580110905011e+01 8.886023094400115951e+01 5.000000000000000000e+00
6.573058935353842003e+01 9.642181546990515528e+01 2.000000000000000000e+00
-3.320816149683211194e+01 5.926519265649088908e+01 4.000000000000000000e+00
1.366955114642290994e+02 1.074177642343910151e+02 3.000000000000000000e+00
4.714262323508500430e+01 8.223604574329078787e+01 2.000000000000000000e+00
-1.787391961164454131e+02 1.348522260602881317e+02 2.000000000000000000e+00
-1.130355696835462709e+02 5.381535569262108964e+00 4.000000000000000000e+00
-4.689166806073433946e+01 5.379020105331019863e+01 2.000000000000000000e+00
-1.155734419846736500e+02 8.022773041549611150e+01 4.000000000000000000e+00
-1.747982743077749603e+02 8.618230823689103204e+01 4.000000000000000000e+00
-9.213393749902265029e+01 8.645192768387634885e+01 2.000000000000000000e+00
-1.744075573653351228e+02 8.842819350035800596e+01 2.000000000000000000e+00
9.340102072111920961e+01 1.209775646368508859e+02 5.000000000000000000e+00
-1.536575059936135368e+01 1.247063456253748370e+02 3.000000000000000000e+00
-1.496410499366529052e+02 1.495140175300747103e+02 4.000000000000000000e+00
8.588783905593327006e+01 4.290416954810019057e+00 3.000000000000000000e+00
-1.455621590644444439e+02 1.436168942999074147e+02 3.000000000000000000e+00
-1.421524406771647762e+02 1.414952327425514795e+02 4.000000000000000000e+00
-8.903779871475421714e+01 5.801668019542146615e-01 2.000000000000000000e+00
-1.376880117206322893e+02 1.424626363857880733e+02 3.000000000000000000e+00
-4.990267193296489978e+01 6.375769290812817758e+01 1.100000000000000000e+01
-1.291415563424246216e+02 8.785692902483407352e+01 4.000000000000000000e+00
-8.695773589040442175e+01 1.319279595010532091e+02 4.000000000000000000e+00
5.738366276951248679e+00 1.220180630621941589e+02 4.000000000000000000e+00
-1.436017863547166087e+02 7.578661056957234621e+01 9.000000000000000000e+00
3.235157117753886524e+01 5.659209664723113775e+01 5.000000000000000000e+00
9.536596419889096410e+01 9.113976905599884049e+01 2.000000000000000000e+00
-1.142694106464615942e+02 8.357818453009485893e+01 2.000000000000000000e+00
1.467918385031678952e+02 1.207348073435091180e+02 2.000000000000000000e+00
-4.330448853577089352e+01 7.258223576560899915e+01 2.000000000000000000e+00
-1.328573767649150170e+02 9.776395425670924055e+01 2.000000000000000000e+00
1.260803883554602711e+00 4.514777393971188246e+01 2.000000000000000000e+00
6.696443031645372912e+01 1.746184644307379017e+02 3.000000000000000000e+00
1.331083319392656676e+02 1.262097989466898156e+02 2.000000000000000000e+00
6.442655801532634996e+01 9.977226958450390271e+01 3.000000000000000000e+00
2.666357055655129216e+01 7.324904359777691809e+01 4.000000000000000000e+00
-1.024407292486292675e+02 8.935134091726924055e+01 2.000000000000000000e+00
-9.052056494874940995e+01 1.344828253842169090e+02 2.000000000000000000e+00
1.204333986712792068e+02 5.232649268181339153e+01 2.000000000000000000e+00
9.779959659037668018e+01 5.843390493897641846e+01 2.000000000000000000e+00
-6.040398850162899436e+01 1.050123612433973079e+02 3.000000000000000000e+00
-8.763324222753480797e+01 8.947822273956556671e+01 4.000000000000000000e+00
1.051233603944640294e+02 1.131476594318134090e+02 2.000000000000000000e+00
1.271729059568266251e+02 9.571274603031244510e+01 4.000000000000000000e+00
9.192107232648709214e+01 1.023739463573459574e+02 2.000000000000000000e+00
4.039443057909840462e+01 1.041648124940336970e+02 2.000000000000000000e+00
1.117748645273008634e+02 9.190281549738085687e+01 7.000000000000000000e+00
1.349801187615211688e+02 8.882541848823360908e+01 2.000000000000000000e+00
7.856262160854933541e+01 1.108412234971724502e+02 4.000000000000000000e+00
-1.014717272329360220e+01 5.326636708870376680e+01 2.000000000000000000e+00
1.419629328479505546e+02 6.386507924004524739e+01 2.000000000000000000e+00
-5.280753716352608507e+01 5.664369439075479562e+01 2.000000000000000000e+00
-1.618512522914408081e+01 1.076727149168621338e+02 2.000000000000000000e+00
5.027550446970665377e+01 4.438638459551412119e+00 4.000000000000000000e+00
-1.533364294434487078e+02 1.067509564022230819e+02 2.000000000000000000e+00
7.755927075137071824e+01 9.064865908273074524e+01 2.000000000000000000e+00
8.947943505125060426e+01 4.551717461578310520e+01 2.000000000000000000e+00
-5.956660132872080027e+01 1.276735073181865943e+02 2.000000000000000000e+00
-8.220040340962331982e+01 1.215660950610236029e+02 2.000000000000000000e+00
1.195960114983709985e+02 7.498763875660270628e+01 2.000000000000000000e+00
9.236675777246522046e+01 9.052177726043446171e+01 2.000000000000000000e+00
-7.487663960553597065e+01 6.685234056818660520e+01 2.000000000000000000e+00
-5.282709404317336777e+01 8.428725396968754069e+01 2.000000000000000000e+00
-8.807892767351292207e+01 7.762605364265404262e+01 6.000000000000000000e+00
-1.396055694209016167e+02 7.583518750596630298e+01 3.000000000000000000e+00
-6.822513547269915080e+01 8.809718450261914313e+01 2.000000000000000000e+00
-4.501988123847885959e+01 9.117458151176640513e+01 3.000000000000000000e+00
-1.014373783914506646e+02 6.915877650282756406e+01 2.000000000000000000e+00
1.698528272767064209e+02 1.267336329112962261e+02 2.000000000000000000e+00
-3.803706715204945255e+01 1.161349207599547526e+02 2.000000000000000000e+00
1.271924628364739362e+02 1.233563056092451973e+02 2.000000000000000000e+00
1.638148747708559370e+02 7.232728508313788041e+01 2.000000000000000000e+00
-1.297244955302933533e+02 1.755613615404485870e+02 2.000000000000000000e+00
2.388479991266872204e+01 6.412711126064026246e+01 3.000000000000000000e+00
-1.433237965803587883e+02 1.202586267987309583e+02 4.000000000000000000e+00
1.125139207650165929e+02 9.174693451189101268e+01 3.000000000000000000e+00
9.373949730128511959e+00 1.241805279157860440e+02 6.000000000000000000e+00
5.906278928145373186e+01 5.404559263018401793e+01 8.000000000000000000e+00
1.352801416792639202e+02 8.982910042715768384e+01 2.000000000000000000e+00
1.634973970845966846e+02 1.132278096457719272e+02 3.000000000000000000e+00
1.330724256120525126e+02 8.349814759052158308e+01 1.000000000000000000e+01
-1.026393164502234434e+01 8.973670122557760465e+01 5.000000000000000000e+00
1.278467507369001481e+02 8.787594471626746895e+01 3.000000000000000000e+00
1.480123142421448961e+02 5.633259638692269533e+01 5.000000000000000000e+00
1.338882300384105690e+02 1.594896972375995006e+02 2.000000000000000000e+00
-8.507180018636987029e+01 1.669049852420038462e+02 3.000000000000000000e+00
-6.740096089606855401e+01 1.753937958134046937e+02 2.000000000000000000e+00
-1.438776363420350606e+02 1.973937588247911634e+01 2.000000000000000000e+00
-1.561152000873312886e+02 1.158728887393597518e+02 2.000000000000000000e+00
3.667620341964123298e+01 5.974137320126905593e+01 2.000000000000000000e+00
-6.748607923498343553e+01 8.825306548810900154e+01 2.000000000000000000e+00
-1.706260502698714845e+02 5.581947208421397022e+01 2.000000000000000000e+00
-1.209372107185462824e+02 1.259544073698159821e+02 2.000000000000000000e+00
-4.471985832073607270e+01 9.017089957284231616e+01 2.000000000000000000e+00
-1.650260291540331536e+01 6.677219035422808702e+01 5.000000000000000000e+00
-4.692757438794750158e+01 9.650185240947841692e+01 4.000000000000000000e+00
1.697360683549776468e+02 9.026329877442240956e+01 3.000000000000000000e+00
-5.215324926309985187e+01 9.212405528373254526e+01 3.000000000000000000e+00
-3.198768575785512880e+01 1.236674036130773118e+02 2.000000000000000000e+00
-4.611176996158943098e+01 2.051030276240050298e+01 2.000000000000000000e+00
9.492819981363012971e+01 1.309501475799615555e+01 2.000000000000000000e+00
1.125990391039314602e+02 4.606204186595300953e+00 4.000000000000000000e+00
3.612236365796493232e+01 1.602606241175209050e+02 4.000000000000000000e+00
9.000000000000000000e+01 6.359537464450894362e+01 2.000000000000000000e+00
1.485673468525125998e+02 1.032651146025267082e+02 2.000000000000000000e+00
1.295566927787178315e+02 1.192513050215383430e+02 4.000000000000000000e+00
1.215263871449641755e+02 9.883699744293170397e+01 2.000000000000000000e+00
1.254428213914654719e+02 6.442215335191856695e+01 5.000000000000000000e+00
-4.727832038414241822e+01 6.775169359758675114e+01 2.000000000000000000e+00
1.145877693360350662e+02 5.099367509160291689e+01 7.000000000000000000e+00
-1.761870795910730010e+02 9.995013511619023916e+01 5.000000000000000000e+00
1.792623673085058726e+02 9.234990538733417509e+01 3.000000000000000000e+00
-9.370515726017350744e+01 8.707708494271834354e+01 9.000000000000000000e+00
-1.159656847750459541e+01 8.917574868162132873e+01 3.000000000000000000e+00
-5.968714457795713635e+00 9.040309081625900944e+01 4.000000000000000000e+00
9.398836856450220978e+01 8.188144293678286090e+01 2.000000000000000000e+00
1.348983215558638449e+02 7.631267251824391451e+01 2.000000000000000000e+00
-5.251137761180981300e+01 2.180595416993451963e+01 3.000000000000000000e+00
5.041631921169201291e+01 5.266609469938932619e+01 2.000000000000000000e+00
-9.000000000000000000e+01 1.164046253554910635e+02 1.100000000000000000e+01
-3.143265314748740025e+01 7.673488539747330606e+01 3.000000000000000000e+00
-5.044330722128218270e+01 6.074869497846165700e+01 2.000000000000000000e+00
-5.847361285503583872e+01 8.116300255706828182e+01 6.000000000000000000e+00
-5.455717860853454937e+01 1.155778466480814330e+02 3.000000000000000000e+00
1.327216796158575960e+02 1.122483064024132489e+02 2.000000000000000000e+00
-6.541223066396496222e+01 1.290063249083970902e+02 2.000000000000000000e+00
3.812920408927016780e+00 8.004986488380974663e+01 4.000000000000000000e+00
-7.376326914941586654e-01 8.765009461266583912e+01 3.000000000000000000e+00
8.629484273982649256e+01 9.292291505728167067e+01 4.000000000000000000e+00
1.684034315224953957e+02 9.082425131837868548e+01 2.000000000000000000e+00
1.740312855422043015e+02 8.959690918374099056e+01 3.000000000000000000e+00
-8.601163143549781864e+01 9.811855706321715331e+01 2.000000000000000000e+00
-4.510167844413617644e+01 1.036873274817561139e+02 4.000000000000000000e+00
1.274886223881901941e+02 1.581940458300654768e+02 3.000000000000000000e+00
-1.295836807883079871e+02 1.273339053006106809e+02 4.000000000000000000e+00
1.355999678678740850e+01 1.059919144855330586e+02 3.000000000000000000e+00
-1.064897241286436156e+02 1.005309078956745736e+02 4.000000000000000000e+00
8.948222886813606181e+01 1.794535588256559606e+02 2.000000000000000000e+00
9.030662481706191613e+01 1.249645497397345650e+02 2.000000000000000000e+00
-2.071133791470170138e+01 1.304036373203261689e+02 2.000000000000000000e+00
-1.324739479622649796e+01 8.870970287754293793e+01 4.000000000000000000e+00
1.277659743953410469e+02 8.616370259103821638e+01 2.000000000000000000e+00
1.379048067650926690e+01 1.238613573417429734e+02 2.000000000000000000e+00
-3.764209512830962723e+01 1.174719016252139028e+02 2.000000000000000000e+00
1.378498227426073584e+02 4.644935657922578542e+01 2.000000000000000000e+00
-5.833030531445709599e+00 9.372384096503364503e+01 3.000000000000000000e+00
9.564738090904458545e+01 4.987509721677238161e+01 4.000000000000000000e+00
8.911889098347459992e+01 8.662851425782494630e+01 2.000000000000000000e+00
3.377817873172615748e+01 6.624325634398557838e+01 4.000000000000000000e+00
-1.664400032132126057e+02 7.400808551446695560e+01 6.000000000000000000e+00
7.351027587135639862e+01 7.946909210432542636e+01 2.000000000000000000e+00
-9.051777113186393819e+01 5.464411743440353852e-01 3.000000000000000000e+00
-8.969337518293808387e+01 5.503545026026543496e+01 2.000000000000000000e+00
1.592886620852983128e+02 4.959636267967383816e+01 3.000000000000000000e+00
1.667526052037734985e+02 9.129029712245706207e+01 2.000000000000000000e+00
-5.223402560465896727e+01 9.383629740896178362e+01 5.000000000000000000e+00
-1.662095193234907242e+02 5.613864265825704081e+01 2.000000000000000000e+00
1.423579048716903799e+02 6.252809837478611144e+01 2.000000000000000000e+00
-4.215017725739264876e+01 1.335506434207742075e+02 5.000000000000000000e+00
1.741669694685543277e+02 8.627615903496636918e+01 3.000000000000000000e+00
-8.435261909095541455e+01 1.301249027832276113e+02 2.000000000000000000e+00
-9.088110901652540008e+01 9.337148574217506791e+01 4.000000000000000000e+00
-1.462218212682738567e+02 1.137567436560144358e+02 2.000000000000000000e+00
5.401356135999838770e+00 4.315182394912972086e+01 4.000000000000000000e+00
1.092623620738315680e+02 1.197678743258896219e+02 3.000000000000000000e+00
-1.015455947976438722e+02 5.113610109203301590e+01 2.000000000000000000e+00
2.218351304029956506e+00 1.350383814332510326e+02 6.000000000000000000e+00
4.185722065790050550e+01 1.084398137311669927e+02 2.000000000000000000e+00
1.350689137731766607e+02 8.396869387845821109e+01 2.000000000000000000e+00
-9.406421416132184277e+01 2.806901250540577308e+01 6.000000000000000000e+00
-1.567669557593889067e+02 1.118124443137371173e+02 3.000000000000000000e+00
1.240352453184206354e+02 1.155843984360207912e+02 3.000000000000000000e+00
-5.851958606943274077e+01 1.228121988891928282e+02 2.000000000000000000e+00
1.358982671815176388e+02 8.757892927458266286e+01 3.000000000000000000e+00
-1.040399610724669266e+01 9.633197778867730676e+01 7.000000000000000000e+00
1.025012265984245516e+02 8.566374348574261433e+01 3.000000000000000000e+00
9.456048962760307575e+01 7.172491135249769911e+01 3.000000000000000000e+00
1.508875506542723031e+02 7.026611521269846605e+01 5.000000000000000000e+00
1.958623788593440551e+01 4.832911483807153985e+01 3.000000000000000000e+00
-1.745986438640001666e+02 1.368481760508703076e+02 2.000000000000000000e+00
-7.073763792616843205e+01 6.023212567411037099e+01 4.000000000000000000e+00
7.845440520235612780e+01 1.288638989079669841e+02 3.000000000000000000e+00
-1.777816486959700342e+02 4.496161856674898871e+01 2.000000000000000000e+00
-1.381427793420994874e+02 7.156018626883300726e+01 3.000000000000000000e+00
-4.493108622682334641e+01 9.603130612154180312e+01 2.000000000000000000e+00
8.593578583867815723e+01 1.519309874945942624e+02 4.000000000000000000e+00
2.323304424061107554e+01 6.818755568626288266e+01 2.000000000000000000e+00
-5.596475468157936461e+01 6.441560156397922299e+01 5.000000000000000000e+00
1.214804139305672663e+02 5.718780111080719308e+01 3.000000000000000000e+00
-4.410173281848234694e+01 9.242107072541733714e+01 2.000000000000000000e+00
1.695960038927533162e+02 8.366802221132270745e+01 5.000000000000000000e+00
-7.749877340157546257e+01 9.433625651425739989e+01 5.000000000000000000e+00
-8.543951037239692425e+01 1.082750886475023151e+02 4.000000000000000000e+00
-2.911244934572770404e+01 1.097338847873015482e+02 3.000000000000000000e+00
-1.604137621140656051e+02 1.316708851619284815e+02 2.000000000000000000e+00
1.110558558663474082e+00 1.005546059064379847e+02 2.000000000000000000e+00
-5.613508210427387723e+01 2.088517626486959244e+01 2.000000000000000000e+00
1.624319036481232388e+02 7.798944249153315411e+01 2.000000000000000000e+00
1.355863604745228201e+02 1.059486099312552625e+02 3.000000000000000000e+00
1.343337420499078121e+02 9.046389374554709661e+01 2.000000000000000000e+00
-6.245646953515104371e+01 1.031838700827053685e+02 3.000000000000000000e+00
1.342940294249525550e+02 8.991201651549381779e+01 2.000000000000000000e+00
4.077183457905745456e+01 5.497431159095675923e+01 3.000000000000000000e+00
2.146783910608679946e+01 4.966931373543631878e+01 3.000000000000000000e+00
-1.788894414413365155e+02 7.944539409356202952e+01 3.000000000000000000e+00
1.238649178957261370e+02 1.591148237351304147e+02 2.000000000000000000e+00
-1.756809635187678609e+01 1.020105575084668459e+02 2.000000000000000000e+00
-4.441363952547717275e+01 7.405139006874473750e+01 4.000000000000000000e+00
-4.566625795009219502e+01 8.953610625445293181e+01 4.000000000000000000e+00
1.175435304648489705e+02 7.681612991729463147e+01 2.000000000000000000e+00
-4.570597057504743077e+01 9.008798348450618221e+01 3.000000000000000000e+00
-1.392281654209425596e+02 1.250256884090432266e+02 2.000000000000000000e+00
-1.585321608939132147e+02 1.303306862645636670e+02 2.000000000000000000e+00
1.620456708568146666e+02 1.699420185095879390e+02 2.000000000000000000e+00
-1.067403768969871436e+02 4.836984881280140058e+01 2.000000000000000000e+00
-1.234259639453280641e+02 1.000697631895355784e+02 3.000000000000000000e+00
1.420079311382286846e+02 6.379676919103218324e+01 2.000000000000000000e+00
1.593916354986331214e+02 5.332972128796544098e+01 2.000000000000000000e+00
1.693613074919854284e+02 9.364946857703820626e+01 3.000000000000000000e+00
1.793450624346491225e+02 6.226443291151015558e+01 4.000000000000000000e+00
-4.625527570535474098e+01 6.724399425074184933e+01 2.000000000000000000e+00
-8.424130435008656548e+01 1.080262494061925054e+02 2.000000000000000000e+00
-1.398973500734596200e+02 9.079016051158478717e+01 3.000000000000000000e+00
1.328589968911753374e+02 8.883224719683421711e+01 4.000000000000000000e+00
-8.834166497238967963e+01 1.369840187053642921e+02 2.000000000000000000e+00
-8.564223108789400385e+01 1.330999274352993780e+02 5.000000000000000000e+00
-1.795432914318533335e+01 1.005798149041205569e+01 2.000000000000000000e+00
7.325962310301287062e+01 1.316301511871986065e+02 2.000000000000000000e+00
5.657403605467194296e+01 7.993023681046442164e+01 2.000000000000000000e+00
-3.799206886177130116e+01 1.162032308089678168e+02 2.000000000000000000e+00
-2.060836450136687148e+01 1.266702787120345590e+02 1.000000000000000000e+01
-1.063869250801457689e+01 8.635053142296179374e+01 3.000000000000000000e+00
-6.549375653508929807e-01 1.177355670884898586e+02 2.000000000000000000e+00
1.337447242946452661e+02 1.127560057492581649e+02 2.000000000000000000e+00
9.575869564991343452e+01 7.197375059380752305e+01 4.000000000000000000e+00
4.010264992654037997e+01 8.920983948841521283e+01 2.000000000000000000e+00
-4.714100310882465550e+01 9.116775280316581132e+01 2.000000000000000000e+00
9.165833502761030616e+01 4.301598129463571496e+01 8.000000000000000000e+00
9.435776891210599615e+01 4.690007256470064334e+01 2.000000000000000000e+00
1.747164066116020251e+02 1.644177515535489817e+02 2.000000000000000000e+00
1.194549783703367325e+02 7.106027748594085836e+01 3.000000000000000000e+00
-4.730004386927845417e+00 6.526303787990609351e+01 2.000000000000000000e+00
-8.828973998031462145e+01 6.754371260311994263e+01 2.000000000000000000e+00
1.441248461731187547e+02 8.589925833025334612e+01 2.000000000000000000e+00
-5.007895081694137218e+01 6.704650853915025266e+01 2.000000000000000000e+00
3.408816331875268446e+01 1.196790703784764105e+02 4.000000000000000000e+00
1.149960923655507798e+02 7.603383213552504571e+01 2.000000000000000000e+00
9.466811519901368399e+01 9.209351623224669936e+01 2.000000000000000000e+00
-5.283593388397962443e+00 1.558224844645101470e+01 4.000000000000000000e+00
-6.054502162966327461e+01 1.089397225140591416e+02 2.000000000000000000e+00
1.752699956130721546e+02 1.147369621200939065e+02 3.000000000000000000e+00
9.171026001968537855e+01 1.124562873968800716e+02 3.000000000000000000e+00
-3.587515382688125243e+01 9.410074166974665388e+01 2.000000000000000000e+00
1.299210491830586420e+02 1.129534914608497616e+02 4.000000000000000000e+00
-1.459118366812473369e+02 6.032092962152359661e+01 2.000000000000000000e+00
-6.500390763444922015e+01 1.039661678644749685e+02 2.000000000000000000e+00
-8.533188480098630180e+01 8.790648376775330064e+01 3.000000000000000000e+00
-1.796459588645948315e+02 5.152200894031108902e+01 4.000000000000000000e+00
-1.547745724682824005e+02 9.291688366414236455e+00 2.000000000000000000e+00
-8.807648568268672307e+01 1.778386718706462375e+02 2.000000000000000000e+00
2.767897892617529276e+00 9.506634923504871892e+01 2.000000000000000000e+00
1.439644633848073170e+02 1.272883525893658003e+02 4.000000000000000000e+00
1.135945476921071986e+02 1.771924734329888622e+02 2.000000000000000000e+00
1.766867865021319233e+02 9.398601312064394619e+01 2.000000000000000000e+00
3.540411354051894999e-01 1.284779910596889181e+02 3.000000000000000000e+00
2.522542753171761021e+01 1.707083116335857653e+02 2.000000000000000000e+00
9.192351431731329114e+01 2.161328129353758953e+00 2.000000000000000000e+00
-1.772321021073824738e+02 8.493365076495130950e+01 3.000000000000000000e+00
-3.603553661519267592e+01 5.271164741063419257e+01 2.000000000000000000e+00
-6.640545230789281561e+01 2.807526567011123131e+00 2.000000000000000000e+00
-3.313213497868070512e+00 8.601398687935606802e+01 3.000000000000000000e+00
1.352554334459418897e+02 9.535518779208612727e+01 5.000000000000000000e+00
1.140111486873941686e+02 2.002396674210525873e+01 3.000000000000000000e+00
-5.514652822415442301e+01 6.229725401402497909e+01 2.000000000000000000e+00
1.314689684456802468e+02 7.749311643592602650e+01 5.000000000000000000e+00
1.319940717683881530e+02 1.064741848590580418e+02 2.000000000000000000e+00
3.447143466198920692e+01 5.509708301574782752e+01 2.000000000000000000e+00
-4.474456655405809613e+01 8.464481220791388694e+01 6.000000000000000000e+00
-6.598885131260584558e+01 1.599760332578947555e+02 2.000000000000000000e+00
1.248534717758455912e+02 1.177027459859750138e+02 3.000000000000000000e+00
-4.853103155431976035e+01 1.025068835640740019e+02 1.000000000000000000e+01
-4.800592823161182565e+01 7.352581514094198667e+01 2.000000000000000000e+00
-1.455285653380107931e+02 1.249029169842521867e+02 4.000000000000000000e+00
1.623561802881191056e+02 1.740418211288565828e+02 5.000000000000000000e+00
-1.542665474369584047e+02 1.041665997730954700e+02 3.000000000000000000e+00
1.436456754585628346e+02 1.288517982169112202e+02 2.000000000000000000e+00
-1.798838503780250164e+02 8.966980538257102751e+01 2.000000000000000000e+00
-9.028815367074781761e+01 1.237905337560160390e+01 2.000000000000000000e+00
1.322102748730761732e+02 1.196706227928428206e+02 3.000000000000000000e+00
-1.764381971188089082e+01 5.958178871143419819e+00 2.000000000000000000e+00
2.573345256304159889e+01 7.583340022690452997e+01 4.000000000000000000e+00
-3.635432454143718672e+01 5.114820178308877274e+01 2.000000000000000000e+00
1.161496219749823533e-01 9.033019461742897249e+01 2.000000000000000000e+00
8.971184632925218239e+01 1.676209466243984139e+02 2.000000000000000000e+00
-4.778972512692384811e+01 6.032937720715717944e+01 4.000000000000000000e+00
2.884426697391382799e+00 9.444100255309776060e+01 7.000000000000000000e+00
1.466934884843544182e+02 6.073114234341763051e+01 3.000000000000000000e+00
-8.861741417953898292e+01 1.254388553975244314e+01 3.000000000000000000e+00
9.000000000000000000e+01 8.198874517412880891e+01 7.000000000000000000e+00
-1.430880831366166319e+02 1.773847563942186412e+02 2.000000000000000000e+00
1.257801230042323084e+02 1.207527115747194131e+02 3.000000000000000000e+00
7.590123440502421204e+01 5.878254250883799870e+01 2.000000000000000000e+00
1.273097858329536365e+02 1.207858090653913052e+02 2.000000000000000000e+00
-1.771155733026086523e+02 8.555899744690223940e+01 2.000000000000000000e+00
-3.330651151564558177e+01 1.192688576565823837e+02 2.000000000000000000e+00
9.138258582046101708e+01 1.674561144602475622e+02 3.000000000000000000e+00
-9.000000000000000000e+01 9.801125482587120530e+01 4.000000000000000000e+00
3.691191686338336098e+01 2.615243605781344183e+00 3.000000000000000000e+00
-5.421987699576769160e+01 5.924728842528058692e+01 2.000000000000000000e+00
-1.040987655949757880e+02 1.212174574911620084e+02 3.000000000000000000e+00
-5.269021416704637772e+01 5.921419093460869476e+01 2.000000000000000000e+00
-1.698680368322408469e+02 9.053881919662215338e+00 9.000000000000000000e+00
-1.638712245504226814e+02 8.336529733570242229e+01 2.000000000000000000e+00
-1.641783747211561106e+01 6.590005736397834823e+01 3.000000000000000000e+00
-1.797435026527410855e+02 1.094612280038519572e+02 7.000000000000000000e+00
1.439314104861546753e+02 5.594212498278539414e+01 4.000000000000000000e+00
8.743220570138821301e+01 5.858597066666311548e+01 2.000000000000000000e+00
1.304785955396996826e+02 1.246142807656405012e+02 2.000000000000000000e+00
9.711008506855398537e+01 1.058863131580011441e+02 2.000000000000000000e+00
-1.080494483440397886e+02 5.058795342679409401e+01 2.000000000000000000e+00
9.018678105433042447e+01 9.113186227151861374e+01 2.000000000000000000e+00
-8.595911282296663236e-01 8.956300860868633151e+01 4.000000000000000000e+00
5.031387756022773772e+01 9.666501267076071713e+01 3.000000000000000000e+00
1.013196316775916550e+01 1.709461180803377829e+02 2.000000000000000000e+00
1.612877544957733633e+01 9.663470266429756350e+01 3.000000000000000000e+00
1.635821625278844067e+02 1.140999426360216518e+02 4.000000000000000000e+00
2.564973472588903958e-01 7.053877199614805704e+01 2.000000000000000000e+00
-3.606858951384535317e+01 1.240578750172145988e+02 2.000000000000000000e+00
-9.256779429861178699e+01 1.214140293333368845e+02 2.000000000000000000e+00
-4.952140446030034582e+01 5.538571923435951305e+01 2.000000000000000000e+00
-8.288991493144601463e+01 7.411368684199885593e+01 4.000000000000000000e+00
7.195055165596022562e+01 1.294120465732059131e+02 2.000000000000000000e+00
-8.981321894566956132e+01 8.886813772848140047e+01 3.000000000000000000e+00
1.791404088717703189e+02 9.043699139131366849e+01 3.000000000000000000e+00
-1.296861224397722481e+02 8.333498732923929708e+01 2.000000000000000000e+00
1.796275540005538573e+02 1.483761555872094959e+02 4.000000000000000000e+00
1.289578390343481828e+02 1.231129195072638254e+02 4.000000000000000000e+00
-4.774958495507076606e+01 5.450085039428402922e+01 2.000000000000000000e+00
1.797716291250174834e+02 8.956134109955272038e+01 4.000000000000000000e+00
-3.724459994461540857e-01 3.162384441279050051e+01 2.000000000000000000e+00
-5.104216096565183136e+01 5.688708049273617462e+01 2.000000000000000000e+00
1.322504150449292695e+02 1.254991496057159708e+02 4.000000000000000000e+00
-2.283708749825018314e-01 9.043865890044729383e+01 2.000000000000000000e+00
-8.195758760090565431e+01 1.769620576971788353e+02 2.000000000000000000e+00
-9.543369940474450175e+01 3.340086987625971204e+01 5.000000000000000000e+00
1.336766843867138164e+02 6.705563074007403657e+01 7.000000000000000000e+00
-1.350045126180132229e+02 8.912514971879143388e+01 2.000000000000000000e+00
-1.384372794320385651e+02 7.086100101938598073e+01 2.000000000000000000e+00
-9.000000000000000000e+01 1.341884944249493969e+02 3.000000000000000000e+00
9.804241239909434569e+01 3.037942302821178053e+00 2.000000000000000000e+00
8.456630059525549825e+01 1.465991301237403093e+02 2.000000000000000000e+00
-4.632331561328619074e+01 1.129443692599259776e+02 2.000000000000000000e+00
4.499548738198677711e+01 9.087485028120856612e+01 2.000000000000000000e+00
4.156272056796142778e+01 1.091389989806140193e+02 2.000000000000000000e+00
9.000000000000000000e+01 4.581150557505061016e+01 3.000000000000000000e+00
3.651225217534870637e+01 9.079568650279873054e+01 3.000000000000000000e+00
1.467615126396287906e+02 8.725334371799588951e+01 3.000000000000000000e+00
8.014066181943155698e+01 1.157689696579878671e+02 4.000000000000000000e+00
-1.434877478246512794e+02 8.920431349720128367e+01 4.000000000000000000e+00
-3.323848736037123075e+01 9.274665628200412471e+01 2.000000000000000000e+00
-9.985933818056845723e+01 6.423103034201214712e+01 2.000000000000000000e+00
1.764206765842990592e+02 1.413551821957381947e+02 2.000000000000000000e+00
1.623474839866797197e+02 3.191813971839428632e+01 3.000000000000000000e+00
-3.579323415700941702e+00 3.864481780426179824e+01 2.000000000000000000e+00
-1.765251601332028741e+01 1.480818602816057137e+02 3.000000000000000000e+00
-2.084829524180959481e+01 4.840264003206380750e+01 5.000000000000000000e+00
1.382092425303791003e+02 1.247629399805683619e+02 3.000000000000000000e+00
-9.653131496466750150e+01 6.162521722677330871e+01 2.000000000000000000e+00
1.591517047581904194e+02 1.315973599679361996e+02 2.000000000000000000e+00
-4.179075746962091387e+01 5.523706001943163102e+01 4.000000000000000000e+00
8.346868503533248429e+01 1.183747827732267126e+02 2.000000000000000000e+00
1.725245050321239546e+02 6.439055427202512760e+01 2.000000000000000000e+00
-7.475494967876053387e+00 1.156094457279748724e+02 5.000000000000000000e+00
-9.000000000000000000e+01 8.868900068301462625e+01 2.000000000000000000e+00
9.000000000000000000e+01 9.131099931698535954e+01 2.000000000000000000e+00
-1.247805377876452155e+02 1.236783603771414874e+02 2.000000000000000000e+00
5.521946221235478447e+01 5.632163962285851966e+01 2.000000000000000000e+00
1.414848068967719428e+02 1.107226583103110755e+02 3.000000000000000000e+00
-3.851519310322806433e+01 6.927734168968895290e+01 6.000000000000000000e+00
8.473638733962293657e+01 9.180867383246453528e+01 2.000000000000000000e+00
-9.526361266037709186e+01 8.819132616753549314e+01 2.000000000000000000e+00
-9.888837186981450600e+01 1.741698974579941535e+02 2.000000000000000000e+00
-6.366007945781033328e+01 1.127404008644478921e+02 2.000000000000000000e+00
8.111162813018549400e+01 5.830102542005849209e+00 2.000000000000000000e+00
1.163399205421896596e+02 6.725959913555213632e+01 4.000000000000000000e+00
-9.047698937763345839e+01 8.846634177798925691e+01 3.000000000000000000e+00
9.986218274615271895e+00 1.363603075241883005e+02 2.000000000000000000e+00
8.952301062236654161e+01 9.153365822201074309e+01 2.000000000000000000e+00
-1.700137817253847174e+02 4.363969247581170663e+01 2.000000000000000000e+00
9.070100786116914549e+01 1.697920674878619991e+02 2.000000000000000000e+00
-8.929899213883085451e+01 1.020793251213799380e+01 3.000000000000000000e+00
3.942643501562831432e+01 6.216321455517520889e+01 2.000000000000000000e+00
-1.096521583294916979e+02 5.429470985990991494e+01 2.000000000000000000e+00
-1.405735649843716715e+02 1.178367854448247982e+02 2.000000000000000000e+00
7.034784167050831627e+01 1.257052901400900851e+02 3.000000000000000000e+00
8.875119285617158482e+01 1.154475450244832047e+02 2.000000000000000000e+00
1.779812614643810420e+01 8.764838056933253085e+01 2.000000000000000000e+00
-1.192053696754359464e+02 4.944912365349620131e+01 3.000000000000000000e+00
-9.124880714382841518e+01 6.455245497551679534e+01 3.000000000000000000e+00
-1.622018738535619207e+02 9.235161943066745494e+01 3.000000000000000000e+00
6.079463032456405358e+01 1.305508763465037987e+02 3.000000000000000000e+00
1.442180129658842418e+02 5.696972911635106840e+01 3.000000000000000000e+00
-3.578198703411576531e+01 1.230302708836489387e+02 2.000000000000000000e+00
2.266654704500336592e+01 4.767297486008163077e+01 2.000000000000000000e+00
-1.573334529549966589e+02 1.323270251399183906e+02 2.000000000000000000e+00
-7.986525060942240373e+01 1.171192815591718386e+02 3.000000000000000000e+00
1.001347493905775963e+02 6.288071844082816853e+01 3.000000000000000000e+00
7.352936212062311938e+01 1.158158066443895677e+02 2.000000000000000000e+00
-1.064706378793768948e+02 6.418419335561043226e+01 2.000000000000000000e+00
-9.387925055454944356e+01 9.888958985120075340e+01 3.000000000000000000e+00
8.612074944545057065e+01 8.111041014879924660e+01 2.000000000000000000e+00
-9.598191879506374846e+01 1.687661861731287729e+02 2.000000000000000000e+00
8.401808120493625154e+01 1.123381382687122709e+01 2.000000000000000000e+00
1.319335536859790992e+01 9.140383543591441651e+01 2.000000000000000000e+00
-1.668066446314020936e+02 8.859616456408561191e+01 2.000000000000000000e+00
1.781968915991760127e+02 8.968769242480081516e+01 2.000000000000000000e+00
1.336024519111464848e+01 1.340819049723177159e+02 2.000000000000000000e+00
-1.803108400823997037e+00 9.031230757519917063e+01 2.000000000000000000e+00
-1.666397548088853853e+02 4.591809502768229123e+01 2.000000000000000000e+00
-1.656015944207277357e+02 4.784309150092717999e+01 2.000000000000000000e+00
1.439840557927226783e+01 1.321569084990728413e+02 2.000000000000000000e+00
1.692910663286841668e+02 1.197887358419237813e+02 2.000000000000000000e+00
-1.070893367131583673e+01 6.021126415807623289e+01 2.000000000000000000e+00
-6.245992694751738128e+01 1.007833593582050753e+02 2.000000000000000000e+00
1.175400730524826400e+02 7.921664064179493892e+01 2.000000000000000000e+00
-4.228841290770456851e+01 6.937507294186212903e+01 2.000000000000000000e+00
1.377115870922954457e+02 1.106249270581378994e+02 2.000000000000000000e+00
2.064807680961752467e+01 8.075868471704781371e+01 2.000000000000000000e+00
-1.593519231903824789e+02 9.924131528295220050e+01 2.000000000000000000e+00
5.001532704611749836e+01 4.590190716584609021e+01 2.000000000000000000e+00
-1.299846729538824945e+02 1.340980928341539027e+02 2.000000000000000000e+00
-9.000000000000000000e+01 7.911445296583050890e+01 2.000000000000000000e+00
9.000000000000000000e+01 1.008855470341694911e+02 2.000000000000000000e+00
