# itime ezz other fcc hcp bcc ico
0.000000000000000000e+00 0.000000000000000000e+00 4.551661356395084266e-04 9.995448338643604380e-01 0.000000000000000000e+00 0.000000000000000000e+00 0.000000000000000000e+00
2.500000000000000000e+02 1.000005637660605906e-02 1.137915339098770958e-03 9.988620846609012061e-01 0.000000000000000000e+00 0.000000000000000000e+00 0.000000000000000000e+00
5.000000000000000000e+02 2.000011275321234017e-02 1.593081474738279385e-03 9.984069185252617551e-01 0.000000000000000000e+00 0.000000000000000000e+00 0.000000000000000000e+00
7.500000000000000000e+02 3.000016912981839923e-02 5.461993627674101119e-03 9.945380063723259223e-01 0.000000000000000000e+00 0.000000000000000000e+00 0.000000000000000000e+00
1.000000000000000000e+03 4.000022550642445829e-02 7.737824305871643035e-03 9.921483841602184439e-01 0.000000000000000000e+00 1.137915339098771066e-04 0.000000000000000000e+00
1.250000000000000000e+03 5.000028188303073939e-02 1.433773327264451468e-02 9.850933090578061213e-01 0.000000000000000000e+00 5.689576695493854790e-04 0.000000000000000000e+00
1.500000000000000000e+03 6.000033825963679845e-02 1.820664542558033533e-02 9.807692307692307265e-01 0.000000000000000000e+00 1.024123805188893906e-03 0.000000000000000000e+00
1.750000000000000000e+03 7.000039463624285752e-02 4.426490669094219205e-02 9.524351388256713236e-01 0.000000000000000000e+00 3.299954483386436255e-03 0.000000000000000000e+00
2.000000000000000000e+03 8.000045101284913862e-02 9.547109695038688559e-02 8.982703686845698865e-01 0.000000000000000000e+00 6.258534365043240920e-03 0.000000000000000000e+00
2.250000000000000000e+03 9.000050738945519768e-02 1.736458807464724696e-01 7.939235320892125136e-01 0.000000000000000000e+00 3.243058716431497512e-02 0.000000000000000000e+00
2.500000000000000000e+03 1.000005637660612567e-01 3.372781065088757413e-01 4.560764679107874309e-01 3.982703686845699004e-03 2.026627218934911323e-01 0.000000000000000000e+00
2.750000000000000000e+03 1.100006201426673158e-01 4.054392353208920996e-01 2.761720527992717611e-01 2.674101046882111990e-02 2.916477014110150368e-01 0.000000000000000000e+00
3.000000000000000000e+03 1.200006765192735969e-01 4.288802913063268218e-01 1.875284478834774726e-01 5.985434683659535821e-02 3.237369139736003820e-01 0.000000000000000000e+00
3.250000000000000000e+03 1.300007328958796560e-01 4.253527537551206050e-01 9.968138370505234824e-02 9.262630860263997012e-02 3.823395539371870488e-01 0.000000000000000000e+00
3.500000000000000000e+03 1.400007892724857150e-01 4.548247610377788019e-01 4.858898497951752438e-02 1.198224852071005930e-01 3.767637687756030807e-01 0.000000000000000000e+00
3.750000000000000000e+03 1.500008456490919961e-01 4.921483841602184994e-01 4.756486117432862787e-02 1.475876194811105990e-01 3.126991351843422806e-01 0.000000000000000000e+00
4.000000000000000000e+03 1.600009020256980552e-01 5.398270368684570109e-01 5.621301775147929253e-02 1.860491579426490627e-01 2.179107874374146547e-01 0.000000000000000000e+00
4.250000000000000000e+03 1.700009584023041143e-01 5.505234410559853853e-01 8.249886208466089554e-02 2.290623577605826189e-01 1.379153390987710448e-01 0.000000000000000000e+00
4.500000000000000000e+03 1.800010147789103954e-01 5.657715065999089354e-01 8.921256258534364381e-02 2.532999544833864358e-01 9.171597633136094330e-02 0.000000000000000000e+00
4.750000000000000000e+03 1.900010711555164544e-01 5.786299499317251183e-01 8.409194355939918208e-02 2.603550295857988139e-01 7.692307692307692735e-02 0.000000000000000000e+00
5.000000000000000000e+03 2.000011275321225135e-01 5.888711879836140417e-01 9.057806099226217711e-02 2.593309057806099105e-01 6.121984524351388457e-02 0.000000000000000000e+00
5.250000000000000000e+03 2.100011839087287946e-01 6.030951297223486884e-01 9.569868001820663883e-02 2.534137460172963263e-01 4.779244424214838111e-02 0.000000000000000000e+00
5.500000000000000000e+03 2.200012402853348537e-01 6.119708693673190369e-01 1.009330905780609910e-01 2.389622212107419263e-01 4.813381884387801790e-02 0.000000000000000000e+00
5.750000000000000000e+03 2.300012966619409127e-01 6.104915794264906825e-01 1.040054619936276736e-01 2.435138825671370189e-01 4.198907601274465273e-02 0.000000000000000000e+00
6.000000000000000000e+03 2.400013530385471938e-01 6.156121984524350887e-01 1.093536640873919025e-01 2.344105598543468338e-01 4.062357760582612637e-02 0.000000000000000000e+00
6.250000000000000000e+03 2.500014094151532529e-01 6.380291306326809631e-01 1.186845698680018268e-01 2.117660446062812896e-01 3.152025489303595523e-02 0.000000000000000000e+00
6.500000000000000000e+03 2.600014657917593119e-01 6.478152025489303245e-01 1.257396449704142050e-01 1.952662721893491105e-01 3.117888029130632538e-02 0.000000000000000000e+00
6.750000000000000000e+03 2.700015221683653710e-01 6.552116522530723186e-01 1.269913518434228616e-01 1.892353208921256358e-01 2.856167501137915274e-02 0.000000000000000000e+00
7.000000000000000000e+03 2.800015785449716521e-01 6.649977241693217911e-01 1.289258079198907503e-01 1.784251251706872876e-01 2.765134274010013632e-02 0.000000000000000000e+00
7.250000000000000000e+03 2.900016349215777112e-01 6.733045061447427981e-01 1.259672280382339582e-01 1.745562130177514826e-01 2.617205279927173334e-02 0.000000000000000000e+00
7.500000000000000000e+03 3.000016912981837702e-01 6.882111970869366768e-01 1.182294037323623065e-01 1.695493855257168836e-01 2.401001365498407064e-02 0.000000000000000000e+00
7.750000000000000000e+03 3.100017476747900513e-01 7.078971324533455123e-01 1.098088302230314089e-01 1.599908966772872199e-01 2.218934911242603433e-02 1.137915339098771066e-04
8.000000000000000000e+03 3.200018040513961104e-01 7.123350022758306865e-01 1.086709148839326289e-01 1.582840236686390567e-01 2.071005917159763482e-02 0.000000000000000000e+00
8.250000000000000000e+03 3.300018604280021695e-01 7.319071461083295205e-01 9.899863450159307465e-02 1.467910787437414766e-01 2.230314064633591095e-02 0.000000000000000000e+00
8.500000000000000000e+03 3.400019168046084506e-01 7.479517523896221931e-01 9.512972234865725574e-02 1.409877105143377274e-01 1.593081474738279601e-02 0.000000000000000000e+00
8.750000000000000000e+03 3.500019731812145096e-01 7.677514792899408080e-01 8.693673190714611143e-02 1.294947655894401473e-01 1.581702321347291593e-02 0.000000000000000000e+00
9.000000000000000000e+03 3.600020295578205687e-01 7.766272189349112676e-01 8.067819754210286964e-02 1.285844333181611343e-01 1.399635867091488309e-02 1.137915339098771066e-04
9.250000000000000000e+03 3.700020859344268498e-01 7.876649977241693135e-01 7.954028220300408958e-02 1.175466545289030468e-01 1.513427401001365448e-02 1.137915339098771066e-04
9.500000000000000000e+03 3.800021423110329089e-01 8.013199817933546187e-01 7.350933090578061491e-02 1.123122439690487084e-01 1.274465179790623508e-02 1.137915339098771066e-04
9.750000000000000000e+03 3.900021986876389679e-01 8.084888484296768318e-01 6.736458807464724974e-02 1.102639963586709154e-01 1.388256713700500647e-02 0.000000000000000000e+00
1.000000000000000000e+04 4.000022550642452490e-01 8.216886663632225751e-01 6.156121984524351443e-02 1.028675466545289074e-01 1.376877560309512985e-02 1.137915339098771066e-04
1.025000000000000000e+04 4.100023114408513081e-01 8.404642694583522866e-01 5.587164314974965573e-02 9.182976786527081992e-02 1.183431952662721866e-02 0.000000000000000000e+00
1.050000000000000000e+04 4.200023678174573671e-01 8.505917159763313196e-01 5.314064633591260994e-02 8.625398270368685172e-02 9.672280382339554228e-03 3.413746017296313199e-04
1.075000000000000000e+04 4.300024241940634262e-01 8.703914428766499345e-01 4.426490669094219205e-02 7.510241238051888757e-02 1.012744651797906244e-02 1.137915339098771066e-04
1.100000000000000000e+04 4.400024805706697073e-01 8.810878470641784199e-01 3.868912152935821691e-02 6.884387801547564578e-02 1.126536185707783383e-02 1.137915339098771066e-04
1.125000000000000000e+04 4.500025369472757664e-01 8.928083750568958088e-01 3.573054164770141095e-02 6.269913518434228061e-02 8.761948111060537808e-03 0.000000000000000000e+00
1.150000000000000000e+04 4.600025933238818254e-01 8.994082840236686804e-01 3.254437869822485174e-02 5.871643149749658508e-02 8.761948111060537808e-03 5.689576695493854790e-04
1.175000000000000000e+04 4.700026497004881065e-01 9.074874829312699065e-01 3.026854802002730896e-02 5.393718707328174627e-02 8.079198907601274626e-03 2.275830678197542133e-04
1.200000000000000000e+04 4.800027060770941656e-01 9.070323167956304555e-01 3.026854802002730896e-02 5.575785161583977911e-02 6.372325898953117539e-03 5.689576695493854790e-04
1.225000000000000000e+04 4.900027624537002247e-01 9.099908966772871644e-01 2.981338188438780248e-02 5.234410559854346667e-02 6.941283568502503235e-03 9.103322712790168532e-04
1.250000000000000000e+04 5.000028188303065058e-01 9.189804278561675144e-01 2.765134274010013632e-02 4.619936276741010150e-02 6.827492034592626616e-03 3.413746017296313199e-04
1.275000000000000000e+04 5.100028752069125648e-01 9.228493400091033472e-01 2.765134274010013632e-02 4.324078288575330248e-02 5.689576695493855224e-03 5.689576695493854790e-04
1.300000000000000000e+04 5.200029315835186239e-01 9.285389167045972059e-01 2.344105598543468408e-02 4.119253527537550946e-02 5.917159763313609329e-03 9.103322712790168532e-04
1.325000000000000000e+04 5.300029879601249050e-01 9.319526627218934767e-01 2.366863905325443732e-02 3.755120619025944378e-02 5.917159763313609329e-03 9.103322712790168532e-04
1.350000000000000000e+04 5.400030443367309640e-01 9.313837050523441352e-01 2.401001365498407064e-02 3.937187073281747662e-02 4.665452890304961318e-03 5.689576695493854790e-04
1.375000000000000000e+04 5.500031007133370231e-01 9.374146563495675544e-01 2.071005917159763482e-02 3.493400091033227461e-02 5.689576695493855224e-03 1.251706873008648227e-03
1.400000000000000000e+04 5.600031570899433042e-01 9.404870277651342647e-01 1.866181156121984527e-02 3.527537551206190447e-02 4.437869822485207214e-03 1.137915339098770958e-03
1.425000000000000000e+04 5.700032134665493633e-01 9.444697314519799880e-01 1.945835229858898507e-02 3.163404642694583185e-02 3.527537551206190360e-03 9.103322712790168532e-04
1.450000000000000000e+04 5.800032698431554223e-01 9.441283568502503165e-01 1.934456076467910846e-02 3.140646335912607862e-02 4.096495220755575623e-03 1.024123805188893906e-03
1.475000000000000000e+04 5.900033262197614814e-01 9.518661811561219821e-01 1.684114701866181243e-02 2.708238507055074976e-02 3.413746017296313308e-03 7.965407373691396923e-04
1.500000000000000000e+04 6.000033825963677625e-01 9.512972234865726406e-01 1.638598088302230249e-02 2.753755120619025970e-02 3.413746017296313308e-03 1.365498406918525280e-03
1.525000000000000000e+04 6.100034389729738216e-01 9.542558033682293495e-01 1.388256713700500647e-02 2.662721893491124328e-02 3.868912152935821518e-03 1.365498406918525280e-03
1.550000000000000000e+04 6.200034953495798806e-01 9.601729631315429891e-01 1.172052799271734204e-02 2.309968138370505075e-02 3.413746017296313308e-03 1.593081474738279385e-03
1.575000000000000000e+04 6.300035517261861617e-01 9.601729631315429891e-01 1.217569412835685025e-02 2.139280837505689453e-02 3.982703686845699004e-03 2.275830678197541916e-03
1.600000000000000000e+04 6.400036081027922208e-01 9.629039599453800280e-01 1.194811106053709528e-02 2.036868456986800149e-02 3.413746017296313308e-03 1.365498406918525280e-03
1.625000000000000000e+04 6.500036644793982799e-01 9.617660446062813451e-01 1.172052799271734204e-02 2.196176604460628110e-02 2.617205279927173507e-03 1.934456076467910759e-03
1.650000000000000000e+04 6.600037208560045610e-01 9.643832498862084934e-01 1.115157032316795548e-02 1.934456076467910846e-02 3.186162949476558769e-03 1.934456076467910759e-03
1.675000000000000000e+04 6.700037772326106200e-01 9.644970414201183839e-01 1.035502958579881741e-02 1.991351843422849502e-02 2.958579881656804664e-03 2.275830678197541916e-03
1.700000000000000000e+04 6.800038336092166791e-01 9.706417842512516936e-01 9.217114246700046018e-03 1.581702321347291593e-02 2.503413746017296455e-03 1.820664542558033706e-03
1.725000000000000000e+04 6.900038899858229602e-01 9.749658625398270884e-01 6.030951297223486815e-03 1.479289940828402289e-02 2.162039144287664864e-03 2.048247610377787811e-03
1.750000000000000000e+04 7.000039463624290192e-01 9.708693673190714746e-01 6.713700500682749130e-03 1.638598088302230249e-02 3.868912152935821518e-03 2.162039144287664864e-03
1.775000000000000000e+04 7.100040027390350783e-01 9.730314064633591720e-01 6.258534365043240920e-03 1.547564861174328607e-02 3.527537551206190360e-03 1.706873008648156654e-03
1.800000000000000000e+04 7.200040591156413594e-01 9.783796085571233592e-01 5.348202093764223633e-03 1.183431952662721866e-02 2.844788347746927612e-03 1.593081474738279385e-03
1.825000000000000000e+04 7.300041154922474185e-01 9.787209831588530307e-01 5.120619025944469528e-03 1.206190259444697363e-02 2.617205279927173507e-03 1.479289940828402332e-03
1.850000000000000000e+04 7.400041718688534775e-01 9.784934000910332497e-01 5.006827492034592909e-03 1.172052799271734204e-02 3.299954483386436255e-03 1.479289940828402332e-03
1.875000000000000000e+04 7.500042282454595366e-01 9.800864815657714946e-01 5.120619025944469528e-03 1.035502958579881741e-02 1.934456076467910759e-03 2.503413746017296455e-03
1.900000000000000000e+04 7.600042846220658177e-01 9.814519799726900695e-01 4.779244424214838804e-03 1.024123805188893906e-02 1.934456076467910759e-03 1.593081474738279385e-03
1.925000000000000000e+04 7.700043409986718768e-01 9.811106053709603980e-01 4.324078288575329727e-03 9.786071916249430847e-03 2.844788347746927612e-03 1.934456076467910759e-03
1.950000000000000000e+04 7.800043973752779358e-01 9.848657259899863403e-01 3.641329085116067413e-03 6.941283568502503235e-03 3.072371415566681717e-03 1.479289940828402332e-03
1.975000000000000000e+04 7.900044537518842169e-01 9.852071005917160118e-01 3.186162949476558769e-03 7.737824305871643035e-03 2.048247610377787811e-03 1.820664542558033706e-03
2.000000000000000000e+04 8.000045101284902760e-01 9.856622667273554628e-01 3.755120619025944465e-03 6.486117432862995025e-03 2.275830678197541916e-03 1.820664542558033706e-03
2.025000000000000000e+04 8.100045665050963350e-01 9.864588074647245852e-01 3.072371415566681717e-03 6.144742831133363434e-03 2.844788347746927612e-03 1.479289940828402332e-03
2.050000000000000000e+04 8.200046228817026162e-01 9.870277651342740377e-01 2.389622212107419402e-03 5.803368229403732710e-03 2.503413746017296455e-03 2.275830678197541916e-03
2.075000000000000000e+04 8.300046792583086752e-01 9.882794720072826111e-01 2.730996813837050560e-03 6.144742831133363434e-03 1.251706873008648227e-03 1.593081474738279385e-03
2.100000000000000000e+04 8.400047356349147343e-01 9.898725534820209671e-01 2.389622212107419402e-03 5.234410559854347014e-03 1.251706873008648227e-03 1.251706873008648227e-03
2.125000000000000000e+04 8.500047920115210154e-01 9.913518434228493215e-01 2.389622212107419402e-03 4.551661356395083832e-03 7.965407373691396923e-04 9.103322712790168532e-04
2.150000000000000000e+04 8.600048483881270744e-01 9.922621756941283344e-01 2.162039144287664864e-03 3.755120619025944465e-03 4.551661356395084266e-04 1.365498406918525280e-03
2.175000000000000000e+04 8.700049047647331335e-01 9.904415111515703085e-01 2.730996813837050560e-03 4.551661356395083832e-03 1.365498406918525280e-03 9.103322712790168532e-04
2.200000000000000000e+04 8.800049611413394146e-01 9.916932180245789930e-01 2.048247610377787811e-03 4.096495220755575623e-03 9.103322712790168532e-04 1.251706873008648227e-03
2.225000000000000000e+04 8.900050175179454737e-01 9.896449704142011861e-01 2.503413746017296455e-03 5.803368229403732710e-03 0.000000000000000000e+00 2.048247610377787811e-03
2.250000000000000000e+04 9.000050738945515327e-01 9.922621756941283344e-01 2.275830678197541916e-03 3.299954483386436255e-03 6.827492034592626399e-04 1.479289940828402332e-03
2.275000000000000000e+04 9.100051302711575918e-01 9.935138825671370189e-01 1.479289940828402332e-03 2.958579881656804664e-03 3.413746017296313199e-04 1.706873008648156654e-03
2.300000000000000000e+04 9.200051866477638729e-01 9.931725079654073474e-01 1.137915339098770958e-03 2.730996813837050560e-03 1.137915339098770958e-03 1.820664542558033706e-03
2.325000000000000000e+04 9.300052430243699320e-01 9.932862994993172379e-01 7.965407373691396923e-04 1.934456076467910759e-03 1.251706873008648227e-03 2.730996813837050560e-03
2.350000000000000000e+04 9.400052994009759910e-01 9.922621756941283344e-01 9.103322712790168532e-04 3.186162949476558769e-03 1.137915339098770958e-03 2.503413746017296455e-03
2.375000000000000000e+04 9.500053557775822721e-01 9.939690487027764698e-01 6.827492034592626399e-04 2.503413746017296455e-03 5.689576695493854790e-04 2.275830678197541916e-03
2.400000000000000000e+04 9.600054121541883312e-01 9.948793809740554828e-01 4.551661356395084266e-04 2.162039144287664864e-03 4.551661356395084266e-04 2.048247610377787811e-03
2.425000000000000000e+04 9.700054685307943902e-01 9.954483386436049352e-01 6.827492034592626399e-04 1.820664542558033706e-03 1.137915339098771066e-04 1.934456076467910759e-03
2.450000000000000000e+04 9.800055249074006714e-01 9.948793809740554828e-01 7.965407373691396923e-04 1.479289940828402332e-03 4.551661356395084266e-04 2.389622212107419402e-03
2.475000000000000000e+04 9.900055812840067304e-01 9.961310878470641672e-01 4.551661356395084266e-04 1.593081474738279385e-03 5.689576695493854790e-04 1.251706873008648227e-03
2.500000000000000000e+04 1.000005637660613012e+00 9.953345471096950448e-01 1.137915339098771066e-04 2.162039144287664864e-03 4.551661356395084266e-04 1.934456076467910759e-03
