# freq power
0.000000000000000000e+00 9.406303478145480298e-27
1.000000000000000000e+00 4.709347287042241660e+05
2.000000000000000000e+00 3.052115495583548327e+05
3.000000000000000000e+00 1.715664519000681466e+05
4.000000000000000000e+00 8.075093140536172723e+04
5.000000000000000000e+00 2.997510684692014911e+04
6.000000000000000000e+00 7.235828044269857855e+03
7.000000000000000000e+00 2.595924780989691044e+03
8.000000000000000000e+00 4.809202788799337213e+03
9.000000000000000000e+00 5.535759591787128556e+03
1.000000000000000000e+01 5.776888010380842388e+03
1.100000000000000000e+01 4.513571001162767061e+03
1.200000000000000000e+01 3.107771733690889505e+03
1.300000000000000000e+01 1.975031657646663689e+03
1.400000000000000000e+01 1.813414658446439489e+03
1.500000000000000000e+01 1.696854531882038145e+03
1.600000000000000000e+01 1.357488529909599492e+03
1.700000000000000000e+01 1.482802047440305842e+03
1.800000000000000000e+01 1.381221420073493164e+03
1.900000000000000000e+01 1.229620877990841336e+03
2.000000000000000000e+01 9.478154509148705529e+02
2.100000000000000000e+01 1.011931391842611902e+03
2.200000000000000000e+01 6.549997355990383312e+02
2.300000000000000000e+01 6.964908511332525904e+02
2.400000000000000000e+01 7.886989969364433364e+02
2.500000000000000000e+01 6.512232880171455918e+02
2.600000000000000000e+01 5.496277439725125760e+02
2.700000000000000000e+01 5.522898591648262254e+02
2.800000000000000000e+01 6.000488500206753315e+02
2.900000000000000000e+01 4.763226580313844352e+02
3.000000000000000000e+01 3.876980478287933920e+02
3.100000000000000000e+01 4.322370563688276093e+02
3.200000000000000000e+01 3.475835018450183611e+02
3.300000000000000000e+01 3.275887746347250982e+02
3.400000000000000000e+01 4.016798724179791407e+02
3.500000000000000000e+01 2.688847100821990352e+02
3.600000000000000000e+01 3.729413292798287785e+02
3.700000000000000000e+01 3.203043534018661376e+02
3.800000000000000000e+01 2.912320143846637279e+02
3.900000000000000000e+01 3.233788730998975325e+02
4.000000000000000000e+01 2.440071850863442080e+02
4.100000000000000000e+01 2.498126615932411880e+02
4.200000000000000000e+01 1.978383919113412333e+02
4.300000000000000000e+01 2.575359206949371469e+02
4.400000000000000000e+01 2.531853365791148178e+02
4.500000000000000000e+01 2.219404569517052721e+02
4.600000000000000000e+01 1.454881739052394494e+02
4.700000000000000000e+01 2.016942722953189104e+02
4.800000000000000000e+01 1.839635697701079664e+02
4.900000000000000000e+01 1.782867217993028532e+02
5.000000000000000000e+01 1.563482713491424363e+02
5.100000000000000000e+01 1.242549837683405798e+02
5.200000000000000000e+01 1.643616426076429775e+02
5.300000000000000000e+01 1.413187263489178349e+02
5.400000000000000000e+01 1.355090447933243354e+02
5.500000000000000000e+01 1.017962249417243754e+02
5.600000000000000000e+01 1.283283415345460696e+02
5.700000000000000000e+01 1.336274970057806968e+02
5.800000000000000000e+01 1.065945054637782619e+02
5.900000000000000000e+01 1.198954460814964165e+02
6.000000000000000000e+01 1.273225954124599042e+02
6.100000000000000000e+01 1.206597160475468797e+02
6.200000000000000000e+01 1.003213350364324867e+02
6.300000000000000000e+01 9.870665880362589917e+01
6.400000000000000000e+01 1.205562776971017627e+02
6.500000000000000000e+01 9.584201450380524534e+01
6.600000000000000000e+01 1.098268787916432956e+02
6.700000000000000000e+01 8.859307562833626548e+01
6.800000000000000000e+01 7.597590934912723526e+01
6.900000000000000000e+01 1.021779683298235426e+02
7.000000000000000000e+01 9.871494244986399735e+01
7.100000000000000000e+01 7.544973679608581563e+01
7.200000000000000000e+01 7.055452234245181842e+01
7.300000000000000000e+01 6.851140559178320188e+01
7.400000000000000000e+01 7.447205197362957563e+01
7.500000000000000000e+01 8.786952570904880133e+01
7.600000000000000000e+01 6.140267886382977736e+01
7.700000000000000000e+01 7.605111455081556926e+01
7.800000000000000000e+01 6.718578318146920481e+01
7.900000000000000000e+01 7.342445647506276885e+01
8.000000000000000000e+01 5.138555732717524904e+01
8.100000000000000000e+01 6.426580005408871443e+01
8.200000000000000000e+01 5.980062080874058950e+01
8.300000000000000000e+01 7.072006889919865102e+01
8.400000000000000000e+01 5.528226453033806109e+01
8.500000000000000000e+01 4.787456164954055282e+01
8.600000000000000000e+01 5.424609150109213118e+01
8.700000000000000000e+01 4.405245721839767015e+01
8.800000000000000000e+01 4.641456850884286922e+01
8.900000000000000000e+01 5.688400710991477638e+01
9.000000000000000000e+01 5.070079864214579146e+01
9.100000000000000000e+01 4.951411322849011043e+01
9.200000000000000000e+01 4.127797894750754892e+01
9.300000000000000000e+01 5.185867741180982193e+01
9.400000000000000000e+01 5.357696044994395379e+01
9.500000000000000000e+01 3.581471206332862067e+01
9.600000000000000000e+01 4.957137795516672440e+01
9.700000000000000000e+01 4.112649149835541351e+01
9.800000000000000000e+01 3.622227758678572940e+01
9.900000000000000000e+01 3.615337044438250302e+01
1.000000000000000000e+02 3.438394151568008539e+01
1.010000000000000000e+02 4.245228269589856751e+01
1.020000000000000000e+02 3.032812384059519317e+01
1.030000000000000000e+02 4.143082556910957237e+01
1.040000000000000000e+02 3.762127162068885866e+01
1.050000000000000000e+02 3.115235454233043200e+01
1.060000000000000000e+02 3.579686858635164981e+01
1.070000000000000000e+02 4.230264925353198890e+01
1.080000000000000000e+02 3.442749540054369106e+01
1.090000000000000000e+02 3.951031052678670363e+01
1.100000000000000000e+02 3.273659724429634821e+01
1.110000000000000000e+02 3.323407520254291114e+01
1.120000000000000000e+02 2.637964300248134464e+01
1.130000000000000000e+02 3.159506012896724414e+01
1.140000000000000000e+02 3.445284707037720295e+01
1.150000000000000000e+02 3.307328961704697434e+01
1.160000000000000000e+02 3.062983039177647626e+01
1.170000000000000000e+02 2.661096430885922715e+01
1.180000000000000000e+02 2.724196311743106591e+01
1.190000000000000000e+02 2.594450027647204493e+01
1.200000000000000000e+02 2.747527375482390610e+01
1.210000000000000000e+02 2.589726248675109588e+01
1.220000000000000000e+02 2.974051948541667656e+01
1.230000000000000000e+02 2.786596960861040984e+01
1.240000000000000000e+02 1.962876966432303760e+01
1.250000000000000000e+02 2.879755927812312422e+01
1.260000000000000000e+02 2.306833122860689400e+01
1.270000000000000000e+02 2.991486286015609508e+01
1.280000000000000000e+02 2.650577040546528451e+01
1.290000000000000000e+02 2.151630609088791957e+01
1.300000000000000000e+02 2.915455233061237550e+01
1.310000000000000000e+02 2.009666222732738206e+01
1.320000000000000000e+02 2.337151627899019246e+01
1.330000000000000000e+02 2.465137569511031046e+01
1.340000000000000000e+02 2.347499983230096277e+01
1.350000000000000000e+02 2.120901908269098257e+01
1.360000000000000000e+02 1.984321195999422116e+01
1.370000000000000000e+02 2.114955866550031871e+01
1.380000000000000000e+02 2.210916830031259650e+01
1.390000000000000000e+02 2.097289648583840460e+01
1.400000000000000000e+02 2.180484191146386053e+01
1.410000000000000000e+02 2.089211479844883712e+01
1.420000000000000000e+02 1.839315143187583246e+01
1.430000000000000000e+02 2.253314270436015576e+01
1.440000000000000000e+02 1.634245478879339686e+01
1.450000000000000000e+02 1.858909754115595803e+01
1.460000000000000000e+02 2.029346410796481592e+01
1.470000000000000000e+02 1.786966939780931085e+01
1.480000000000000000e+02 1.894755415669490262e+01
1.490000000000000000e+02 1.874514513098215929e+01
1.500000000000000000e+02 2.074823460352805071e+01
1.510000000000000000e+02 1.650857242231468902e+01
1.520000000000000000e+02 1.588467318692226549e+01
1.530000000000000000e+02 2.228340385134975321e+01
1.540000000000000000e+02 2.002605472477733528e+01
1.550000000000000000e+02 1.701123429686697008e+01
1.560000000000000000e+02 1.254667711088804438e+01
1.570000000000000000e+02 1.797964499050609533e+01
1.580000000000000000e+02 1.399569220608819897e+01
1.590000000000000000e+02 1.577498550548910217e+01
1.600000000000000000e+02 1.595850793785950117e+01
1.610000000000000000e+02 1.727749594850876846e+01
1.620000000000000000e+02 1.785755584191861445e+01
1.630000000000000000e+02 1.261698438732334715e+01
1.640000000000000000e+02 1.314694869523361653e+01
1.650000000000000000e+02 1.708792095088839247e+01
1.660000000000000000e+02 1.362319134254489406e+01
1.670000000000000000e+02 1.601554381932679405e+01
1.680000000000000000e+02 1.388554026916144757e+01
1.690000000000000000e+02 1.408404269532072384e+01
1.700000000000000000e+02 1.553817461373838960e+01
1.710000000000000000e+02 1.310063930615597805e+01
1.720000000000000000e+02 1.456537564040909061e+01
1.730000000000000000e+02 1.271761212235635874e+01
1.740000000000000000e+02 1.355926156856285658e+01
1.750000000000000000e+02 1.287785019452575419e+01
1.760000000000000000e+02 1.334830042302769648e+01
1.770000000000000000e+02 1.355224024350219914e+01
1.780000000000000000e+02 1.332307925874602539e+01
1.790000000000000000e+02 1.347881212615417468e+01
1.800000000000000000e+02 1.313187895085363266e+01
1.810000000000000000e+02 1.146966303092152906e+01
1.820000000000000000e+02 1.293638677773926382e+01
1.830000000000000000e+02 1.460496240853137095e+01
1.840000000000000000e+02 1.120517595064416838e+01
1.850000000000000000e+02 1.204510500176069954e+01
1.860000000000000000e+02 1.128903890960099332e+01
1.870000000000000000e+02 1.087210974609147662e+01
1.880000000000000000e+02 1.115491342344005687e+01
1.890000000000000000e+02 1.316652862918424916e+01
1.900000000000000000e+02 1.264968706486133954e+01
1.910000000000000000e+02 1.212229507501515080e+01
1.920000000000000000e+02 1.040010857837285663e+01
1.930000000000000000e+02 9.689790261909536184e+00
1.940000000000000000e+02 1.158667728694067556e+01
1.950000000000000000e+02 1.210100669094122239e+01
1.960000000000000000e+02 8.855125570000419444e+00
1.970000000000000000e+02 1.200261785299912987e+01
1.980000000000000000e+02 1.109877742262815303e+01
1.990000000000000000e+02 1.099491296149792774e+01
2.000000000000000000e+02 8.760349591920959966e+00
2.010000000000000000e+02 1.027313023626143718e+01
2.020000000000000000e+02 1.042184927200073297e+01
2.030000000000000000e+02 1.069736213978825567e+01
2.040000000000000000e+02 1.010867980491608087e+01
2.050000000000000000e+02 9.675199747090996283e+00
2.060000000000000000e+02 1.026810665087324281e+01
2.070000000000000000e+02 8.873140275861983284e+00
2.080000000000000000e+02 1.039137155273932223e+01
2.090000000000000000e+02 9.731205259103958838e+00
2.100000000000000000e+02 9.607034406391237624e+00
2.110000000000000000e+02 8.852706191440175232e+00
2.120000000000000000e+02 9.964155989510627975e+00
2.130000000000000000e+02 1.065250220678602311e+01
2.140000000000000000e+02 9.296190235495711107e+00
2.150000000000000000e+02 8.227375520216524407e+00
2.160000000000000000e+02 8.914689834365207233e+00
2.170000000000000000e+02 8.469827948336266843e+00
2.180000000000000000e+02 9.239445193132317158e+00
2.190000000000000000e+02 9.002406227669975891e+00
2.200000000000000000e+02 8.519754580504830699e+00
2.210000000000000000e+02 9.734872869584455302e+00
2.220000000000000000e+02 8.994536386936299976e+00
2.230000000000000000e+02 8.610262464028760832e+00
2.240000000000000000e+02 8.701568487854601130e+00
2.250000000000000000e+02 8.097980220442655863e+00
2.260000000000000000e+02 7.174915222768642131e+00
2.270000000000000000e+02 9.599245511977338552e+00
2.280000000000000000e+02 7.952003174283472475e+00
2.290000000000000000e+02 6.769953989039813713e+00
2.300000000000000000e+02 8.702713830495895309e+00
2.310000000000000000e+02 9.347227069498714513e+00
2.320000000000000000e+02 8.110660174019059809e+00
2.330000000000000000e+02 7.059226455811051792e+00
2.340000000000000000e+02 7.234921949196831292e+00
2.350000000000000000e+02 8.976762043599675778e+00
2.360000000000000000e+02 7.814468426484342700e+00
2.370000000000000000e+02 7.971252448973757510e+00
2.380000000000000000e+02 6.716084119421340759e+00
2.390000000000000000e+02 7.375643274520821357e+00
2.400000000000000000e+02 7.213465120309592749e+00
2.410000000000000000e+02 7.472676806781337611e+00
2.420000000000000000e+02 7.002715915663162427e+00
2.430000000000000000e+02 7.477680641627659774e+00
2.440000000000000000e+02 7.648855768530602894e+00
2.450000000000000000e+02 6.375015010834667706e+00
2.460000000000000000e+02 6.969569496594667513e+00
2.470000000000000000e+02 7.029017512674409218e+00
2.480000000000000000e+02 6.315826322278795146e+00
2.490000000000000000e+02 6.855805272283646445e+00
2.500000000000000000e+02 7.895760973661435145e+00
2.510000000000000000e+02 6.915888911931720173e+00
2.520000000000000000e+02 6.654928281559694625e+00
2.530000000000000000e+02 7.049731331771939224e+00
2.540000000000000000e+02 6.912170733795538702e+00
2.550000000000000000e+02 6.323087315398475461e+00
2.560000000000000000e+02 6.583738525129465557e+00
2.570000000000000000e+02 6.477155267773558656e+00
2.580000000000000000e+02 6.718788896186846493e+00
2.590000000000000000e+02 6.167353282281729854e+00
2.600000000000000000e+02 5.834293601930082396e+00
2.610000000000000000e+02 6.913526858239035455e+00
2.620000000000000000e+02 7.637010217835323189e+00
2.630000000000000000e+02 6.309848568609053743e+00
2.640000000000000000e+02 5.891846388764084175e+00
2.650000000000000000e+02 6.509723551533715735e+00
2.660000000000000000e+02 6.099484808899068078e+00
2.670000000000000000e+02 6.305282722733377199e+00
2.680000000000000000e+02 6.629807883553073822e+00
2.690000000000000000e+02 6.638186003340812213e+00
2.700000000000000000e+02 6.601822781594768763e+00
2.710000000000000000e+02 5.891170638648017821e+00
2.720000000000000000e+02 5.181228425599351262e+00
2.730000000000000000e+02 5.909724365270071722e+00
2.740000000000000000e+02 6.077548508217370582e+00
2.750000000000000000e+02 5.872692987618146176e+00
2.760000000000000000e+02 5.498865904670417137e+00
2.770000000000000000e+02 5.556035770549677011e+00
2.780000000000000000e+02 6.195983253169903726e+00
2.790000000000000000e+02 5.470642292473135271e+00
2.800000000000000000e+02 5.890243482202148328e+00
2.810000000000000000e+02 5.521894647157691516e+00
2.820000000000000000e+02 5.655101070122852569e+00
2.830000000000000000e+02 5.595967668051825328e+00
2.840000000000000000e+02 5.571200904326570225e+00
2.850000000000000000e+02 5.286960984447604872e+00
2.860000000000000000e+02 5.421352655162214873e+00
2.870000000000000000e+02 5.881094333211794201e+00
2.880000000000000000e+02 5.488550805725751047e+00
2.890000000000000000e+02 5.350695900312178566e+00
2.900000000000000000e+02 5.459005966335097604e+00
2.910000000000000000e+02 4.980460968472315564e+00
2.920000000000000000e+02 5.429855863060916832e+00
2.930000000000000000e+02 5.093310092098704445e+00
2.940000000000000000e+02 5.036036188694500204e+00
2.950000000000000000e+02 5.075968704314321123e+00
2.960000000000000000e+02 4.917545422948704115e+00
2.970000000000000000e+02 5.406655993583826536e+00
2.980000000000000000e+02 5.179111367327289273e+00
2.990000000000000000e+02 5.021904698372178011e+00
3.000000000000000000e+02 5.226898374631005595e+00
3.010000000000000000e+02 4.773496120448338154e+00
3.020000000000000000e+02 4.898839637787729018e+00
3.030000000000000000e+02 5.051511979143197273e+00
3.040000000000000000e+02 5.113686380580198865e+00
3.050000000000000000e+02 4.644062713385941343e+00
3.060000000000000000e+02 4.710909811224307298e+00
3.070000000000000000e+02 4.934570298672274369e+00
3.080000000000000000e+02 4.687293858483411846e+00
3.090000000000000000e+02 5.073319843714346966e+00
3.100000000000000000e+02 4.508478331334782929e+00
3.110000000000000000e+02 4.262548314863608745e+00
3.120000000000000000e+02 4.802058326493658491e+00
3.130000000000000000e+02 4.863415482653686617e+00
3.140000000000000000e+02 4.584803366192531371e+00
3.150000000000000000e+02 4.408103862616346014e+00
3.160000000000000000e+02 4.581761718851935505e+00
3.170000000000000000e+02 4.536330335519619616e+00
3.180000000000000000e+02 4.580216637754057629e+00
3.190000000000000000e+02 4.270771200308098869e+00
3.200000000000000000e+02 4.601814656751649579e+00
3.210000000000000000e+02 4.403269761735486121e+00
3.220000000000000000e+02 4.681795623564390496e+00
3.230000000000000000e+02 4.196034649857582011e+00
3.240000000000000000e+02 4.640951041916332009e+00
3.250000000000000000e+02 4.566473617756183323e+00
3.260000000000000000e+02 4.203511951214800924e+00
3.270000000000000000e+02 4.215144153165724994e+00
3.280000000000000000e+02 4.550266060721575911e+00
3.290000000000000000e+02 4.550303589513760016e+00
3.300000000000000000e+02 4.228581918981144661e+00
3.310000000000000000e+02 3.626885429299455676e+00
3.320000000000000000e+02 4.259380453913262699e+00
3.330000000000000000e+02 4.354184566466120287e+00
3.340000000000000000e+02 4.467374363615724597e+00
3.350000000000000000e+02 3.988622112920431118e+00
3.360000000000000000e+02 3.909918388546621770e+00
3.370000000000000000e+02 3.491896583266302034e+00
3.380000000000000000e+02 4.523113010412786572e+00
3.390000000000000000e+02 4.803558640785309919e+00
3.400000000000000000e+02 4.044041604787715016e+00
3.410000000000000000e+02 3.382451992042115219e+00
3.420000000000000000e+02 4.100419378581907637e+00
3.430000000000000000e+02 4.327074034601925412e+00
3.440000000000000000e+02 4.049677642595020721e+00
3.450000000000000000e+02 3.806680531005822932e+00
3.460000000000000000e+02 3.932845463364009309e+00
3.470000000000000000e+02 3.596496071290001151e+00
3.480000000000000000e+02 3.803522593409928376e+00
3.490000000000000000e+02 4.028675079518444946e+00
3.500000000000000000e+02 4.228322099724613814e+00
3.510000000000000000e+02 3.845448147191162125e+00
3.520000000000000000e+02 3.661963115871533336e+00
3.530000000000000000e+02 3.411540718241533376e+00
3.540000000000000000e+02 3.952197982453684144e+00
3.550000000000000000e+02 3.901143399270054601e+00
3.560000000000000000e+02 3.812352310528444033e+00
3.570000000000000000e+02 3.679292076777990861e+00
3.580000000000000000e+02 3.604811773875129965e+00
3.590000000000000000e+02 3.753391212587966486e+00
3.600000000000000000e+02 3.775730014838857951e+00
3.610000000000000000e+02 3.546511332143828188e+00
3.620000000000000000e+02 3.759329929587458263e+00
3.630000000000000000e+02 3.598316262449742897e+00
3.640000000000000000e+02 3.757620775588742745e+00
3.650000000000000000e+02 3.871320932712381424e+00
3.660000000000000000e+02 3.596439667895424019e+00
3.670000000000000000e+02 3.371173996229552383e+00
3.680000000000000000e+02 3.448721558308963875e+00
3.690000000000000000e+02 3.404101465131169402e+00
3.700000000000000000e+02 3.844721935926310064e+00
3.710000000000000000e+02 3.656369785203100964e+00
3.720000000000000000e+02 3.254390734835364896e+00
3.730000000000000000e+02 3.465760161263977235e+00
3.740000000000000000e+02 3.585086309594494036e+00
3.750000000000000000e+02 3.528507833381854919e+00
3.760000000000000000e+02 3.257114037490832725e+00
3.770000000000000000e+02 3.432715468084325927e+00
3.780000000000000000e+02 3.519432947427207914e+00
3.790000000000000000e+02 3.788256049608662135e+00
3.800000000000000000e+02 3.449910682367380410e+00
3.810000000000000000e+02 3.222485778955005209e+00
3.820000000000000000e+02 3.194115090429753945e+00
3.830000000000000000e+02 3.558130822198711130e+00
3.840000000000000000e+02 3.646709021312725785e+00
3.850000000000000000e+02 3.131319121518867377e+00
3.860000000000000000e+02 3.086760311043788008e+00
3.870000000000000000e+02 3.404918786537148190e+00
3.880000000000000000e+02 3.420418971950921705e+00
3.890000000000000000e+02 3.248084714123157024e+00
3.900000000000000000e+02 3.496139341031934578e+00
3.910000000000000000e+02 3.418959144955517893e+00
3.920000000000000000e+02 3.063037095296819334e+00
3.930000000000000000e+02 3.002898397658494201e+00
3.940000000000000000e+02 3.341236589034007221e+00
3.950000000000000000e+02 3.328116132229881785e+00
3.960000000000000000e+02 3.458312640717765341e+00
3.970000000000000000e+02 2.982866987505204293e+00
3.980000000000000000e+02 3.139761381229599468e+00
3.990000000000000000e+02 3.235797633622203850e+00
4.000000000000000000e+02 2.974615430619617751e+00
4.010000000000000000e+02 3.186726221810598059e+00
4.020000000000000000e+02 3.133276327693766294e+00
4.030000000000000000e+02 3.377835231945268912e+00
4.040000000000000000e+02 3.211789462597244960e+00
4.050000000000000000e+02 2.934361626909492315e+00
4.060000000000000000e+02 2.814816166711529011e+00
4.070000000000000000e+02 2.827275001775143348e+00
4.080000000000000000e+02 3.329265140902561093e+00
4.090000000000000000e+02 3.454614718536043849e+00
4.100000000000000000e+02 2.958116974719571690e+00
4.110000000000000000e+02 2.673376777298329010e+00
4.120000000000000000e+02 3.025235658439325626e+00
4.130000000000000000e+02 3.127739051467782971e+00
4.140000000000000000e+02 2.984543486058283790e+00
4.150000000000000000e+02 2.799505327335962246e+00
4.160000000000000000e+02 2.947241753680421184e+00
4.170000000000000000e+02 3.100705207313219969e+00
4.180000000000000000e+02 3.096773695835721263e+00
4.190000000000000000e+02 2.735497625500042496e+00
4.200000000000000000e+02 2.876371566734306384e+00
4.210000000000000000e+02 2.779186079801831077e+00
4.220000000000000000e+02 3.226860348860926209e+00
4.230000000000000000e+02 2.935497998402220698e+00
4.240000000000000000e+02 2.746518227817112745e+00
4.250000000000000000e+02 2.862400877364556617e+00
4.260000000000000000e+02 2.921077783720335219e+00
4.270000000000000000e+02 3.015409739687778590e+00
4.280000000000000000e+02 2.781152599818726756e+00
4.290000000000000000e+02 2.577013443967904216e+00
4.300000000000000000e+02 2.770625716066825284e+00
4.310000000000000000e+02 3.038391865083504673e+00
4.320000000000000000e+02 3.009966740276182939e+00
4.330000000000000000e+02 2.756894416074529897e+00
4.340000000000000000e+02 2.600619838732324052e+00
4.350000000000000000e+02 2.651676987223198889e+00
4.360000000000000000e+02 2.812986109801551837e+00
4.370000000000000000e+02 2.760528737365822494e+00
4.380000000000000000e+02 2.748987045806360552e+00
4.390000000000000000e+02 2.984105613339075092e+00
4.400000000000000000e+02 2.597892269645768248e+00
4.410000000000000000e+02 2.625790607818081490e+00
4.420000000000000000e+02 2.683104427706182182e+00
4.430000000000000000e+02 2.667451555026802090e+00
4.440000000000000000e+02 2.774919579154185190e+00
4.450000000000000000e+02 2.822997724350397863e+00
4.460000000000000000e+02 2.562464445964330650e+00
4.470000000000000000e+02 2.540400634252827583e+00
4.480000000000000000e+02 2.704682707306464540e+00
4.490000000000000000e+02 2.855759104191495368e+00
4.500000000000000000e+02 2.864232907381692339e+00
4.510000000000000000e+02 2.369555996148028143e+00
4.520000000000000000e+02 2.369677033904128205e+00
4.530000000000000000e+02 2.780029128936746918e+00
4.540000000000000000e+02 3.020195543388785264e+00
4.550000000000000000e+02 2.582834948108859052e+00
4.560000000000000000e+02 2.410673302873111545e+00
4.570000000000000000e+02 2.390541589941300948e+00
4.580000000000000000e+02 2.861333409383550741e+00
4.590000000000000000e+02 2.713310737808499962e+00
4.600000000000000000e+02 2.419416874843168586e+00
4.610000000000000000e+02 2.534344384116772098e+00
4.620000000000000000e+02 2.475328056384868969e+00
4.630000000000000000e+02 2.586970674429125872e+00
4.640000000000000000e+02 2.638581840888321040e+00
4.650000000000000000e+02 2.459727909552353875e+00
4.660000000000000000e+02 2.395714299595864016e+00
4.670000000000000000e+02 2.394499189927126181e+00
4.680000000000000000e+02 2.630040691585392221e+00
4.690000000000000000e+02 2.692581741155936736e+00
4.700000000000000000e+02 2.400897076398417873e+00
4.710000000000000000e+02 2.358152407562243091e+00
4.720000000000000000e+02 2.556638603648289543e+00
4.730000000000000000e+02 2.573389415971283345e+00
4.740000000000000000e+02 2.471517667556981657e+00
4.750000000000000000e+02 2.341201937604801664e+00
4.760000000000000000e+02 2.385623617506062999e+00
4.770000000000000000e+02 2.558668331695545639e+00
4.780000000000000000e+02 2.531932182747127502e+00
4.790000000000000000e+02 2.407422011402309270e+00
4.800000000000000000e+02 2.431507947079321497e+00
4.810000000000000000e+02 2.322158189703672271e+00
4.820000000000000000e+02 2.454776565625258478e+00
4.830000000000000000e+02 2.555585415057016530e+00
4.840000000000000000e+02 2.366451177769893555e+00
4.850000000000000000e+02 2.386573863211634450e+00
4.860000000000000000e+02 2.391911537817413613e+00
4.870000000000000000e+02 2.379279334984524041e+00
4.880000000000000000e+02 2.425174662093362965e+00
4.890000000000000000e+02 2.243025884419621807e+00
4.900000000000000000e+02 2.369321204409481574e+00
4.910000000000000000e+02 2.496063212044588475e+00
4.920000000000000000e+02 2.432037995913426176e+00
4.930000000000000000e+02 2.181292597086522012e+00
4.940000000000000000e+02 2.338302194956433322e+00
4.950000000000000000e+02 2.358923621849082775e+00
4.960000000000000000e+02 2.446418388161476276e+00
4.970000000000000000e+02 2.196489055845559424e+00
4.980000000000000000e+02 2.300163758509351730e+00
4.990000000000000000e+02 2.567067393801168329e+00
5.000000000000000000e+02 2.344129109717918436e+00
5.010000000000000000e+02 2.126834300711942571e+00
5.020000000000000000e+02 2.187527566688370673e+00
5.030000000000000000e+02 2.302987326870378215e+00
5.040000000000000000e+02 2.585478256567421695e+00
5.050000000000000000e+02 2.299185595109717983e+00
5.060000000000000000e+02 2.142881803030584287e+00
5.070000000000000000e+02 2.081934848879494204e+00
5.080000000000000000e+02 2.278995976546453139e+00
5.090000000000000000e+02 2.524833216331914265e+00
5.100000000000000000e+02 2.396669803684107425e+00
5.110000000000000000e+02 2.110595287276481713e+00
5.120000000000000000e+02 2.034184389850735908e+00
5.130000000000000000e+02 2.247558768305688570e+00
5.140000000000000000e+02 2.470855687392861100e+00
5.150000000000000000e+02 2.360556553693072157e+00
5.160000000000000000e+02 2.182891559492401434e+00
5.170000000000000000e+02 2.126036060041423426e+00
5.180000000000000000e+02 2.171020693873011442e+00
5.190000000000000000e+02 2.207190480484476414e+00
5.200000000000000000e+02 2.347361100027283154e+00
5.210000000000000000e+02 2.205230528220054609e+00
5.220000000000000000e+02 2.141344086507503963e+00
5.230000000000000000e+02 2.222517772610652198e+00
5.240000000000000000e+02 2.243739287723006015e+00
5.250000000000000000e+02 2.189132572255871434e+00
5.260000000000000000e+02 2.114731279401936170e+00
5.270000000000000000e+02 2.142227947324899517e+00
5.280000000000000000e+02 2.181068723550243948e+00
5.290000000000000000e+02 2.147979341483070126e+00
5.300000000000000000e+02 2.185683697330474295e+00
5.310000000000000000e+02 2.166192500702090129e+00
5.320000000000000000e+02 2.227234181240559163e+00
5.330000000000000000e+02 2.074246234263956268e+00
5.340000000000000000e+02 2.097013601781428704e+00
5.350000000000000000e+02 2.034074094888714601e+00
5.360000000000000000e+02 2.100684759345897046e+00
5.370000000000000000e+02 2.284117260634037638e+00
5.380000000000000000e+02 2.269438265406030109e+00
5.390000000000000000e+02 2.066710483400826970e+00
5.400000000000000000e+02 1.930732757474950212e+00
5.410000000000000000e+02 2.044251910368864777e+00
5.420000000000000000e+02 2.232309517467117477e+00
5.430000000000000000e+02 2.267679627576028256e+00
5.440000000000000000e+02 2.066462028089322001e+00
5.450000000000000000e+02 1.929140913886599584e+00
5.460000000000000000e+02 2.137662071652046247e+00
5.470000000000000000e+02 2.164273453700429339e+00
5.480000000000000000e+02 2.132402412000897307e+00
5.490000000000000000e+02 1.926667466282219410e+00
5.500000000000000000e+02 2.059030761097882856e+00
5.510000000000000000e+02 2.194899979659928224e+00
5.520000000000000000e+02 2.093008708507431592e+00
5.530000000000000000e+02 2.059764775258764224e+00
5.540000000000000000e+02 2.043495612407172590e+00
5.550000000000000000e+02 2.025558047300977993e+00
5.560000000000000000e+02 2.015787682176021001e+00
5.570000000000000000e+02 2.122368295018839834e+00
5.580000000000000000e+02 2.058211839052150882e+00
5.590000000000000000e+02 2.081624232186510159e+00
5.600000000000000000e+02 2.019410646338629434e+00
5.610000000000000000e+02 1.999107581184215832e+00
5.620000000000000000e+02 2.158596256913230871e+00
5.630000000000000000e+02 1.970149761166111624e+00
5.640000000000000000e+02 2.006473527166066084e+00
5.650000000000000000e+02 2.054019484986254973e+00
5.660000000000000000e+02 1.950693468647160422e+00
5.670000000000000000e+02 1.979767253597436438e+00
5.680000000000000000e+02 2.116332666882415836e+00
5.690000000000000000e+02 2.071659162119594999e+00
5.700000000000000000e+02 1.941646198918915767e+00
5.710000000000000000e+02 1.824254928490373295e+00
5.720000000000000000e+02 1.993040315268852058e+00
5.730000000000000000e+02 2.170194050738794456e+00
5.740000000000000000e+02 2.098524283749931829e+00
5.750000000000000000e+02 1.953432716629041277e+00
5.760000000000000000e+02 1.848904062967904993e+00
5.770000000000000000e+02 1.977100706514579809e+00
5.780000000000000000e+02 2.111591436939907140e+00
5.790000000000000000e+02 1.993572666886190170e+00
5.800000000000000000e+02 1.904857857656686138e+00
5.810000000000000000e+02 1.921253431935364686e+00
5.820000000000000000e+02 1.981690265707775511e+00
5.830000000000000000e+02 2.086760213530872932e+00
5.840000000000000000e+02 1.966076714108670132e+00
5.850000000000000000e+02 1.892887952718586231e+00
5.860000000000000000e+02 1.923618142728532598e+00
5.870000000000000000e+02 1.996812625525772544e+00
5.880000000000000000e+02 1.945459156764575814e+00
5.890000000000000000e+02 2.005497311964185680e+00
5.900000000000000000e+02 1.864764552347566662e+00
5.910000000000000000e+02 1.963805591881877977e+00
5.920000000000000000e+02 2.005812874389487632e+00
5.930000000000000000e+02 1.911831508743033980e+00
5.940000000000000000e+02 1.882123518430878883e+00
5.950000000000000000e+02 1.863635571506960797e+00
5.960000000000000000e+02 1.964472204991769555e+00
5.970000000000000000e+02 2.029463183314942132e+00
5.980000000000000000e+02 1.934723943178570549e+00
5.990000000000000000e+02 1.869864340304520312e+00
6.000000000000000000e+02 1.848933226467107227e+00
6.010000000000000000e+02 1.889347734533173506e+00
6.020000000000000000e+02 2.004307142578505729e+00
6.030000000000000000e+02 1.978158442408108897e+00
6.040000000000000000e+02 1.863815707897081397e+00
6.050000000000000000e+02 1.862617203511743424e+00
6.060000000000000000e+02 1.889602017065811213e+00
6.070000000000000000e+02 1.907579018423090078e+00
6.080000000000000000e+02 1.894346865855424555e+00
6.090000000000000000e+02 1.915848303297194022e+00
6.100000000000000000e+02 1.921717503305123920e+00
6.110000000000000000e+02 1.921640661332636002e+00
6.120000000000000000e+02 1.799020376514599784e+00
6.130000000000000000e+02 1.894121579810302824e+00
6.140000000000000000e+02 1.941913177044967354e+00
6.150000000000000000e+02 1.950061344384289796e+00
6.160000000000000000e+02 1.823910656457879309e+00
6.170000000000000000e+02 1.811869626273565625e+00
6.180000000000000000e+02 1.835367341723665113e+00
6.190000000000000000e+02 1.953069131408794457e+00
6.200000000000000000e+02 1.984411499051983663e+00
6.210000000000000000e+02 1.886582841811499156e+00
6.220000000000000000e+02 1.747043712880791633e+00
6.230000000000000000e+02 1.735818493046428435e+00
6.240000000000000000e+02 1.963486566417382395e+00
6.250000000000000000e+02 1.993423678753613260e+00
6.260000000000000000e+02 1.826879098657625322e+00
6.270000000000000000e+02 1.804172996781616467e+00
6.280000000000000000e+02 1.810027744047783216e+00
6.290000000000000000e+02 1.891644443539050924e+00
6.300000000000000000e+02 1.835348014674887729e+00
6.310000000000000000e+02 1.822785404971987600e+00
6.320000000000000000e+02 1.912293974639751148e+00
6.330000000000000000e+02 1.898709912217709350e+00
6.340000000000000000e+02 1.814118732268162670e+00
6.350000000000000000e+02 1.790163168986264708e+00
6.360000000000000000e+02 1.768418720991264070e+00
6.370000000000000000e+02 1.875799585595057106e+00
6.380000000000000000e+02 1.939245958086282196e+00
6.390000000000000000e+02 1.889267286277133806e+00
6.400000000000000000e+02 1.771926766951909205e+00
6.410000000000000000e+02 1.730662643417139046e+00
6.420000000000000000e+02 1.827507683884107337e+00
6.430000000000000000e+02 1.901824218504669650e+00
6.440000000000000000e+02 1.884002182233285971e+00
6.450000000000000000e+02 1.786556100344978804e+00
6.460000000000000000e+02 1.809917695879904365e+00
6.470000000000000000e+02 1.850909872735868822e+00
6.480000000000000000e+02 1.812330064656530570e+00
6.490000000000000000e+02 1.778443841234211176e+00
6.500000000000000000e+02 1.744995709346849111e+00
6.510000000000000000e+02 1.919544740853847964e+00
6.520000000000000000e+02 1.885633964655050621e+00
6.530000000000000000e+02 1.744701106353410358e+00
6.540000000000000000e+02 1.771917505361176426e+00
6.550000000000000000e+02 1.755852772394131289e+00
6.560000000000000000e+02 1.839080526915971570e+00
6.570000000000000000e+02 1.872902896533754857e+00
6.580000000000000000e+02 1.752954779769815952e+00
6.590000000000000000e+02 1.800553671455912497e+00
6.600000000000000000e+02 1.813322918161273778e+00
6.610000000000000000e+02 1.795071094524599786e+00
6.620000000000000000e+02 1.831226074745656796e+00
6.630000000000000000e+02 1.742726131039846083e+00
6.640000000000000000e+02 1.717592697215927000e+00
6.650000000000000000e+02 1.866608747007205249e+00
6.660000000000000000e+02 1.884107912558065978e+00
6.670000000000000000e+02 1.759416445233453752e+00
6.680000000000000000e+02 1.721289071819447125e+00
6.690000000000000000e+02 1.732931640278746910e+00
6.700000000000000000e+02 1.868624308118821409e+00
6.710000000000000000e+02 1.828396499438579736e+00
6.720000000000000000e+02 1.713589256954354267e+00
6.730000000000000000e+02 1.783569235270587860e+00
6.740000000000000000e+02 1.777439913412275807e+00
6.750000000000000000e+02 1.771126934917934381e+00
6.760000000000000000e+02 1.832610260668214197e+00
6.770000000000000000e+02 1.754846377611473107e+00
6.780000000000000000e+02 1.739612916774882168e+00
6.790000000000000000e+02 1.782964543928324375e+00
6.800000000000000000e+02 1.804567968028364611e+00
6.810000000000000000e+02 1.768500437184740370e+00
6.820000000000000000e+02 1.735437311345828792e+00
6.830000000000000000e+02 1.789991727078777295e+00
6.840000000000000000e+02 1.819065310524463852e+00
6.850000000000000000e+02 1.749198957358804041e+00
6.860000000000000000e+02 1.728424942996969360e+00
6.870000000000000000e+02 1.737065116120243946e+00
6.880000000000000000e+02 1.788024065591178768e+00
6.890000000000000000e+02 1.766631436812357681e+00
6.900000000000000000e+02 1.816551201062183818e+00
6.910000000000000000e+02 1.790275699094997064e+00
6.920000000000000000e+02 1.732501163560699720e+00
6.930000000000000000e+02 1.684600557799982523e+00
6.940000000000000000e+02 1.746114975605151942e+00
6.950000000000000000e+02 1.834662487147313170e+00
6.960000000000000000e+02 1.766465663871906511e+00
6.970000000000000000e+02 1.757572207516209906e+00
6.980000000000000000e+02 1.803416187693210659e+00
6.990000000000000000e+02 1.724055012094174000e+00
7.000000000000000000e+02 1.717201876426989182e+00
7.010000000000000000e+02 1.700208236664803252e+00
7.020000000000000000e+02 1.794780492627687574e+00
7.030000000000000000e+02 1.863910982457137377e+00
7.040000000000000000e+02 1.748650951032499901e+00
7.050000000000000000e+02 1.648730642322213669e+00
7.060000000000000000e+02 1.732690499931254458e+00
7.070000000000000000e+02 1.783524163775876081e+00
7.080000000000000000e+02 1.783969467253980312e+00
7.090000000000000000e+02 1.762979104529761587e+00
7.100000000000000000e+02 1.733542330955999633e+00
7.110000000000000000e+02 1.739987535009558828e+00
7.120000000000000000e+02 1.723811100182162770e+00
7.130000000000000000e+02 1.729577058434963233e+00
7.140000000000000000e+02 1.819251455464732548e+00
7.150000000000000000e+02 1.751999728111398147e+00
7.160000000000000000e+02 1.688194413693008489e+00
7.170000000000000000e+02 1.765890246020648258e+00
7.180000000000000000e+02 1.745918768141844435e+00
7.190000000000000000e+02 1.692437660370476715e+00
7.200000000000000000e+02 1.717730347061322993e+00
7.210000000000000000e+02 1.813098412597425657e+00
7.220000000000000000e+02 1.846148164362988009e+00
7.230000000000000000e+02 1.671950443629630412e+00
7.240000000000000000e+02 1.602265198384333900e+00
7.250000000000000000e+02 1.747282404932253064e+00
7.260000000000000000e+02 1.836295581658460518e+00
7.270000000000000000e+02 1.798985924362791922e+00
7.280000000000000000e+02 1.753379635431105754e+00
7.290000000000000000e+02 1.665618278383177442e+00
7.300000000000000000e+02 1.721817764719381527e+00
7.310000000000000000e+02 1.720562373066560236e+00
7.320000000000000000e+02 1.715585421612102701e+00
7.330000000000000000e+02 1.775910093294450709e+00
7.340000000000000000e+02 1.819976736788172511e+00
7.350000000000000000e+02 1.736004006326163696e+00
7.360000000000000000e+02 1.696614304818694130e+00
7.370000000000000000e+02 1.671592800638298071e+00
7.380000000000000000e+02 1.741320328021279673e+00
7.390000000000000000e+02 1.794253992438063827e+00
7.400000000000000000e+02 1.767663222285310365e+00
7.410000000000000000e+02 1.719050274473665540e+00
7.420000000000000000e+02 1.710877689287787495e+00
7.430000000000000000e+02 1.698344551287115145e+00
7.440000000000000000e+02 1.752079397541510764e+00
7.450000000000000000e+02 1.756514741786082467e+00
7.460000000000000000e+02 1.748427418900265762e+00
7.470000000000000000e+02 1.731897576550132545e+00
7.480000000000000000e+02 1.689432611195714085e+00
7.490000000000000000e+02 1.775754557246890464e+00
7.500000000000000000e+02 1.775754557246911114e+00
7.510000000000000000e+02 1.689432611195749834e+00
7.520000000000000000e+02 1.731897576550149420e+00
7.530000000000000000e+02 1.748427418900224684e+00
7.540000000000000000e+02 1.756514741786100231e+00
7.550000000000000000e+02 1.752079397541514316e+00
7.560000000000000000e+02 1.698344551287137794e+00
7.570000000000000000e+02 1.710877689287800374e+00
7.580000000000000000e+02 1.719050274473656881e+00
7.590000000000000000e+02 1.767663222285307922e+00
7.600000000000000000e+02 1.794253992438054945e+00
7.610000000000000000e+02 1.741320328021295660e+00
7.620000000000000000e+02 1.671592800638345144e+00
7.630000000000000000e+02 1.696614304818623076e+00
7.640000000000000000e+02 1.736004006326244298e+00
7.650000000000000000e+02 1.819976736788159855e+00
7.660000000000000000e+02 1.775910093294485126e+00
7.670000000000000000e+02 1.715585421612127126e+00
7.680000000000000000e+02 1.720562373066473416e+00
7.690000000000000000e+02 1.721817764719355992e+00
7.700000000000000000e+02 1.665618278383127038e+00
7.710000000000000000e+02 1.753379635431047134e+00
7.720000000000000000e+02 1.798985924362797695e+00
7.730000000000000000e+02 1.836295581658491605e+00
7.740000000000000000e+02 1.747282404932229527e+00
7.750000000000000000e+02 1.602265198384369205e+00
7.760000000000000000e+02 1.671950443629654393e+00
7.770000000000000000e+02 1.846148164362959587e+00
7.780000000000000000e+02 1.813098412597392795e+00
7.790000000000000000e+02 1.717730347061392715e+00
7.800000000000000000e+02 1.692437660370368135e+00
7.810000000000000000e+02 1.745918768141939026e+00
7.820000000000000000e+02 1.765890246020572762e+00
7.830000000000000000e+02 1.688194413693032692e+00
7.840000000000000000e+02 1.751999728111393484e+00
7.850000000000000000e+02 1.819251455464770961e+00
7.860000000000000000e+02 1.729577058434933479e+00
7.870000000000000000e+02 1.723811100182198963e+00
7.880000000000000000e+02 1.739987535009556607e+00
7.890000000000000000e+02 1.733542330955958111e+00
7.900000000000000000e+02 1.762979104529794006e+00
7.910000000000000000e+02 1.783969467253975649e+00
7.920000000000000000e+02 1.783524163775872529e+00
7.930000000000000000e+02 1.732690499931260453e+00
7.940000000000000000e+02 1.648730642322226769e+00
7.950000000000000000e+02 1.748650951032483469e+00
7.960000000000000000e+02 1.863910982457142929e+00
7.970000000000000000e+02 1.794780492627630952e+00
7.980000000000000000e+02 1.700208236664868755e+00
7.990000000000000000e+02 1.717201876426995621e+00
8.000000000000000000e+02 1.724055012094174666e+00
8.010000000000000000e+02 1.803416187693251738e+00
8.020000000000000000e+02 1.757572207516183926e+00
8.030000000000000000e+02 1.766465663872002656e+00
8.040000000000000000e+02 1.834662487147287857e+00
8.050000000000000000e+02 1.746114975605208786e+00
8.060000000000000000e+02 1.684600557799987852e+00
8.070000000000000000e+02 1.732501163560705493e+00
8.080000000000000000e+02 1.790275699094991735e+00
8.090000000000000000e+02 1.816551201062166498e+00
8.100000000000000000e+02 1.766631436812380107e+00
8.110000000000000000e+02 1.788024065591212519e+00
8.120000000000000000e+02 1.737065116120258601e+00
8.130000000000000000e+02 1.728424942996919622e+00
8.140000000000000000e+02 1.749198957358759410e+00
8.150000000000000000e+02 1.819065310524407453e+00
8.160000000000000000e+02 1.789991727078735773e+00
8.170000000000000000e+02 1.735437311345864542e+00
8.180000000000000000e+02 1.768500437184740370e+00
8.190000000000000000e+02 1.804567968028410574e+00
8.200000000000000000e+02 1.782964543928390322e+00
8.210000000000000000e+02 1.739612916774935458e+00
8.220000000000000000e+02 1.754846377611517294e+00
8.230000000000000000e+02 1.832610260668270596e+00
8.240000000000000000e+02 1.771126934917869322e+00
8.250000000000000000e+02 1.777439913412311334e+00
8.260000000000000000e+02 1.783569235270624720e+00
8.270000000000000000e+02 1.713589256954363593e+00
8.280000000000000000e+02 1.828396499438573075e+00
8.290000000000000000e+02 1.868624308118868260e+00
8.300000000000000000e+02 1.732931640278760899e+00
8.310000000000000000e+02 1.721289071819390060e+00
8.320000000000000000e+02 1.759416445233525694e+00
8.330000000000000000e+02 1.884107912558003806e+00
8.340000000000000000e+02 1.866608747007213687e+00
8.350000000000000000e+02 1.717592697215891917e+00
8.360000000000000000e+02 1.742726131039853188e+00
8.370000000000000000e+02 1.831226074745643029e+00
8.380000000000000000e+02 1.795071094524588462e+00
8.390000000000000000e+02 1.813322918161225372e+00
8.400000000000000000e+02 1.800553671455956017e+00
8.410000000000000000e+02 1.752954779769915872e+00
8.420000000000000000e+02 1.872902896533690464e+00
8.430000000000000000e+02 1.839080526916001768e+00
8.440000000000000000e+02 1.755852772394126626e+00
8.450000000000000000e+02 1.771917505361243039e+00
8.460000000000000000e+02 1.744701106353388154e+00
8.470000000000000000e+02 1.885633964655087258e+00
8.480000000000000000e+02 1.919544740853794229e+00
8.490000000000000000e+02 1.744995709346954138e+00
8.500000000000000000e+02 1.778443841234147005e+00
8.510000000000000000e+02 1.812330064656584971e+00
8.520000000000000000e+02 1.850909872735807093e+00
8.530000000000000000e+02 1.809917695879930788e+00
8.540000000000000000e+02 1.786556100344962150e+00
8.550000000000000000e+02 1.884002182233318834e+00
8.560000000000000000e+02 1.901824218504600372e+00
8.570000000000000000e+02 1.827507683884156631e+00
8.580000000000000000e+02 1.730662643417144375e+00
8.590000000000000000e+02 1.771926766951887444e+00
8.600000000000000000e+02 1.889267286277166225e+00
8.610000000000000000e+02 1.939245958086295074e+00
8.620000000000000000e+02 1.875799585595111285e+00
8.630000000000000000e+02 1.768418720991248749e+00
8.640000000000000000e+02 1.790163168986286690e+00
8.650000000000000000e+02 1.814118732268168666e+00
8.660000000000000000e+02 1.898709912217790174e+00
8.670000000000000000e+02 1.912293974639731386e+00
8.680000000000000000e+02 1.822785404972057099e+00
8.690000000000000000e+02 1.835348014674870187e+00
8.700000000000000000e+02 1.891644443539088005e+00
8.710000000000000000e+02 1.810027744047791654e+00
8.720000000000000000e+02 1.804172996781656435e+00
8.730000000000000000e+02 1.826879098657543832e+00
8.740000000000000000e+02 1.993423678753593276e+00
8.750000000000000000e+02 1.963486566417262269e+00
8.760000000000000000e+02 1.735818493046438871e+00
8.770000000000000000e+02 1.747043712880754551e+00
8.780000000000000000e+02 1.886582841811479616e+00
8.790000000000000000e+02 1.984411499051946137e+00
8.800000000000000000e+02 1.953069131408841086e+00
8.810000000000000000e+02 1.835367341723662671e+00
8.820000000000000000e+02 1.811869626273535205e+00
8.830000000000000000e+02 1.823910656457849333e+00
8.840000000000000000e+02 1.950061344384296680e+00
8.850000000000000000e+02 1.941913177044974237e+00
8.860000000000000000e+02 1.894121579810301492e+00
8.870000000000000000e+02 1.799020376514580244e+00
8.880000000000000000e+02 1.921640661332693290e+00
8.890000000000000000e+02 1.921717503305187202e+00
8.900000000000000000e+02 1.915848303297254196e+00
8.910000000000000000e+02 1.894346865855403017e+00
8.920000000000000000e+02 1.907579018423139150e+00
8.930000000000000000e+02 1.889602017065773465e+00
8.940000000000000000e+02 1.862617203511730102e+00
8.950000000000000000e+02 1.863815707897103158e+00
8.960000000000000000e+02 1.978158442408005868e+00
8.970000000000000000e+02 2.004307142578500400e+00
8.980000000000000000e+02 1.889347734533115553e+00
8.990000000000000000e+02 1.848933226466996205e+00
9.000000000000000000e+02 1.869864340304397077e+00
9.010000000000000000e+02 1.934723943178610295e+00
9.020000000000000000e+02 2.029463183314892394e+00
9.030000000000000000e+02 1.964472204991816406e+00
9.040000000000000000e+02 1.863635571507030964e+00
9.050000000000000000e+02 1.882123518430987241e+00
9.060000000000000000e+02 1.911831508743033314e+00
9.070000000000000000e+02 2.005812874389490741e+00
9.080000000000000000e+02 1.963805591881932822e+00
9.090000000000000000e+02 1.864764552347613291e+00
9.100000000000000000e+02 2.005497311964199891e+00
9.110000000000000000e+02 1.945459156764496544e+00
9.120000000000000000e+02 1.996812625525785867e+00
9.130000000000000000e+02 1.923618142728484415e+00
9.140000000000000000e+02 1.892887952718537381e+00
9.150000000000000000e+02 1.966076714108613288e+00
9.160000000000000000e+02 2.086760213530880037e+00
9.170000000000000000e+02 1.981690265707785503e+00
9.180000000000000000e+02 1.921253431935350697e+00
9.190000000000000000e+02 1.904857857656719222e+00
9.200000000000000000e+02 1.993572666886215261e+00
9.210000000000000000e+02 2.111591436939934230e+00
9.220000000000000000e+02 1.977100706514649087e+00
9.230000000000000000e+02 1.848904062967962947e+00
9.240000000000000000e+02 1.953432716628970445e+00
9.250000000000000000e+02 2.098524283750015318e+00
9.260000000000000000e+02 2.170194050738750491e+00
9.270000000000000000e+02 1.993040315268885143e+00
9.280000000000000000e+02 1.824254928490317340e+00
9.290000000000000000e+02 1.941646198918958621e+00
9.300000000000000000e+02 2.071659162119593667e+00
9.310000000000000000e+02 2.116332666882361213e+00
9.320000000000000000e+02 1.979767253597445098e+00
9.330000000000000000e+02 1.950693468647137552e+00
9.340000000000000000e+02 2.054019484986252753e+00
9.350000000000000000e+02 2.006473527166082960e+00
9.360000000000000000e+02 1.970149761166087865e+00
9.370000000000000000e+02 2.158596256913233091e+00
9.380000000000000000e+02 1.999107581184221605e+00
9.390000000000000000e+02 2.019410646338625437e+00
9.400000000000000000e+02 2.081624232186538137e+00
9.410000000000000000e+02 2.058211839052172198e+00
9.420000000000000000e+02 2.122368295018826956e+00
9.430000000000000000e+02 2.015787682176049422e+00
9.440000000000000000e+02 2.025558047300954012e+00
9.450000000000000000e+02 2.043495612407125961e+00
9.460000000000000000e+02 2.059764775258752678e+00
9.470000000000000000e+02 2.093008708507516413e+00
9.480000000000000000e+02 2.194899979659940659e+00
9.490000000000000000e+02 2.059030761097827789e+00
9.500000000000000000e+02 1.926667466282196539e+00
9.510000000000000000e+02 2.132402412000880876e+00
9.520000000000000000e+02 2.164273453700465311e+00
9.530000000000000000e+02 2.137662071651980966e+00
9.540000000000000000e+02 1.929140913886643327e+00
9.550000000000000000e+02 2.066462028089299352e+00
9.560000000000000000e+02 2.267679627576106416e+00
9.570000000000000000e+02 2.232309517467087723e+00
9.580000000000000000e+02 2.044251910368890535e+00
9.590000000000000000e+02 1.930732757474995953e+00
9.600000000000000000e+02 2.066710483400723941e+00
9.610000000000000000e+02 2.269438265405958610e+00
9.620000000000000000e+02 2.284117260634042079e+00
9.630000000000000000e+02 2.100684759345943675e+00
9.640000000000000000e+02 2.034074094888619566e+00
9.650000000000000000e+02 2.097013601781360759e+00
9.660000000000000000e+02 2.074246234263985134e+00
9.670000000000000000e+02 2.227234181240491218e+00
9.680000000000000000e+02 2.166192500702141199e+00
9.690000000000000000e+02 2.185683697330479180e+00
9.700000000000000000e+02 2.147979341482995519e+00
9.710000000000000000e+02 2.181068723550284805e+00
9.720000000000000000e+02 2.142227947324895077e+00
9.730000000000000000e+02 2.114731279401948605e+00
9.740000000000000000e+02 2.189132572255942488e+00
9.750000000000000000e+02 2.243739287722948728e+00
9.760000000000000000e+02 2.222517772610637987e+00
9.770000000000000000e+02 2.141344086507584343e+00
9.780000000000000000e+02 2.205230528220015529e+00
9.790000000000000000e+02 2.347361100027297809e+00
9.800000000000000000e+02 2.207190480484527040e+00
9.810000000000000000e+02 2.171020693873010110e+00
9.820000000000000000e+02 2.126036060041461617e+00
9.830000000000000000e+02 2.182891559492426747e+00
9.840000000000000000e+02 2.360556553693048176e+00
9.850000000000000000e+02 2.470855687392841116e+00
9.860000000000000000e+02 2.247558768305620625e+00
9.870000000000000000e+02 2.034184389850742569e+00
9.880000000000000000e+02 2.110595287276534560e+00
9.890000000000000000e+02 2.396669803684009281e+00
9.900000000000000000e+02 2.524833216331935137e+00
9.910000000000000000e+02 2.278995976546474900e+00
9.920000000000000000e+02 2.081934848879591460e+00
9.930000000000000000e+02 2.142881803030523891e+00
9.940000000000000000e+02 2.299185595109707769e+00
9.950000000000000000e+02 2.585478256567437683e+00
9.960000000000000000e+02 2.302987326870354678e+00
9.970000000000000000e+02 2.187527566688360459e+00
9.980000000000000000e+02 2.126834300711962555e+00
9.990000000000000000e+02 2.344129109717965953e+00
1.000000000000000000e+03 2.567067393801268693e+00
1.001000000000000000e+03 2.300163758509308209e+00
1.002000000000000000e+03 2.196489055845551874e+00
1.003000000000000000e+03 2.446418388161513580e+00
1.004000000000000000e+03 2.358923621849060570e+00
1.005000000000000000e+03 2.338302194956494162e+00
1.006000000000000000e+03 2.181292597086482044e+00
1.007000000000000000e+03 2.432037995913464812e+00
1.008000000000000000e+03 2.496063212044583590e+00
1.009000000000000000e+03 2.369321204409576609e+00
1.010000000000000000e+03 2.243025884419576954e+00
1.011000000000000000e+03 2.425174662093360745e+00
1.012000000000000000e+03 2.379279334984527594e+00
1.013000000000000000e+03 2.391911537817489997e+00
1.014000000000000000e+03 2.386573863211604252e+00
1.015000000000000000e+03 2.366451177769859804e+00
1.016000000000000000e+03 2.555585415057073373e+00
1.017000000000000000e+03 2.454776565625289120e+00
1.018000000000000000e+03 2.322158189703662945e+00
1.019000000000000000e+03 2.431507947079266430e+00
1.020000000000000000e+03 2.407422011402215123e+00
1.021000000000000000e+03 2.531932182747128834e+00
1.022000000000000000e+03 2.558668331695488796e+00
1.023000000000000000e+03 2.385623617506118066e+00
1.024000000000000000e+03 2.341201937604798555e+00
1.025000000000000000e+03 2.471517667556995868e+00
1.026000000000000000e+03 2.573389415971163885e+00
1.027000000000000000e+03 2.556638603648312635e+00
1.028000000000000000e+03 2.358152407562228436e+00
1.029000000000000000e+03 2.400897076398444963e+00
1.030000000000000000e+03 2.692581741156025110e+00
1.031000000000000000e+03 2.630040691585394441e+00
1.032000000000000000e+03 2.394499189927143057e+00
1.033000000000000000e+03 2.395714299595855135e+00
1.034000000000000000e+03 2.459727909552371194e+00
1.035000000000000000e+03 2.638581840888251762e+00
1.036000000000000000e+03 2.586970674429114325e+00
1.037000000000000000e+03 2.475328056384848097e+00
1.038000000000000000e+03 2.534344384116717031e+00
1.039000000000000000e+03 2.419416874843113963e+00
1.040000000000000000e+03 2.713310737808440454e+00
1.041000000000000000e+03 2.861333409383509441e+00
1.042000000000000000e+03 2.390541589941376888e+00
1.043000000000000000e+03 2.410673302873116430e+00
1.044000000000000000e+03 2.582834948108804429e+00
1.045000000000000000e+03 3.020195543388832338e+00
1.046000000000000000e+03 2.780029128936662097e+00
1.047000000000000000e+03 2.369677033904030061e+00
1.048000000000000000e+03 2.369555996148023258e+00
1.049000000000000000e+03 2.864232907381685678e+00
1.050000000000000000e+03 2.855759104191493147e+00
1.051000000000000000e+03 2.704682707306454770e+00
1.052000000000000000e+03 2.540400634252860890e+00
1.053000000000000000e+03 2.562464445964398152e+00
1.054000000000000000e+03 2.822997724350292614e+00
1.055000000000000000e+03 2.774919579154133231e+00
1.056000000000000000e+03 2.667451555026789212e+00
1.057000000000000000e+03 2.683104427706254569e+00
1.058000000000000000e+03 2.625790607818036193e+00
1.059000000000000000e+03 2.597892269645763808e+00
1.060000000000000000e+03 2.984105613339128826e+00
1.061000000000000000e+03 2.748987045806376095e+00
1.062000000000000000e+03 2.760528737365854912e+00
1.063000000000000000e+03 2.812986109801620671e+00
1.064000000000000000e+03 2.651676987223198445e+00
1.065000000000000000e+03 2.600619838732363132e+00
1.066000000000000000e+03 2.756894416074554321e+00
1.067000000000000000e+03 3.009966740276145192e+00
1.068000000000000000e+03 3.038391865083533538e+00
1.069000000000000000e+03 2.770625716066861699e+00
1.070000000000000000e+03 2.577013443967872686e+00
1.071000000000000000e+03 2.781152599818678794e+00
1.072000000000000000e+03 3.015409739687802571e+00
1.073000000000000000e+03 2.921077783720280596e+00
1.074000000000000000e+03 2.862400877364597918e+00
1.075000000000000000e+03 2.746518227817075886e+00
1.076000000000000000e+03 2.935497998402233133e+00
1.077000000000000000e+03 3.226860348860973282e+00
1.078000000000000000e+03 2.779186079801784448e+00
1.079000000000000000e+03 2.876371566734350793e+00
1.080000000000000000e+03 2.735497625500093566e+00
1.081000000000000000e+03 3.096773695835677742e+00
1.082000000000000000e+03 3.100705207313284806e+00
1.083000000000000000e+03 2.947241753680455378e+00
1.084000000000000000e+03 2.799505327335965799e+00
1.085000000000000000e+03 2.984543486058247375e+00
1.086000000000000000e+03 3.127739051467774978e+00
1.087000000000000000e+03 3.025235658439338948e+00
1.088000000000000000e+03 2.673376777298284157e+00
1.089000000000000000e+03 2.958116974719486869e+00
1.090000000000000000e+03 3.454614718535965689e+00
1.091000000000000000e+03 3.329265140902562869e+00
1.092000000000000000e+03 2.827275001775111818e+00
1.093000000000000000e+03 2.814816166711517020e+00
1.094000000000000000e+03 2.934361626909498533e+00
1.095000000000000000e+03 3.211789462597267608e+00
1.096000000000000000e+03 3.377835231945317318e+00
1.097000000000000000e+03 3.133276327693714336e+00
1.098000000000000000e+03 3.186726221810529225e+00
1.099000000000000000e+03 2.974615430619634182e+00
1.100000000000000000e+03 3.235797633622238045e+00
1.101000000000000000e+03 3.139761381229529302e+00
1.102000000000000000e+03 2.982866987505254475e+00
1.103000000000000000e+03 3.458312640717867925e+00
1.104000000000000000e+03 3.328116132229764101e+00
1.105000000000000000e+03 3.341236589033960591e+00
1.106000000000000000e+03 3.002898397658513741e+00
1.107000000000000000e+03 3.063037095296784695e+00
1.108000000000000000e+03 3.418959144955502794e+00
1.109000000000000000e+03 3.496139341031912817e+00
1.110000000000000000e+03 3.248084714123165906e+00
1.111000000000000000e+03 3.420418971950875520e+00
1.112000000000000000e+03 3.404918786537036723e+00
1.113000000000000000e+03 3.086760311043768024e+00
1.114000000000000000e+03 3.131319121518820303e+00
1.115000000000000000e+03 3.646709021312770638e+00
1.116000000000000000e+03 3.558130822198734666e+00
1.117000000000000000e+03 3.194115090429868076e+00
1.118000000000000000e+03 3.222485778955003433e+00
1.119000000000000000e+03 3.449910682367387960e+00
1.120000000000000000e+03 3.788256049608679454e+00
1.121000000000000000e+03 3.519432947427172387e+00
1.122000000000000000e+03 3.432715468084269972e+00
1.123000000000000000e+03 3.257114037490828728e+00
1.124000000000000000e+03 3.528507833381912207e+00
1.125000000000000000e+03 3.585086309594522902e+00
1.126000000000000000e+03 3.465760161263909733e+00
1.127000000000000000e+03 3.254390734835376886e+00
1.128000000000000000e+03 3.656369785203049894e+00
1.129000000000000000e+03 3.844721935926298073e+00
1.130000000000000000e+03 3.404101465131072146e+00
1.131000000000000000e+03 3.448721558308919022e+00
1.132000000000000000e+03 3.371173996229690051e+00
1.133000000000000000e+03 3.596439667895409364e+00
1.134000000000000000e+03 3.871320932712421392e+00
1.135000000000000000e+03 3.757620775588836892e+00
1.136000000000000000e+03 3.598316262449755332e+00
1.137000000000000000e+03 3.759329929587404973e+00
1.138000000000000000e+03 3.546511332143726936e+00
1.139000000000000000e+03 3.775730014838917459e+00
1.140000000000000000e+03 3.753391212588030879e+00
1.141000000000000000e+03 3.604811773875174374e+00
1.142000000000000000e+03 3.679292076777929577e+00
1.143000000000000000e+03 3.812352310528467569e+00
1.144000000000000000e+03 3.901143399270075918e+00
1.145000000000000000e+03 3.952197982453701020e+00
1.146000000000000000e+03 3.411540718241566239e+00
1.147000000000000000e+03 3.661963115871462726e+00
1.148000000000000000e+03 3.845448147191160349e+00
1.149000000000000000e+03 4.228322099724615590e+00
1.150000000000000000e+03 4.028675079518341029e+00
1.151000000000000000e+03 3.803522593410011865e+00
1.152000000000000000e+03 3.596496071290048668e+00
1.153000000000000000e+03 3.932845463363966232e+00
1.154000000000000000e+03 3.806680531005804724e+00
1.155000000000000000e+03 4.049677642595026050e+00
1.156000000000000000e+03 4.327074034601940511e+00
1.157000000000000000e+03 4.100419378581902308e+00
1.158000000000000000e+03 3.382451992042090350e+00
1.159000000000000000e+03 4.044041604787665278e+00
1.160000000000000000e+03 4.803558640785422718e+00
1.161000000000000000e+03 4.523113010412937562e+00
1.162000000000000000e+03 3.491896583266244747e+00
1.163000000000000000e+03 3.909918388546566703e+00
1.164000000000000000e+03 3.988622112920491514e+00
1.165000000000000000e+03 4.467374363615589594e+00
1.166000000000000000e+03 4.354184566465919559e+00
1.167000000000000000e+03 4.259380453913212961e+00
1.168000000000000000e+03 3.626885429299456565e+00
1.169000000000000000e+03 4.228581918981136667e+00
1.170000000000000000e+03 4.550303589513848834e+00
1.171000000000000000e+03 4.550266060721687822e+00
1.172000000000000000e+03 4.215144153165648611e+00
1.173000000000000000e+03 4.203511951214773390e+00
1.174000000000000000e+03 4.566473617756181547e+00
1.175000000000000000e+03 4.640951041916318687e+00
1.176000000000000000e+03 4.196034649857574905e+00
1.177000000000000000e+03 4.681795623564445563e+00
1.178000000000000000e+03 4.403269761735299603e+00
1.179000000000000000e+03 4.601814656751453292e+00
1.180000000000000000e+03 4.270771200308131732e+00
1.181000000000000000e+03 4.580216637754042530e+00
1.182000000000000000e+03 4.536330335519602741e+00
1.183000000000000000e+03 4.581761718851859122e+00
1.184000000000000000e+03 4.408103862616325586e+00
1.185000000000000000e+03 4.584803366192536700e+00
1.186000000000000000e+03 4.863415482653731026e+00
1.187000000000000000e+03 4.802058326493590990e+00
1.188000000000000000e+03 4.262548314863591870e+00
1.189000000000000000e+03 4.508478331334875300e+00
1.190000000000000000e+03 5.073319843714417132e+00
1.191000000000000000e+03 4.687293858483508657e+00
1.192000000000000000e+03 4.934570298672298350e+00
1.193000000000000000e+03 4.710909811224259336e+00
1.194000000000000000e+03 4.644062713385956442e+00
1.195000000000000000e+03 5.113686380580095836e+00
1.196000000000000000e+03 5.051511979143130660e+00
1.197000000000000000e+03 4.898839637788046986e+00
1.198000000000000000e+03 4.773496120448336377e+00
1.199000000000000000e+03 5.226898374631409716e+00
1.200000000000000000e+03 5.021904698372056330e+00
1.201000000000000000e+03 5.179111367326925119e+00
1.202000000000000000e+03 5.406655993583552089e+00
1.203000000000000000e+03 4.917545422948577993e+00
1.204000000000000000e+03 5.075968704314253621e+00
1.205000000000000000e+03 5.036036188694506421e+00
1.206000000000000000e+03 5.093310092098717767e+00
1.207000000000000000e+03 5.429855863060977228e+00
1.208000000000000000e+03 4.980460968472373295e+00
1.209000000000000000e+03 5.459005966335192639e+00
1.210000000000000000e+03 5.350695900312303799e+00
1.211000000000000000e+03 5.488550805725723514e+00
1.212000000000000000e+03 5.881094333211907887e+00
1.213000000000000000e+03 5.421352655162415601e+00
1.214000000000000000e+03 5.286960984447674150e+00
1.215000000000000000e+03 5.571200904326605752e+00
1.216000000000000000e+03 5.595967668051811117e+00
1.217000000000000000e+03 5.655101070122774409e+00
1.218000000000000000e+03 5.521894647157672864e+00
1.219000000000000000e+03 5.890243482202146552e+00
1.220000000000000000e+03 5.470642292473145041e+00
1.221000000000000000e+03 6.195983253169909943e+00
1.222000000000000000e+03 5.556035770549633490e+00
1.223000000000000000e+03 5.498865904670436677e+00
1.224000000000000000e+03 5.872692987618057359e+00
1.225000000000000000e+03 6.077548508217237355e+00
1.226000000000000000e+03 5.909724365270121460e+00
1.227000000000000000e+03 5.181228425599383236e+00
1.228000000000000000e+03 5.891170638647963642e+00
1.229000000000000000e+03 6.601822781594675504e+00
1.230000000000000000e+03 6.638186003340851293e+00
1.231000000000000000e+03 6.629807883553167080e+00
1.232000000000000000e+03 6.305282722733483780e+00
1.233000000000000000e+03 6.099484808899125809e+00
1.234000000000000000e+03 6.509723551533783237e+00
1.235000000000000000e+03 5.891846388764067299e+00
1.236000000000000000e+03 6.309848568608975583e+00
1.237000000000000000e+03 7.637010217835402237e+00
1.238000000000000000e+03 6.913526858238951078e+00
1.239000000000000000e+03 5.834293601930323092e+00
1.240000000000000000e+03 6.167353282281663240e+00
1.241000000000000000e+03 6.718788896186755011e+00
1.242000000000000000e+03 6.477155267773542668e+00
1.243000000000000000e+03 6.583738525129417596e+00
1.244000000000000000e+03 6.323087315398488784e+00
1.245000000000000000e+03 6.912170733795547584e+00
1.246000000000000000e+03 7.049731331771926790e+00
1.247000000000000000e+03 6.654928281559678638e+00
1.248000000000000000e+03 6.915888911931621585e+00
1.249000000000000000e+03 7.895760973661308135e+00
1.250000000000000000e+03 6.855805272283643781e+00
1.251000000000000000e+03 6.315826322278837779e+00
1.252000000000000000e+03 7.029017512674482049e+00
1.253000000000000000e+03 6.969569496594641755e+00
1.254000000000000000e+03 6.375015010834757412e+00
1.255000000000000000e+03 7.648855768530787635e+00
1.256000000000000000e+03 7.477680641627651781e+00
1.257000000000000000e+03 7.002715915663256574e+00
1.258000000000000000e+03 7.472676806781723968e+00
1.259000000000000000e+03 7.213465120309499490e+00
1.260000000000000000e+03 7.375643274520975901e+00
1.261000000000000000e+03 6.716084119421460663e+00
1.262000000000000000e+03 7.971252448973705107e+00
1.263000000000000000e+03 7.814468426484280528e+00
1.264000000000000000e+03 8.976762043599711305e+00
1.265000000000000000e+03 7.234921949196795765e+00
1.266000000000000000e+03 7.059226455811039358e+00
1.267000000000000000e+03 8.110660174019059809e+00
1.268000000000000000e+03 9.347227069498581287e+00
1.269000000000000000e+03 8.702713830495794056e+00
1.270000000000000000e+03 6.769953989039808384e+00
1.271000000000000000e+03 7.952003174283452935e+00
1.272000000000000000e+03 9.599245511977509082e+00
1.273000000000000000e+03 7.174915222768751377e+00
1.274000000000000000e+03 8.097980220442963173e+00
1.275000000000000000e+03 8.701568487854672185e+00
1.276000000000000000e+03 8.610262464028870966e+00
1.277000000000000000e+03 8.994536386936374583e+00
1.278000000000000000e+03 9.734872869584613397e+00
1.279000000000000000e+03 8.519754580504725894e+00
1.280000000000000000e+03 9.002406227669970562e+00
1.281000000000000000e+03 9.239445193132288736e+00
1.282000000000000000e+03 8.469827948336142498e+00
1.283000000000000000e+03 8.914689834365194798e+00
1.284000000000000000e+03 8.227375520216462235e+00
1.285000000000000000e+03 9.296190235495785714e+00
1.286000000000000000e+03 1.065250220678606929e+01
1.287000000000000000e+03 9.964155989510691924e+00
1.288000000000000000e+03 8.852706191440256944e+00
1.289000000000000000e+03 9.607034406391264270e+00
1.290000000000000000e+03 9.731205259104047656e+00
1.291000000000000000e+03 1.039137155273925828e+01
1.292000000000000000e+03 8.873140275861977955e+00
1.293000000000000000e+03 1.026810665087333696e+01
1.294000000000000000e+03 9.675199747091157931e+00
1.295000000000000000e+03 1.010867980491639173e+01
1.296000000000000000e+03 1.069736213978824502e+01
1.297000000000000000e+03 1.042184927200088218e+01
1.298000000000000000e+03 1.027313023626151711e+01
1.299000000000000000e+03 8.760349591920984835e+00
1.300000000000000000e+03 1.099491296149773945e+01
1.301000000000000000e+03 1.109877742262810685e+01
1.302000000000000000e+03 1.200261785299904815e+01
1.303000000000000000e+03 8.855125570000558000e+00
1.304000000000000000e+03 1.210100669094124370e+01
1.305000000000000000e+03 1.158667728694065957e+01
1.306000000000000000e+03 9.689790261909426050e+00
1.307000000000000000e+03 1.040010857837285307e+01
1.308000000000000000e+03 1.212229507501519699e+01
1.309000000000000000e+03 1.264968706486111749e+01
1.310000000000000000e+03 1.316652862918432376e+01
1.311000000000000000e+03 1.115491342344008352e+01
1.312000000000000000e+03 1.087210974609154057e+01
1.313000000000000000e+03 1.128903890960086009e+01
1.314000000000000000e+03 1.204510500176085763e+01
1.315000000000000000e+03 1.120517595064425187e+01
1.316000000000000000e+03 1.460496240853141892e+01
1.317000000000000000e+03 1.293638677773926560e+01
1.318000000000000000e+03 1.146966303092164807e+01
1.319000000000000000e+03 1.313187895085377122e+01
1.320000000000000000e+03 1.347881212615418534e+01
1.321000000000000000e+03 1.332307925874608578e+01
1.322000000000000000e+03 1.355224024350217960e+01
1.323000000000000000e+03 1.334830042302748332e+01
1.324000000000000000e+03 1.287785019452586432e+01
1.325000000000000000e+03 1.355926156856298626e+01
1.326000000000000000e+03 1.271761212235614913e+01
1.327000000000000000e+03 1.456537564040881172e+01
1.328000000000000000e+03 1.310063930615577910e+01
1.329000000000000000e+03 1.553817461373833275e+01
1.330000000000000000e+03 1.408404269532066344e+01
1.331000000000000000e+03 1.388554026916145467e+01
1.332000000000000000e+03 1.601554381932679405e+01
1.333000000000000000e+03 1.362319134254496866e+01
1.334000000000000000e+03 1.708792095088837115e+01
1.335000000000000000e+03 1.314694869523352416e+01
1.336000000000000000e+03 1.261698438732357452e+01
1.337000000000000000e+03 1.785755584191865353e+01
1.338000000000000000e+03 1.727749594850875425e+01
1.339000000000000000e+03 1.595850793785937327e+01
1.340000000000000000e+03 1.577498550548890854e+01
1.341000000000000000e+03 1.399569220608811904e+01
1.342000000000000000e+03 1.797964499050602782e+01
1.343000000000000000e+03 1.254667711088793425e+01
1.344000000000000000e+03 1.701123429686677113e+01
1.345000000000000000e+03 2.002605472477725712e+01
1.346000000000000000e+03 2.228340385134980295e+01
1.347000000000000000e+03 1.588467318692224062e+01
1.348000000000000000e+03 1.650857242231462507e+01
1.349000000000000000e+03 2.074823460352812532e+01
1.350000000000000000e+03 1.874514513098233692e+01
1.351000000000000000e+03 1.894755415669500564e+01
1.352000000000000000e+03 1.786966939780916874e+01
1.353000000000000000e+03 2.029346410796492961e+01
1.354000000000000000e+03 1.858909754115605750e+01
1.355000000000000000e+03 1.634245478879364910e+01
1.356000000000000000e+03 2.253314270436015576e+01
1.357000000000000000e+03 1.839315143187548074e+01
1.358000000000000000e+03 2.089211479844876607e+01
1.359000000000000000e+03 2.180484191146365447e+01
1.360000000000000000e+03 2.097289648583836552e+01
1.361000000000000000e+03 2.210916830031257874e+01
1.362000000000000000e+03 2.114955866550021213e+01
1.363000000000000000e+03 1.984321195999410392e+01
1.364000000000000000e+03 2.120901908269109626e+01
1.365000000000000000e+03 2.347499983230115106e+01
1.366000000000000000e+03 2.465137569511009019e+01
1.367000000000000000e+03 2.337151627898959916e+01
1.368000000000000000e+03 2.009666222732721508e+01
1.369000000000000000e+03 2.915455233061245366e+01
1.370000000000000000e+03 2.151630609088805812e+01
1.371000000000000000e+03 2.650577040546545859e+01
1.372000000000000000e+03 2.991486286015583218e+01
1.373000000000000000e+03 2.306833122860684426e+01
1.374000000000000000e+03 2.879755927812332672e+01
1.375000000000000000e+03 1.962876966432302339e+01
1.376000000000000000e+03 2.786596960861027839e+01
1.377000000000000000e+03 2.974051948541643497e+01
1.378000000000000000e+03 2.589726248675047415e+01
1.379000000000000000e+03 2.747527375482360767e+01
1.380000000000000000e+03 2.594450027647157242e+01
1.381000000000000000e+03 2.724196311743093446e+01
1.382000000000000000e+03 2.661096430885876885e+01
1.383000000000000000e+03 3.062983039177641587e+01
1.384000000000000000e+03 3.307328961704684644e+01
1.385000000000000000e+03 3.445284707037735217e+01
1.386000000000000000e+03 3.159506012896723348e+01
1.387000000000000000e+03 2.637964300248117056e+01
1.388000000000000000e+03 3.323407520254298220e+01
1.389000000000000000e+03 3.273659724429652584e+01
1.390000000000000000e+03 3.951031052678664679e+01
1.391000000000000000e+03 3.442749540054366975e+01
1.392000000000000000e+03 4.230264925353247207e+01
1.393000000000000000e+03 3.579686858635177771e+01
1.394000000000000000e+03 3.115235454233075885e+01
1.395000000000000000e+03 3.762127162068912156e+01
1.396000000000000000e+03 4.143082556910953684e+01
1.397000000000000000e+03 3.032812384059516475e+01
1.398000000000000000e+03 4.245228269589843251e+01
1.399000000000000000e+03 3.438394151567999302e+01
1.400000000000000000e+03 3.615337044438243197e+01
1.401000000000000000e+03 3.622227758678566545e+01
1.402000000000000000e+03 4.112649149835559115e+01
1.403000000000000000e+03 4.957137795516678835e+01
1.404000000000000000e+03 3.581471206332876989e+01
1.405000000000000000e+03 5.357696044994369799e+01
1.406000000000000000e+03 5.185867741181005641e+01
1.407000000000000000e+03 4.127797894750743524e+01
1.408000000000000000e+03 4.951411322848987595e+01
1.409000000000000000e+03 5.070079864214606857e+01
1.410000000000000000e+03 5.688400710991501796e+01
1.411000000000000000e+03 4.641456850884302554e+01
1.412000000000000000e+03 4.405245721839746409e+01
1.413000000000000000e+03 5.424609150109214539e+01
1.414000000000000000e+03 4.787456164954064519e+01
1.415000000000000000e+03 5.528226453033842347e+01
1.416000000000000000e+03 7.072006889919894945e+01
1.417000000000000000e+03 5.980062080874098740e+01
1.418000000000000000e+03 6.426580005408908391e+01
1.419000000000000000e+03 5.138555732717568247e+01
1.420000000000000000e+03 7.342445647506261253e+01
1.421000000000000000e+03 6.718578318146882111e+01
1.422000000000000000e+03 7.605111455081525662e+01
1.423000000000000000e+03 6.140267886383001184e+01
1.424000000000000000e+03 8.786952570904890081e+01
1.425000000000000000e+03 7.447205197362941931e+01
1.426000000000000000e+03 6.851140559178297451e+01
1.427000000000000000e+03 7.055452234245097998e+01
1.428000000000000000e+03 7.544973679608520456e+01
1.429000000000000000e+03 9.871494244986392630e+01
1.430000000000000000e+03 1.021779683298232442e+02
1.431000000000000000e+03 7.597590934912690841e+01
1.432000000000000000e+03 8.859307562833623706e+01
1.433000000000000000e+03 1.098268787916430682e+02
1.434000000000000000e+03 9.584201450380558640e+01
1.435000000000000000e+03 1.205562776971025443e+02
1.436000000000000000e+03 9.870665880362597022e+01
1.437000000000000000e+03 1.003213350364324157e+02
1.438000000000000000e+03 1.206597160475473203e+02
1.439000000000000000e+03 1.273225954124596626e+02
1.440000000000000000e+03 1.198954460814964165e+02
1.441000000000000000e+03 1.065945054637777076e+02
1.442000000000000000e+03 1.336274970057804126e+02
1.443000000000000000e+03 1.283283415345464107e+02
1.444000000000000000e+03 1.017962249417239775e+02
1.445000000000000000e+03 1.355090447933242217e+02
1.446000000000000000e+03 1.413187263489175507e+02
1.447000000000000000e+03 1.643616426076431196e+02
1.448000000000000000e+03 1.242549837683408072e+02
1.449000000000000000e+03 1.563482713491428342e+02
1.450000000000000000e+03 1.782867217993039901e+02
1.451000000000000000e+03 1.839635697701092738e+02
1.452000000000000000e+03 2.016942722953193368e+02
1.453000000000000000e+03 1.454881739052394778e+02
1.454000000000000000e+03 2.219404569517048458e+02
1.455000000000000000e+03 2.531853365791149884e+02
1.456000000000000000e+03 2.575359206949371469e+02
1.457000000000000000e+03 1.978383919113417448e+02
1.458000000000000000e+03 2.498126615932416996e+02
1.459000000000000000e+03 2.440071850863448617e+02
1.460000000000000000e+03 3.233788730998989536e+02
1.461000000000000000e+03 2.912320143846634437e+02
1.462000000000000000e+03 3.203043534018650007e+02
1.463000000000000000e+03 3.729413292798286648e+02
1.464000000000000000e+03 2.688847100821994900e+02
1.465000000000000000e+03 4.016798724179788564e+02
1.466000000000000000e+03 3.275887746347257234e+02
1.467000000000000000e+03 3.475835018450188727e+02
1.468000000000000000e+03 4.322370563688296556e+02
1.469000000000000000e+03 3.876980478287945289e+02
1.470000000000000000e+03 4.763226580313852310e+02
1.471000000000000000e+03 6.000488500206766957e+02
1.472000000000000000e+03 5.522898591648275897e+02
1.473000000000000000e+03 5.496277439725133718e+02
1.474000000000000000e+03 6.512232880171471834e+02
1.475000000000000000e+03 7.886989969364437911e+02
1.476000000000000000e+03 6.964908511332532726e+02
1.477000000000000000e+03 6.549997355990387859e+02
1.478000000000000000e+03 1.011931391842612356e+03
1.479000000000000000e+03 9.478154509148696434e+02
1.480000000000000000e+03 1.229620877990841791e+03
1.481000000000000000e+03 1.381221420073494301e+03
1.482000000000000000e+03 1.482802047440304705e+03
1.483000000000000000e+03 1.357488529909601084e+03
1.484000000000000000e+03 1.696854531882041556e+03
1.485000000000000000e+03 1.813414658446440853e+03
1.486000000000000000e+03 1.975031657646664826e+03
1.487000000000000000e+03 3.107771733690887231e+03
1.488000000000000000e+03 4.513571001162767061e+03
1.489000000000000000e+03 5.776888010380837841e+03
1.490000000000000000e+03 5.535759591787126737e+03
1.491000000000000000e+03 4.809202788799339942e+03
1.492000000000000000e+03 2.595924780989690589e+03
1.493000000000000000e+03 7.235828044269857855e+03
1.494000000000000000e+03 2.997510684692014911e+04
1.495000000000000000e+03 8.075093140536169813e+04
1.496000000000000000e+03 1.715664519000680884e+05
1.497000000000000000e+03 3.052115495583548327e+05
1.498000000000000000e+03 4.709347287042238167e+05
