# size duration
3.600000000000000000e+01 1.547843964447127085e+01
6.000000000000000000e+00 2.985210804493654280e-03
3.200000000000000000e+01 9.152351401308802537e+00
1.600000000000000000e+01 1.086758028055587744e-01
3.200000000000000000e+01 2.957234225966245411e+00
6.000000000000000000e+00 2.322284973623967019e-03
3.200000000000000000e+01 3.972581601751187907e+00
2.200000000000000000e+01 2.281197537565189393e-01
3.200000000000000000e+01 3.919688786435269634e+00
6.000000000000000000e+00 1.462157763368776564e-03
3.200000000000000000e+01 2.119563680595990540e-01
1.200000000000000000e+01 2.280727775335833485e-02
2.400000000000000000e+01 2.202345905250920888e-01
8.000000000000000000e+00 6.568723640432150290e-03
1.200000000000000000e+01 1.735680446480003525e-02
2.800000000000000000e+01 1.228026928192667677e+00
1.600000000000000000e+01 1.245964062821756091e-01
2.200000000000000000e+01 3.459036148740053385e-01
2.200000000000000000e+01 2.794883324681711745e-01
1.400000000000000000e+01 5.222819876466422429e-02
5.000000000000000000e+01 8.719488622242455023e-01
2.400000000000000000e+01 2.964719504999582256e-01
3.000000000000000000e+01 3.756806000554958835e+00
6.000000000000000000e+00 4.980155724678692053e-03
3.400000000000000000e+01 6.677874266696520067e+00
4.000000000000000000e+00 8.991496244634689106e-04
6.000000000000000000e+00 3.888433782600397848e-03
1.000000000000000000e+01 2.862843657378411066e-02
3.200000000000000000e+01 3.264618759345660592e+00
3.400000000000000000e+01 4.282916266829200680e+00
1.600000000000000000e+01 4.534358556133932794e-02
4.600000000000000000e+01 3.215763859402347435e-01
4.800000000000000000e+01 2.726298305335657091e-01
1.200000000000000000e+01 2.012691459716187126e-02
1.800000000000000000e+01 5.788009985262032586e-02
4.000000000000000000e+00 3.415683199541330595e-03
6.000000000000000000e+00 5.509966400615073923e-03
4.800000000000000000e+01 9.749099893826493890e-01
2.200000000000000000e+01 2.119596995437396103e-01
3.800000000000000000e+01 5.761006356439786202e-01
1.200000000000000000e+01 1.459106379294539124e-02
6.000000000000000000e+00 4.439400986328223553e-03
1.000000000000000000e+01 2.217293616584203875e-02
5.600000000000000000e+01 1.103573641348504886e+00
2.000000000000000000e+01 2.356056535333701518e-01
1.200000000000000000e+01 3.021743949410504726e-02
6.400000000000000000e+01 7.117799646264095781e-01
1.200000000000000000e+01 1.603853710566327528e-02
2.000000000000000000e+00 7.495801565049475812e-05
2.000000000000000000e+00 6.859116493451722363e-05
4.000000000000000000e+00 2.020211273289662657e-03
3.000000000000000000e+01 2.521206969293545264e+00
1.600000000000000000e+01 1.022651166250412302e-01
4.000000000000000000e+00 5.222257802965923901e-04
6.000000000000000000e+00 5.262977359512088782e-03
3.400000000000000000e+01 1.005668292889788873e+00
1.000000000000000000e+01 8.453204707926209593e-03
1.000000000000000000e+01 2.698004576189250159e-02
2.600000000000000000e+01 2.035365713908381391e-01
2.800000000000000000e+01 7.965854172892523621e-01
2.200000000000000000e+01 1.201887643518837478e-01
6.400000000000000000e+01 1.368253708043600803e+00
2.000000000000000000e+01 1.123878429484475028e-01
8.000000000000000000e+00 5.455690788426004190e-03
1.400000000000000000e+01 4.274337267331995704e-02
1.200000000000000000e+01 1.791385555602609259e-02
8.000000000000000000e+00 5.180455133181327554e-03
4.000000000000000000e+00 6.344992919498082529e-04
2.600000000000000000e+01 1.903544287292524562e-01
1.000000000000000000e+01 6.526468133420060269e-03
2.000000000000000000e+00 9.009149753369527502e-05
1.000000000000000000e+01 7.039249949498671555e-03
8.000000000000000000e+00 8.692780770076957708e-03
1.400000000000000000e+01 3.169966326030326798e-02
6.000000000000000000e+00 3.215865356727132252e-03
2.600000000000000000e+01 3.014793385348171206e-01
3.600000000000000000e+01 6.535001845718069191e-02
1.000000000000000000e+01 1.259896322998610430e-02
3.600000000000000000e+01 5.168540829573921691e+00
2.600000000000000000e+01 5.698734804577278990e-01
1.000000000000000000e+01 3.401689779607919295e-03
6.000000000000000000e+00 5.022746631565266906e-03
8.000000000000000000e+00 8.252031838468398828e-03
6.000000000000000000e+00 6.923166526146440347e-03
8.000000000000000000e+00 6.887431670573818110e-03
2.800000000000000000e+01 4.072971915428302836e-02
8.000000000000000000e+00 1.263905875316195804e-02
2.400000000000000000e+01 5.318458872415736671e-01
3.200000000000000000e+01 3.268273838591297942e+00
3.600000000000000000e+01 3.014451966986151366e+00
4.000000000000000000e+00 4.307907081662620818e-04
6.000000000000000000e+00 4.209621149513551042e-03
4.000000000000000000e+00 2.246974552236852274e-03
1.800000000000000000e+01 9.661247292561636613e-02
2.600000000000000000e+01 4.684800731295857279e-01
4.000000000000000000e+00 7.690298469256173775e-04
8.000000000000000000e+00 7.476467428740862786e-03
8.000000000000000000e+00 7.740573914561732494e-03
1.200000000000000000e+01 2.008514922578763517e-02
4.000000000000000000e+00 2.997065663450371176e-04
3.200000000000000000e+01 3.255341580707392879e+00
4.000000000000000000e+00 7.435265644648580974e-04
8.000000000000000000e+00 5.732389284144878694e-03
8.000000000000000000e+00 3.365554821155303244e-03
8.000000000000000000e+00 1.178432985244226572e-02
1.200000000000000000e+01 3.266324066891446165e-02
2.600000000000000000e+01 1.076901476215459397e-01
3.000000000000000000e+01 3.608193596536979353e-01
6.000000000000000000e+00 3.674935802953527286e-03
6.000000000000000000e+00 3.727267651524535097e-03
1.600000000000000000e+01 3.321581560399944344e-02
7.400000000000000000e+01 8.098421456059063939e-01
4.000000000000000000e+00 4.926218103082913302e-04
4.000000000000000000e+00 9.865632996941542388e-04
1.600000000000000000e+01 4.078945378130338639e-02
3.400000000000000000e+01 5.840541892072304009e-02
4.400000000000000000e+01 3.830117818255455386e+00
