# freq power
0.000000000000000000e+00 2.939142891053103416e-25
1.000000000000000000e+00 3.606905450202411157e+05
2.000000000000000000e+00 1.368826924502489856e+05
3.000000000000000000e+00 1.245733465380996058e+05
4.000000000000000000e+00 1.115829697949280235e+05
5.000000000000000000e+00 7.912046342240950617e+04
6.000000000000000000e+00 4.536046916946013516e+04
7.000000000000000000e+00 3.539764868072506943e+04
8.000000000000000000e+00 2.940117598017023556e+04
9.000000000000000000e+00 1.961421758930118813e+04
1.000000000000000000e+01 1.841810299382128142e+04
1.100000000000000000e+01 1.752067377065604887e+04
1.200000000000000000e+01 1.322540095168697189e+04
1.300000000000000000e+01 8.799472692116107282e+03
1.400000000000000000e+01 8.502403513625800770e+03
1.500000000000000000e+01 5.387977037709368233e+03
1.600000000000000000e+01 6.016884474663855144e+03
1.700000000000000000e+01 6.119089626513308758e+03
1.800000000000000000e+01 5.966670804972259248e+03
1.900000000000000000e+01 5.084324867113604341e+03
2.000000000000000000e+01 4.024134307233481195e+03
2.100000000000000000e+01 2.279205972428776477e+03
2.200000000000000000e+01 2.576588740688826874e+03
2.300000000000000000e+01 3.132308944939186404e+03
2.400000000000000000e+01 2.976357277896028336e+03
2.500000000000000000e+01 2.802359640859951014e+03
2.600000000000000000e+01 2.325904979407721839e+03
2.700000000000000000e+01 1.987895053689580209e+03
2.800000000000000000e+01 2.353869607646422992e+03
2.900000000000000000e+01 2.130396441967488499e+03
3.000000000000000000e+01 2.295603452638334147e+03
3.100000000000000000e+01 1.740137274804618983e+03
3.200000000000000000e+01 1.386097897537702693e+03
3.300000000000000000e+01 1.326098622435501056e+03
3.400000000000000000e+01 2.026430904943486439e+03
3.500000000000000000e+01 1.506454874796800368e+03
3.600000000000000000e+01 1.942180232511255554e+03
3.700000000000000000e+01 1.317698111020131137e+03
3.800000000000000000e+01 1.446914604924658079e+03
3.900000000000000000e+01 1.267596938047485992e+03
4.000000000000000000e+01 1.226887402742373297e+03
4.100000000000000000e+01 1.304041614447613711e+03
4.200000000000000000e+01 1.074652300804103788e+03
4.300000000000000000e+01 5.423290057184614170e+02
4.400000000000000000e+01 6.609904168214972060e+02
4.500000000000000000e+01 7.855781698131612529e+02
4.600000000000000000e+01 9.053996817724848825e+02
4.700000000000000000e+01 6.110161601429724669e+02
4.800000000000000000e+01 1.036294119857417627e+03
4.900000000000000000e+01 1.022704445442387964e+03
5.000000000000000000e+01 5.150753696772503645e+02
5.100000000000000000e+01 6.340617594347189652e+02
5.200000000000000000e+01 4.754374791196303249e+02
5.300000000000000000e+01 5.247464794623474518e+02
5.400000000000000000e+01 5.388630698655683773e+02
5.500000000000000000e+01 5.311391534299581281e+02
5.600000000000000000e+01 6.480535976792190240e+02
5.700000000000000000e+01 6.107225650005118496e+02
5.800000000000000000e+01 5.598363173340878802e+02
5.900000000000000000e+01 5.375784965017116974e+02
6.000000000000000000e+01 4.919510544170497610e+02
6.100000000000000000e+01 5.323025653583641770e+02
6.200000000000000000e+01 4.338089370930317727e+02
6.300000000000000000e+01 3.856439876772773800e+02
6.400000000000000000e+01 2.856607761715956144e+02
6.500000000000000000e+01 5.171742129093289577e+02
6.600000000000000000e+01 3.518374544734025449e+02
6.700000000000000000e+01 4.069637288756273961e+02
6.800000000000000000e+01 3.623941145974669098e+02
6.900000000000000000e+01 2.601999876040719641e+02
7.000000000000000000e+01 3.219134056177367711e+02
7.100000000000000000e+01 3.202621464607091184e+02
7.200000000000000000e+01 3.232349768318544534e+02
7.300000000000000000e+01 2.769693532551029307e+02
7.400000000000000000e+01 3.372989169833106757e+02
7.500000000000000000e+01 2.733980376095506699e+02
7.600000000000000000e+01 2.819802604810647040e+02
7.700000000000000000e+01 2.705776631607670311e+02
7.800000000000000000e+01 2.495826499404588503e+02
7.900000000000000000e+01 2.858161298744561236e+02
8.000000000000000000e+01 2.386871300693646560e+02
8.100000000000000000e+01 2.793413066092167583e+02
8.200000000000000000e+01 2.664759366901516273e+02
8.300000000000000000e+01 2.361833244870731505e+02
8.400000000000000000e+01 2.119362531367869451e+02
8.500000000000000000e+01 2.079629475798670910e+02
8.600000000000000000e+01 1.984657281019288462e+02
8.700000000000000000e+01 2.181098884594416916e+02
8.800000000000000000e+01 2.096170984540337088e+02
8.900000000000000000e+01 1.925048768280567515e+02
9.000000000000000000e+01 2.011795620665860156e+02
9.100000000000000000e+01 2.177363272936456156e+02
9.200000000000000000e+01 2.480586641609341996e+02
9.300000000000000000e+01 2.204356936390470878e+02
9.400000000000000000e+01 2.042547279293976885e+02
9.500000000000000000e+01 2.184901163684318135e+02
9.600000000000000000e+01 2.489519192504143916e+02
9.700000000000000000e+01 1.947725026511254782e+02
9.800000000000000000e+01 1.670847009619692756e+02
9.900000000000000000e+01 1.975645303656855276e+02
1.000000000000000000e+02 1.551330314672552220e+02
1.010000000000000000e+02 1.810053788119620890e+02
1.020000000000000000e+02 1.804662739307908339e+02
1.030000000000000000e+02 1.602677978882288983e+02
1.040000000000000000e+02 1.481747544317490792e+02
1.050000000000000000e+02 1.144049329633373304e+02
1.060000000000000000e+02 1.538317724945500231e+02
1.070000000000000000e+02 1.333847133968477294e+02
1.080000000000000000e+02 1.700199150699316988e+02
1.090000000000000000e+02 1.517104521508934170e+02
1.100000000000000000e+02 1.263970215430546915e+02
1.110000000000000000e+02 1.664103276936723148e+02
1.120000000000000000e+02 1.381083328928131095e+02
1.130000000000000000e+02 1.338091159844736922e+02
1.140000000000000000e+02 1.326819786640119787e+02
1.150000000000000000e+02 1.383940793205851492e+02
1.160000000000000000e+02 1.086992717933626977e+02
1.170000000000000000e+02 1.270647223860740667e+02
1.180000000000000000e+02 1.160834935400164909e+02
1.190000000000000000e+02 1.295051010939775153e+02
1.200000000000000000e+02 1.506585481005531051e+02
1.210000000000000000e+02 1.370810809182737557e+02
1.220000000000000000e+02 1.074664752393271101e+02
1.230000000000000000e+02 1.462954529960180139e+02
1.240000000000000000e+02 1.099534340575323057e+02
1.250000000000000000e+02 1.028917163232523677e+02
1.260000000000000000e+02 1.233469571061629892e+02
1.270000000000000000e+02 1.051658190071394330e+02
1.280000000000000000e+02 1.111509837792762454e+02
1.290000000000000000e+02 1.025787491662589730e+02
1.300000000000000000e+02 1.016123511256835883e+02
1.310000000000000000e+02 1.138539550943694820e+02
1.320000000000000000e+02 1.022239675918416850e+02
1.330000000000000000e+02 9.167171826426762493e+01
1.340000000000000000e+02 8.305676639224149937e+01
1.350000000000000000e+02 1.035126108142758028e+02
1.360000000000000000e+02 9.171849898416775204e+01
1.370000000000000000e+02 1.024052565315976437e+02
1.380000000000000000e+02 9.858811061899413630e+01
1.390000000000000000e+02 9.412234230387865352e+01
1.400000000000000000e+02 9.489223088791267458e+01
1.410000000000000000e+02 8.468443042720383573e+01
1.420000000000000000e+02 8.182458957577264869e+01
1.430000000000000000e+02 7.704260396451032022e+01
1.440000000000000000e+02 9.235325442462455214e+01
1.450000000000000000e+02 8.318692248576434167e+01
1.460000000000000000e+02 7.858879048916831778e+01
1.470000000000000000e+02 7.695085040750888083e+01
1.480000000000000000e+02 7.548110774033118275e+01
1.490000000000000000e+02 8.596262713407649869e+01
1.500000000000000000e+02 7.656327202636526863e+01
1.510000000000000000e+02 8.394141010682633919e+01
1.520000000000000000e+02 6.752948947171084626e+01
1.530000000000000000e+02 8.242102212616734391e+01
1.540000000000000000e+02 7.345674402587700058e+01
1.550000000000000000e+02 6.282974630693172458e+01
1.560000000000000000e+02 7.136689158192478999e+01
1.570000000000000000e+02 7.245346388976727781e+01
1.580000000000000000e+02 7.468603325847585950e+01
1.590000000000000000e+02 7.195896185036367854e+01
1.600000000000000000e+02 6.624132723500255793e+01
1.610000000000000000e+02 7.191780859744199006e+01
1.620000000000000000e+02 6.688797917615028155e+01
1.630000000000000000e+02 6.465574299896988464e+01
1.640000000000000000e+02 6.438634812341884128e+01
1.650000000000000000e+02 6.530464047622692192e+01
1.660000000000000000e+02 6.593838990792676213e+01
1.670000000000000000e+02 6.100189214174780261e+01
1.680000000000000000e+02 5.780108394892102552e+01
1.690000000000000000e+02 6.436995054815892559e+01
1.700000000000000000e+02 5.893826294671887212e+01
1.710000000000000000e+02 6.282157717226696292e+01
1.720000000000000000e+02 6.164021807057719116e+01
1.730000000000000000e+02 6.019595005337365734e+01
1.740000000000000000e+02 5.762287737597270620e+01
1.750000000000000000e+02 6.209562987410454582e+01
1.760000000000000000e+02 5.559429443791294290e+01
1.770000000000000000e+02 5.412045314409473917e+01
1.780000000000000000e+02 5.659274244083059102e+01
1.790000000000000000e+02 5.546995486707142931e+01
1.800000000000000000e+02 5.827697409264627026e+01
1.810000000000000000e+02 5.616647826548399536e+01
1.820000000000000000e+02 5.272916002082155984e+01
1.830000000000000000e+02 5.206147588539137416e+01
1.840000000000000000e+02 5.328278455472446495e+01
1.850000000000000000e+02 4.979246833238370584e+01
1.860000000000000000e+02 5.159643044510105625e+01
1.870000000000000000e+02 5.027717295705709688e+01
1.880000000000000000e+02 5.162309615333823842e+01
1.890000000000000000e+02 4.972617625277242581e+01
1.900000000000000000e+02 5.094880728462410957e+01
1.910000000000000000e+02 4.914126394978268308e+01
1.920000000000000000e+02 5.001045361750831120e+01
1.930000000000000000e+02 4.976096440888731109e+01
1.940000000000000000e+02 4.771230568774722514e+01
1.950000000000000000e+02 4.639160417679681814e+01
1.960000000000000000e+02 4.895835580987902347e+01
1.970000000000000000e+02 4.820539087671384948e+01
1.980000000000000000e+02 4.505474874130409546e+01
1.990000000000000000e+02 4.541973481833593240e+01
2.000000000000000000e+02 4.440521994851407328e+01
2.010000000000000000e+02 4.347359419949550841e+01
2.020000000000000000e+02 4.352782949973793336e+01
2.030000000000000000e+02 4.489632288864027032e+01
2.040000000000000000e+02 4.313711545700196126e+01
2.050000000000000000e+02 4.359653548366271281e+01
2.060000000000000000e+02 4.346582870860110859e+01
2.070000000000000000e+02 4.300569799153795003e+01
2.080000000000000000e+02 4.190003719860477105e+01
2.090000000000000000e+02 4.232960630479250597e+01
2.100000000000000000e+02 4.180089830075586121e+01
2.110000000000000000e+02 4.078190131727505019e+01
2.120000000000000000e+02 4.038087390158659673e+01
2.130000000000000000e+02 4.026039282327877800e+01
2.140000000000000000e+02 3.847356419886597934e+01
2.150000000000000000e+02 3.983321175681759030e+01
2.160000000000000000e+02 3.949013411470765078e+01
2.170000000000000000e+02 3.820003445388486796e+01
2.180000000000000000e+02 3.824445755973720651e+01
2.190000000000000000e+02 3.863346495754549181e+01
2.200000000000000000e+02 3.813042528314053214e+01
2.210000000000000000e+02 3.705251585923806346e+01
2.220000000000000000e+02 3.681942324146356071e+01
2.230000000000000000e+02 3.660953132278765310e+01
2.240000000000000000e+02 3.594285403188219874e+01
2.250000000000000000e+02 3.676470701059118085e+01
2.260000000000000000e+02 3.640317560215351733e+01
2.270000000000000000e+02 3.586803178739203446e+01
2.280000000000000000e+02 3.589068383646932148e+01
2.290000000000000000e+02 3.504072060714837278e+01
2.300000000000000000e+02 3.420356950981009447e+01
2.310000000000000000e+02 3.525365324336542727e+01
2.320000000000000000e+02 3.419640978736071446e+01
2.330000000000000000e+02 3.404374210352261798e+01
2.340000000000000000e+02 3.322121884848227324e+01
2.350000000000000000e+02 3.362769092994843589e+01
2.360000000000000000e+02 3.354648694269785381e+01
2.370000000000000000e+02 3.285888220907801127e+01
2.380000000000000000e+02 3.312604670730104317e+01
2.390000000000000000e+02 3.242568494061467277e+01
2.400000000000000000e+02 3.240387138752039675e+01
2.410000000000000000e+02 3.207147870104344634e+01
2.420000000000000000e+02 3.144552621777994972e+01
2.430000000000000000e+02 3.230962442288333847e+01
2.440000000000000000e+02 3.140025955715769967e+01
2.450000000000000000e+02 3.172296311385845158e+01
2.460000000000000000e+02 2.989184853236856654e+01
2.470000000000000000e+02 3.016346919592716702e+01
2.480000000000000000e+02 3.051049081167445465e+01
2.490000000000000000e+02 2.981976193170785194e+01
2.500000000000000000e+02 3.017128094944888872e+01
2.510000000000000000e+02 3.011359215615099671e+01
2.520000000000000000e+02 2.922467709545230008e+01
2.530000000000000000e+02 2.915477869163971292e+01
2.540000000000000000e+02 2.943120794478722857e+01
2.550000000000000000e+02 2.850975030375148478e+01
2.560000000000000000e+02 2.938278356477833952e+01
2.570000000000000000e+02 2.852540651166075847e+01
2.580000000000000000e+02 2.836617716775942100e+01
2.590000000000000000e+02 2.785822648744877128e+01
2.600000000000000000e+02 2.782823005653034087e+01
2.610000000000000000e+02 2.835835696098471814e+01
2.620000000000000000e+02 2.669266378566507925e+01
2.630000000000000000e+02 2.772295589737957755e+01
2.640000000000000000e+02 2.698254144488911521e+01
2.650000000000000000e+02 2.658983442316852219e+01
2.660000000000000000e+02 2.703147511204071662e+01
2.670000000000000000e+02 2.664552761679592763e+01
2.680000000000000000e+02 2.652804424779482417e+01
2.690000000000000000e+02 2.596234322868274447e+01
2.700000000000000000e+02 2.609833159938895975e+01
2.710000000000000000e+02 2.582109583341863512e+01
2.720000000000000000e+02 2.561176003207948426e+01
2.730000000000000000e+02 2.570153237171643212e+01
2.740000000000000000e+02 2.542198489074692347e+01
2.750000000000000000e+02 2.500001927075049935e+01
2.760000000000000000e+02 2.518347254312637062e+01
2.770000000000000000e+02 2.485835588360385984e+01
2.780000000000000000e+02 2.499619876407606966e+01
2.790000000000000000e+02 2.441004305315825107e+01
2.800000000000000000e+02 2.449093452723978359e+01
2.810000000000000000e+02 2.406523760802795664e+01
2.820000000000000000e+02 2.406585969238878420e+01
2.830000000000000000e+02 2.397533474467773118e+01
2.840000000000000000e+02 2.367411645994895508e+01
2.850000000000000000e+02 2.378095399396314846e+01
2.860000000000000000e+02 2.395925451807764972e+01
2.870000000000000000e+02 2.334849026275401940e+01
2.880000000000000000e+02 2.319555892975668954e+01
2.890000000000000000e+02 2.330870433450188273e+01
2.900000000000000000e+02 2.300669768507854229e+01
2.910000000000000000e+02 2.289148195512998285e+01
2.920000000000000000e+02 2.285747562331593841e+01
2.930000000000000000e+02 2.225456634214621943e+01
2.940000000000000000e+02 2.214663538147528854e+01
2.950000000000000000e+02 2.242098620494541805e+01
2.960000000000000000e+02 2.186686126022150489e+01
2.970000000000000000e+02 2.229691504424714665e+01
2.980000000000000000e+02 2.198354159523292140e+01
2.990000000000000000e+02 2.267032452873657178e+01
3.000000000000000000e+02 2.059921451163222272e+01
3.010000000000000000e+02 2.238597324838730529e+01
3.020000000000000000e+02 2.131922076405232147e+01
3.030000000000000000e+02 2.098646126738857021e+01
3.040000000000000000e+02 2.089722803286585773e+01
3.050000000000000000e+02 2.120459456947444821e+01
3.060000000000000000e+02 2.059877308385979688e+01
3.070000000000000000e+02 2.095792116253000970e+01
3.080000000000000000e+02 2.055714766244839709e+01
3.090000000000000000e+02 2.044085256541289652e+01
3.100000000000000000e+02 2.058835497237895851e+01
3.110000000000000000e+02 2.012627041459759880e+01
3.120000000000000000e+02 2.066543567386505487e+01
3.130000000000000000e+02 2.014641657372802896e+01
3.140000000000000000e+02 2.000672067872735482e+01
3.150000000000000000e+02 2.030632775272436064e+01
3.160000000000000000e+02 1.963149222153535334e+01
3.170000000000000000e+02 1.945656747483594629e+01
3.180000000000000000e+02 1.956853966505165943e+01
3.190000000000000000e+02 1.932979241124202829e+01
3.200000000000000000e+02 1.955074913981867013e+01
3.210000000000000000e+02 1.902944176888437511e+01
3.220000000000000000e+02 1.944544488221067624e+01
3.230000000000000000e+02 1.893482060139765721e+01
3.240000000000000000e+02 1.907998829102141158e+01
3.250000000000000000e+02 1.902459734601912800e+01
3.260000000000000000e+02 1.883768221522020170e+01
3.270000000000000000e+02 1.857486461655194532e+01
3.280000000000000000e+02 1.856149343455544098e+01
3.290000000000000000e+02 1.819252970414843418e+01
3.300000000000000000e+02 1.856332160292924272e+01
3.310000000000000000e+02 1.862489172993344866e+01
3.320000000000000000e+02 1.844808584333025081e+01
3.330000000000000000e+02 1.806174834262101925e+01
3.340000000000000000e+02 1.796846502202192397e+01
3.350000000000000000e+02 1.764836665086579259e+01
3.360000000000000000e+02 1.832271858090124184e+01
3.370000000000000000e+02 1.749121480909364479e+01
3.380000000000000000e+02 1.790457905167658481e+01
3.390000000000000000e+02 1.736973541640263008e+01
3.400000000000000000e+02 1.764988446951404555e+01
3.410000000000000000e+02 1.740261437633069974e+01
3.420000000000000000e+02 1.738512746094301420e+01
3.430000000000000000e+02 1.723162913310937583e+01
3.440000000000000000e+02 1.731711767327055540e+01
3.450000000000000000e+02 1.709906413041391460e+01
3.460000000000000000e+02 1.700135163408935313e+01
3.470000000000000000e+02 1.700140496622503150e+01
3.480000000000000000e+02 1.680224665661918948e+01
3.490000000000000000e+02 1.703889806929316819e+01
3.500000000000000000e+02 1.657322979220772652e+01
3.510000000000000000e+02 1.669281220961160628e+01
3.520000000000000000e+02 1.645041077190805723e+01
3.530000000000000000e+02 1.655757281678075898e+01
3.540000000000000000e+02 1.651855260433019978e+01
3.550000000000000000e+02 1.620282735707490929e+01
3.560000000000000000e+02 1.628468395725902340e+01
3.570000000000000000e+02 1.631269071291647066e+01
3.580000000000000000e+02 1.642532236371963350e+01
3.590000000000000000e+02 1.592638379004783111e+01
3.600000000000000000e+02 1.596480203561710631e+01
3.610000000000000000e+02 1.582233256353106121e+01
3.620000000000000000e+02 1.592827442007611616e+01
3.630000000000000000e+02 1.570652415673066038e+01
3.640000000000000000e+02 1.563013456986830363e+01
3.650000000000000000e+02 1.570714408252767313e+01
3.660000000000000000e+02 1.550092758534033166e+01
3.670000000000000000e+02 1.544744249427321670e+01
3.680000000000000000e+02 1.561291476843905635e+01
3.690000000000000000e+02 1.524911927880044793e+01
3.700000000000000000e+02 1.540311195764089014e+01
3.710000000000000000e+02 1.521378509045018923e+01
3.720000000000000000e+02 1.491836847389485854e+01
3.730000000000000000e+02 1.525982411025479024e+01
3.740000000000000000e+02 1.472901396060316692e+01
3.750000000000000000e+02 1.514871626055264819e+01
3.760000000000000000e+02 1.476848436816631960e+01
3.770000000000000000e+02 1.506141384351270851e+01
3.780000000000000000e+02 1.505278813661525916e+01
3.790000000000000000e+02 1.468064834061084234e+01
3.800000000000000000e+02 1.462238983696933659e+01
3.810000000000000000e+02 1.443379652788992473e+01
3.820000000000000000e+02 1.447060552616783369e+01
3.830000000000000000e+02 1.460233813053472574e+01
3.840000000000000000e+02 1.425052537541551168e+01
3.850000000000000000e+02 1.425903630115351106e+01
3.860000000000000000e+02 1.460526291288110201e+01
3.870000000000000000e+02 1.412010905827598251e+01
3.880000000000000000e+02 1.403289860862002492e+01
3.890000000000000000e+02 1.424617036811078563e+01
3.900000000000000000e+02 1.415491992841088198e+01
3.910000000000000000e+02 1.414739844697315085e+01
3.920000000000000000e+02 1.398075876655859773e+01
3.930000000000000000e+02 1.392321470203436462e+01
3.940000000000000000e+02 1.389948390147108448e+01
3.950000000000000000e+02 1.383587495584863269e+01
3.960000000000000000e+02 1.350385026886029394e+01
3.970000000000000000e+02 1.360154182539573142e+01
3.980000000000000000e+02 1.363548998353431330e+01
3.990000000000000000e+02 1.374028348707049219e+01
4.000000000000000000e+02 1.343995750926795729e+01
4.010000000000000000e+02 1.358772147309825229e+01
4.020000000000000000e+02 1.325406973353315010e+01
4.030000000000000000e+02 1.328979348250006964e+01
4.040000000000000000e+02 1.334541579137211720e+01
4.050000000000000000e+02 1.333629799084667766e+01
4.060000000000000000e+02 1.349716185040465710e+01
4.070000000000000000e+02 1.314166546375210132e+01
4.080000000000000000e+02 1.293919270497170082e+01
4.090000000000000000e+02 1.304914163121037518e+01
4.100000000000000000e+02 1.322914052806237173e+01
4.110000000000000000e+02 1.293966363177118062e+01
4.120000000000000000e+02 1.302064195641207789e+01
4.130000000000000000e+02 1.310920427844497738e+01
4.140000000000000000e+02 1.278459719834382113e+01
4.150000000000000000e+02 1.284071182996573057e+01
4.160000000000000000e+02 1.260978811137198008e+01
4.170000000000000000e+02 1.269833613205999079e+01
4.180000000000000000e+02 1.285451198985781573e+01
4.190000000000000000e+02 1.282992139130067599e+01
4.200000000000000000e+02 1.249885117602370066e+01
4.210000000000000000e+02 1.255885748257505696e+01
4.220000000000000000e+02 1.263134164601325615e+01
4.230000000000000000e+02 1.238032790117165405e+01
4.240000000000000000e+02 1.233787210109432841e+01
4.250000000000000000e+02 1.252466101053776626e+01
4.260000000000000000e+02 1.233432558509033505e+01
4.270000000000000000e+02 1.222257903326845607e+01
4.280000000000000000e+02 1.235336807728715947e+01
4.290000000000000000e+02 1.227482611074236907e+01
4.300000000000000000e+02 1.217486048216571604e+01
4.310000000000000000e+02 1.211222813717183122e+01
4.320000000000000000e+02 1.205605699832685396e+01
4.330000000000000000e+02 1.191572237346369079e+01
4.340000000000000000e+02 1.213154364598937107e+01
4.350000000000000000e+02 1.199181958190226815e+01
4.360000000000000000e+02 1.216124027295797916e+01
4.370000000000000000e+02 1.176437593700919848e+01
4.380000000000000000e+02 1.207080480462895089e+01
4.390000000000000000e+02 1.183775484319880533e+01
4.400000000000000000e+02 1.172871362041790100e+01
4.410000000000000000e+02 1.185233256736302287e+01
4.420000000000000000e+02 1.186287101267916988e+01
4.430000000000000000e+02 1.162346114954628007e+01
4.440000000000000000e+02 1.136898000850198187e+01
4.450000000000000000e+02 1.158340315513029140e+01
4.460000000000000000e+02 1.161306117764144652e+01
4.470000000000000000e+02 1.178304206889917438e+01
4.480000000000000000e+02 1.146971183188783172e+01
4.490000000000000000e+02 1.171044979338214098e+01
4.500000000000000000e+02 1.103559540616920387e+01
4.510000000000000000e+02 1.138177757483225783e+01
4.520000000000000000e+02 1.168223107753942713e+01
4.530000000000000000e+02 1.130518928757908803e+01
4.540000000000000000e+02 1.146197673639424686e+01
4.550000000000000000e+02 1.112138139276234305e+01
4.560000000000000000e+02 1.103659537442334049e+01
4.570000000000000000e+02 1.115374197920092314e+01
4.580000000000000000e+02 1.106030697826283671e+01
4.590000000000000000e+02 1.112144390420085038e+01
4.600000000000000000e+02 1.127599333187429487e+01
4.610000000000000000e+02 1.097913294001158668e+01
4.620000000000000000e+02 1.113566879255587594e+01
4.630000000000000000e+02 1.103188606490438062e+01
4.640000000000000000e+02 1.099448845058003066e+01
4.650000000000000000e+02 1.108700856030306348e+01
4.660000000000000000e+02 1.077581357380720029e+01
4.670000000000000000e+02 1.101584058149839329e+01
4.680000000000000000e+02 1.057031583884192827e+01
4.690000000000000000e+02 1.075409402633327716e+01
4.700000000000000000e+02 1.089454901209753324e+01
4.710000000000000000e+02 1.077629603198917607e+01
4.720000000000000000e+02 1.060249371172100474e+01
4.730000000000000000e+02 1.089117057147972467e+01
4.740000000000000000e+02 1.049897572333790485e+01
4.750000000000000000e+02 1.073215137821796183e+01
4.760000000000000000e+02 1.076895354403939464e+01
4.770000000000000000e+02 1.061606488803092851e+01
4.780000000000000000e+02 1.061677411825129802e+01
4.790000000000000000e+02 1.027037366690747078e+01
4.800000000000000000e+02 1.062971107344741739e+01
4.810000000000000000e+02 1.032070054723925345e+01
4.820000000000000000e+02 1.050885667054095052e+01
4.830000000000000000e+02 1.052645826439413490e+01
4.840000000000000000e+02 1.066826794667185396e+01
4.850000000000000000e+02 1.014957302141496420e+01
4.860000000000000000e+02 1.053022261623294220e+01
4.870000000000000000e+02 1.004133133312156545e+01
4.880000000000000000e+02 1.026539634528454492e+01
4.890000000000000000e+02 1.033983493203739101e+01
4.900000000000000000e+02 1.026451456111944793e+01
4.910000000000000000e+02 1.012950387707796729e+01
4.920000000000000000e+02 1.022352659491317617e+01
4.930000000000000000e+02 1.017318270061474728e+01
4.940000000000000000e+02 1.007702966839595149e+01
4.950000000000000000e+02 1.005952917299134342e+01
4.960000000000000000e+02 1.009848008930765673e+01
4.970000000000000000e+02 1.008588592627535796e+01
4.980000000000000000e+02 1.006463097582984823e+01
4.990000000000000000e+02 1.018288677326984626e+01
5.000000000000000000e+02 9.861062524930607864e+00
5.010000000000000000e+02 9.888399522699883093e+00
5.020000000000000000e+02 9.891056650618549995e+00
5.030000000000000000e+02 9.797503819349516974e+00
5.040000000000000000e+02 9.973036862298783944e+00
5.050000000000000000e+02 9.803082689718609188e+00
5.060000000000000000e+02 9.978888004445362725e+00
5.070000000000000000e+02 9.836375845062844903e+00
5.080000000000000000e+02 9.930354431310631114e+00
5.090000000000000000e+02 9.738360509535553433e+00
5.100000000000000000e+02 9.810012438132012846e+00
5.110000000000000000e+02 9.664087250667298790e+00
5.120000000000000000e+02 9.659332015750361933e+00
5.130000000000000000e+02 9.602096689836647769e+00
5.140000000000000000e+02 9.454113284596040501e+00
5.150000000000000000e+02 9.786594345557574570e+00
5.160000000000000000e+02 9.632892945845592081e+00
5.170000000000000000e+02 9.671610861822252048e+00
5.180000000000000000e+02 9.608495053838138844e+00
5.190000000000000000e+02 9.523814302994553671e+00
5.200000000000000000e+02 9.427577689050982812e+00
5.210000000000000000e+02 9.516319484457492095e+00
5.220000000000000000e+02 9.408298328090413776e+00
5.230000000000000000e+02 9.510096081596771000e+00
5.240000000000000000e+02 9.433598764265042291e+00
5.250000000000000000e+02 9.413778119469300876e+00
5.260000000000000000e+02 9.464745821665191627e+00
5.270000000000000000e+02 9.479526641914032936e+00
5.280000000000000000e+02 9.389142856593382547e+00
5.290000000000000000e+02 9.259815237338356653e+00
5.300000000000000000e+02 9.265403094833816411e+00
5.310000000000000000e+02 9.444389763192596376e+00
5.320000000000000000e+02 9.278647077525755904e+00
5.330000000000000000e+02 9.230154258027381431e+00
5.340000000000000000e+02 9.316903992819003832e+00
5.350000000000000000e+02 9.072904999416799399e+00
5.360000000000000000e+02 9.330581200671975495e+00
5.370000000000000000e+02 9.280764959332191921e+00
5.380000000000000000e+02 9.046188641072872016e+00
5.390000000000000000e+02 9.274418315144201230e+00
5.400000000000000000e+02 9.178107284758603157e+00
5.410000000000000000e+02 9.285446943449546353e+00
5.420000000000000000e+02 9.034909247357603590e+00
5.430000000000000000e+02 9.061520456543613378e+00
5.440000000000000000e+02 9.021166268483652217e+00
5.450000000000000000e+02 9.037182423178213853e+00
5.460000000000000000e+02 9.063407279437225128e+00
5.470000000000000000e+02 9.085067958751862349e+00
5.480000000000000000e+02 9.031046317624355169e+00
5.490000000000000000e+02 8.913268171062687983e+00
5.500000000000000000e+02 9.015632282994035407e+00
5.510000000000000000e+02 8.849474723909223073e+00
5.520000000000000000e+02 9.118145516975426190e+00
5.530000000000000000e+02 8.883355173522037518e+00
5.540000000000000000e+02 9.015995318557525451e+00
5.550000000000000000e+02 8.899799083210382378e+00
5.560000000000000000e+02 8.775900430444595557e+00
5.570000000000000000e+02 8.801702907018832178e+00
5.580000000000000000e+02 8.798825515518833740e+00
5.590000000000000000e+02 8.831314246064088991e+00
5.600000000000000000e+02 8.903937093421653515e+00
5.610000000000000000e+02 8.797743192336088924e+00
5.620000000000000000e+02 8.716062808451576771e+00
5.630000000000000000e+02 8.921607497502241912e+00
5.640000000000000000e+02 8.635409572709491499e+00
5.650000000000000000e+02 8.778710567330181291e+00
5.660000000000000000e+02 8.483275492411328500e+00
5.670000000000000000e+02 8.791091543791834440e+00
5.680000000000000000e+02 8.627434620454208059e+00
5.690000000000000000e+02 8.787400321740246767e+00
5.700000000000000000e+02 8.673589581363883028e+00
5.710000000000000000e+02 8.637799054933624987e+00
5.720000000000000000e+02 8.695055016939532422e+00
5.730000000000000000e+02 8.666879507258922644e+00
5.740000000000000000e+02 8.519679303726817921e+00
5.750000000000000000e+02 8.544832549958227830e+00
5.760000000000000000e+02 8.668152335434774258e+00
5.770000000000000000e+02 8.501714331267658409e+00
5.780000000000000000e+02 8.577426982431441971e+00
5.790000000000000000e+02 8.470466758495623694e+00
5.800000000000000000e+02 8.527693186697550942e+00
5.810000000000000000e+02 8.537748117780481039e+00
5.820000000000000000e+02 8.470651454235012423e+00
5.830000000000000000e+02 8.561317700159355226e+00
5.840000000000000000e+02 8.466615756977935447e+00
5.850000000000000000e+02 8.446687098530512472e+00
5.860000000000000000e+02 8.418713754120272341e+00
5.870000000000000000e+02 8.480281865405613573e+00
5.880000000000000000e+02 8.469359449952316155e+00
5.890000000000000000e+02 8.321505025097927444e+00
5.900000000000000000e+02 8.392420049829528494e+00
5.910000000000000000e+02 8.358840494348003247e+00
5.920000000000000000e+02 8.376626519915543412e+00
5.930000000000000000e+02 8.284253743217059096e+00
5.940000000000000000e+02 8.361272602520298136e+00
5.950000000000000000e+02 8.381209624574561090e+00
5.960000000000000000e+02 8.257487360253213282e+00
5.970000000000000000e+02 8.528026370592566963e+00
5.980000000000000000e+02 8.361915063594052455e+00
5.990000000000000000e+02 8.288906475542493268e+00
6.000000000000000000e+02 8.104097011748951473e+00
6.010000000000000000e+02 8.316831427484144612e+00
6.020000000000000000e+02 8.327320365053976658e+00
6.030000000000000000e+02 8.333178741813847878e+00
6.040000000000000000e+02 8.288667032028362414e+00
6.050000000000000000e+02 8.194217732815536337e+00
6.060000000000000000e+02 8.144910203825979522e+00
6.070000000000000000e+02 8.189113474058645537e+00
6.080000000000000000e+02 8.116654106025158910e+00
6.090000000000000000e+02 8.179279538772140867e+00
6.100000000000000000e+02 8.230757694172009309e+00
6.110000000000000000e+02 8.212697221281242577e+00
6.120000000000000000e+02 8.061034903175967159e+00
6.130000000000000000e+02 8.131577761938713067e+00
6.140000000000000000e+02 8.212179093219198478e+00
6.150000000000000000e+02 8.227236176840557746e+00
6.160000000000000000e+02 8.129072042995062475e+00
6.170000000000000000e+02 8.122755973222737680e+00
6.180000000000000000e+02 8.032734177990228375e+00
6.190000000000000000e+02 7.922852822145527441e+00
6.200000000000000000e+02 7.963535693809416394e+00
6.210000000000000000e+02 8.073240917072096678e+00
6.220000000000000000e+02 8.148599968223511070e+00
6.230000000000000000e+02 8.015975428780347301e+00
6.240000000000000000e+02 7.963108244387594681e+00
6.250000000000000000e+02 8.070912657723935624e+00
6.260000000000000000e+02 8.004223042678246358e+00
6.270000000000000000e+02 8.113234925163750333e+00
6.280000000000000000e+02 7.974524580066703727e+00
6.290000000000000000e+02 7.906834948432578614e+00
6.300000000000000000e+02 7.969756303953732690e+00
6.310000000000000000e+02 8.051152391536470887e+00
6.320000000000000000e+02 7.927293455996407445e+00
6.330000000000000000e+02 7.905933259938723090e+00
6.340000000000000000e+02 7.975138996023257043e+00
6.350000000000000000e+02 7.935365077346347107e+00
6.360000000000000000e+02 7.980324012916034881e+00
6.370000000000000000e+02 8.004051761919736663e+00
6.380000000000000000e+02 7.958307828230231529e+00
6.390000000000000000e+02 7.946080731460411606e+00
6.400000000000000000e+02 7.925708461005483763e+00
6.410000000000000000e+02 7.719491946825368878e+00
6.420000000000000000e+02 7.742017050753266183e+00
6.430000000000000000e+02 7.886807049620053078e+00
6.440000000000000000e+02 7.917252506781369270e+00
6.450000000000000000e+02 7.945962671971887659e+00
6.460000000000000000e+02 7.967594303035861358e+00
6.470000000000000000e+02 7.797007689925059104e+00
6.480000000000000000e+02 7.871638290601898902e+00
6.490000000000000000e+02 7.816556625681164050e+00
6.500000000000000000e+02 7.777761981315766349e+00
6.510000000000000000e+02 7.870415222128883670e+00
6.520000000000000000e+02 7.769532334066140855e+00
6.530000000000000000e+02 7.741647683070345565e+00
6.540000000000000000e+02 7.730593638777582655e+00
6.550000000000000000e+02 7.804635037687329913e+00
6.560000000000000000e+02 7.801915493574659521e+00
6.570000000000000000e+02 7.842545243139375621e+00
6.580000000000000000e+02 7.911293430380111680e+00
6.590000000000000000e+02 7.782605511253617436e+00
6.600000000000000000e+02 7.781355064376160868e+00
6.610000000000000000e+02 7.653198108507565323e+00
6.620000000000000000e+02 7.848663015803605703e+00
6.630000000000000000e+02 7.686986864446843093e+00
6.640000000000000000e+02 7.802431886093771141e+00
6.650000000000000000e+02 7.625662391151837305e+00
6.660000000000000000e+02 7.730684379877890144e+00
6.670000000000000000e+02 7.713093530499104844e+00
6.680000000000000000e+02 7.740673497204332953e+00
6.690000000000000000e+02 7.757228674649478073e+00
6.700000000000000000e+02 7.709982017983122660e+00
6.710000000000000000e+02 7.736108658707457231e+00
6.720000000000000000e+02 7.630158177492025295e+00
6.730000000000000000e+02 7.794885145585799258e+00
6.740000000000000000e+02 7.550600436893298628e+00
6.750000000000000000e+02 7.764382849634048789e+00
6.760000000000000000e+02 7.650522520220772726e+00
6.770000000000000000e+02 7.607952199094127899e+00
6.780000000000000000e+02 7.659514411976998893e+00
6.790000000000000000e+02 7.657601215136648598e+00
6.800000000000000000e+02 7.582272378231246002e+00
6.810000000000000000e+02 7.742133335335694255e+00
6.820000000000000000e+02 7.715145044565836940e+00
6.830000000000000000e+02 7.642866186438638465e+00
6.840000000000000000e+02 7.568196038200810882e+00
6.850000000000000000e+02 7.583535186456667354e+00
6.860000000000000000e+02 7.667278423911359830e+00
6.870000000000000000e+02 7.560043418907100410e+00
6.880000000000000000e+02 7.628113807015577841e+00
6.890000000000000000e+02 7.653461738008384252e+00
6.900000000000000000e+02 7.553209924605829073e+00
6.910000000000000000e+02 7.721899584415250040e+00
6.920000000000000000e+02 7.580373934787846046e+00
6.930000000000000000e+02 7.659523909102466277e+00
6.940000000000000000e+02 7.568613170411158997e+00
6.950000000000000000e+02 7.626361411705945947e+00
6.960000000000000000e+02 7.568750225902475037e+00
6.970000000000000000e+02 7.535414960659538863e+00
6.980000000000000000e+02 7.490680071442928245e+00
6.990000000000000000e+02 7.662511939431849939e+00
7.000000000000000000e+02 7.582925306914686026e+00
7.010000000000000000e+02 7.599888706017438267e+00
7.020000000000000000e+02 7.619410869058619973e+00
7.030000000000000000e+02 7.515337596901006556e+00
7.040000000000000000e+02 7.655908373777437603e+00
7.050000000000000000e+02 7.433523675551230170e+00
7.060000000000000000e+02 7.619613382789520273e+00
7.070000000000000000e+02 7.513342910965954857e+00
7.080000000000000000e+02 7.526254012145616734e+00
7.090000000000000000e+02 7.637644003470149379e+00
7.100000000000000000e+02 7.544456324193288488e+00
7.110000000000000000e+02 7.502289073678517717e+00
7.120000000000000000e+02 7.452652527608632838e+00
7.130000000000000000e+02 7.433560287835128122e+00
7.140000000000000000e+02 7.586220533048266823e+00
7.150000000000000000e+02 7.661635530922999315e+00
7.160000000000000000e+02 7.573561908401710063e+00
7.170000000000000000e+02 7.507244402428127295e+00
7.180000000000000000e+02 7.517657319261867421e+00
7.190000000000000000e+02 7.456484762972046099e+00
7.200000000000000000e+02 7.488852373631729620e+00
7.210000000000000000e+02 7.615910179013346770e+00
7.220000000000000000e+02 7.456153316702621048e+00
7.230000000000000000e+02 7.612915189587716291e+00
7.240000000000000000e+02 7.604819334802978226e+00
7.250000000000000000e+02 7.434109636507543861e+00
7.260000000000000000e+02 7.418862830421463883e+00
7.270000000000000000e+02 7.578908877090198892e+00
7.280000000000000000e+02 7.578647022787305509e+00
7.290000000000000000e+02 7.397715249102223112e+00
7.300000000000000000e+02 7.557957819205695316e+00
7.310000000000000000e+02 7.437833518925116572e+00
7.320000000000000000e+02 7.582188976688071236e+00
7.330000000000000000e+02 7.394713995240204341e+00
7.340000000000000000e+02 7.652926964202332094e+00
7.350000000000000000e+02 7.362416032422651746e+00
7.360000000000000000e+02 7.603420626983183439e+00
7.370000000000000000e+02 7.505327056766349259e+00
7.380000000000000000e+02 7.452830012162250384e+00
7.390000000000000000e+02 7.555629517305413323e+00
7.400000000000000000e+02 7.334855356953907446e+00
7.410000000000000000e+02 7.472206151402046359e+00
7.420000000000000000e+02 7.449116676538044324e+00
7.430000000000000000e+02 7.566029690500885252e+00
7.440000000000000000e+02 7.457723011870263541e+00
7.450000000000000000e+02 7.539113639972065961e+00
7.460000000000000000e+02 7.356184917532941014e+00
7.470000000000000000e+02 7.677331620761316699e+00
7.480000000000000000e+02 7.505490083111123312e+00
7.490000000000000000e+02 7.483938679910087544e+00
7.500000000000000000e+02 7.483938679910262515e+00
7.510000000000000000e+02 7.505490083111046040e+00
7.520000000000000000e+02 7.677331620761370878e+00
7.530000000000000000e+02 7.356184917532815781e+00
7.540000000000000000e+02 7.539113639972160996e+00
7.550000000000000000e+02 7.457723011870394991e+00
7.560000000000000000e+02 7.566029690500791993e+00
7.570000000000000000e+02 7.449116676537950177e+00
7.580000000000000000e+02 7.472206151401956653e+00
7.590000000000000000e+02 7.334855356954055772e+00
7.600000000000000000e+02 7.555629517305401777e+00
7.610000000000000000e+02 7.452830012162269924e+00
7.620000000000000000e+02 7.505327056766364358e+00
7.630000000000000000e+02 7.603420626983165675e+00
7.640000000000000000e+02 7.362416032422768986e+00
7.650000000000000000e+02 7.652926964202246829e+00
7.660000000000000000e+02 7.394713995240373094e+00
7.670000000000000000e+02 7.582188976688054360e+00
7.680000000000000000e+02 7.437833518925043741e+00
7.690000000000000000e+02 7.557957819205664229e+00
7.700000000000000000e+02 7.397715249102290613e+00
7.710000000000000000e+02 7.578647022787288634e+00
7.720000000000000000e+02 7.578908877090182017e+00
7.730000000000000000e+02 7.418862830421618426e+00
7.740000000000000000e+02 7.434109636507439944e+00
7.750000000000000000e+02 7.604819334802902731e+00
7.760000000000000000e+02 7.612915189587765141e+00
7.770000000000000000e+02 7.456153316702656575e+00
7.780000000000000000e+02 7.615910179013273051e+00
7.790000000000000000e+02 7.488852373631834425e+00
7.800000000000000000e+02 7.456484762971904878e+00
7.810000000000000000e+02 7.517657319262003313e+00
7.820000000000000000e+02 7.507244402428170815e+00
7.830000000000000000e+02 7.573561908401678089e+00
7.840000000000000000e+02 7.661635530922967341e+00
7.850000000000000000e+02 7.586220533048271264e+00
7.860000000000000000e+02 7.433560287834979796e+00
7.870000000000000000e+02 7.452652527608608857e+00
7.880000000000000000e+02 7.502289073678513276e+00
7.890000000000000000e+02 7.544456324193224539e+00
7.900000000000000000e+02 7.637644003470184018e+00
7.910000000000000000e+02 7.526254012145614070e+00
7.920000000000000000e+02 7.513342910965979726e+00
7.930000000000000000e+02 7.619613382789498068e+00
7.940000000000000000e+02 7.433523675551208854e+00
7.950000000000000000e+02 7.655908373777373654e+00
7.960000000000000000e+02 7.515337596901018991e+00
7.970000000000000000e+02 7.619410869058597768e+00
7.980000000000000000e+02 7.599888706017543960e+00
7.990000000000000000e+02 7.582925306914725105e+00
8.000000000000000000e+02 7.662511939431785990e+00
8.010000000000000000e+02 7.490680071442961996e+00
8.020000000000000000e+02 7.535414960659699624e+00
8.030000000000000000e+02 7.568750225902491913e+00
8.040000000000000000e+02 7.626361411705943283e+00
8.050000000000000000e+02 7.568613170411075508e+00
8.060000000000000000e+02 7.659523909102451178e+00
8.070000000000000000e+02 7.580373934787854040e+00
8.080000000000000000e+02 7.721899584415297113e+00
8.090000000000000000e+02 7.553209924605755354e+00
8.100000000000000000e+02 7.653461738008516591e+00
8.110000000000000000e+02 7.628113807015504122e+00
8.120000000000000000e+02 7.560043418907075541e+00
8.130000000000000000e+02 7.667278423911298546e+00
8.140000000000000000e+02 7.583535186456709098e+00
8.150000000000000000e+02 7.568196038200749598e+00
8.160000000000000000e+02 7.642866186438584286e+00
8.170000000000000000e+02 7.715145044565767662e+00
8.180000000000000000e+02 7.742133335335709354e+00
8.190000000000000000e+02 7.582272378231270871e+00
8.200000000000000000e+02 7.657601215136734751e+00
8.210000000000000000e+02 7.659514411977003334e+00
8.220000000000000000e+02 7.607952199094069279e+00
8.230000000000000000e+02 7.650522520220782496e+00
8.240000000000000000e+02 7.764382849633999051e+00
8.250000000000000000e+02 7.550600436893144973e+00
8.260000000000000000e+02 7.794885145585903174e+00
8.270000000000000000e+02 7.630158177491976446e+00
8.280000000000000000e+02 7.736108658707467001e+00
8.290000000000000000e+02 7.709982017983090685e+00
8.300000000000000000e+02 7.757228674649450539e+00
8.310000000000000000e+02 7.740673497204241471e+00
8.320000000000000000e+02 7.713093530499280703e+00
8.330000000000000000e+02 7.730684379877827972e+00
8.340000000000000000e+02 7.625662391151863950e+00
8.350000000000000000e+02 7.802431886093806668e+00
8.360000000000000000e+02 7.686986864446857304e+00
8.370000000000000000e+02 7.848663015803568399e+00
8.380000000000000000e+02 7.653198108507644370e+00
8.390000000000000000e+02 7.781355064376111130e+00
8.400000000000000000e+02 7.782605511253620101e+00
8.410000000000000000e+02 7.911293430380006875e+00
8.420000000000000000e+02 7.842545243139378286e+00
8.430000000000000000e+02 7.801915493574661298e+00
8.440000000000000000e+02 7.804635037687240207e+00
8.450000000000000000e+02 7.730593638777582655e+00
8.460000000000000000e+02 7.741647683070429942e+00
8.470000000000000000e+02 7.769532334066344248e+00
8.480000000000000000e+02 7.870415222128786858e+00
8.490000000000000000e+02 7.777761981315880035e+00
8.500000000000000000e+02 7.816556625681077008e+00
8.510000000000000000e+02 7.871638290602073873e+00
8.520000000000000000e+02 7.797007689924843277e+00
8.530000000000000000e+02 7.967594303035931524e+00
8.540000000000000000e+02 7.945962671971927627e+00
8.550000000000000000e+02 7.917252506781436772e+00
8.560000000000000000e+02 7.886807049619993570e+00
8.570000000000000000e+02 7.742017050753307927e+00
8.580000000000000000e+02 7.719491946825396411e+00
8.590000000000000000e+02 7.925708461005439354e+00
8.600000000000000000e+02 7.946080731460481772e+00
8.610000000000000000e+02 7.958307828230323899e+00
8.620000000000000000e+02 8.004051761919777519e+00
8.630000000000000000e+02 7.980324012915959386e+00
8.640000000000000000e+02 7.935365077346452800e+00
8.650000000000000000e+02 7.975138996023116711e+00
8.660000000000000000e+02 7.905933259938873192e+00
8.670000000000000000e+02 7.927293455996367477e+00
8.680000000000000000e+02 8.051152391536458452e+00
8.690000000000000000e+02 7.969756303953657195e+00
8.700000000000000000e+02 7.906834948432712729e+00
8.710000000000000000e+02 7.974524580066804091e+00
8.720000000000000000e+02 8.113234925163610001e+00
8.730000000000000000e+02 8.004223042678276556e+00
8.740000000000000000e+02 8.070912657723773975e+00
8.750000000000000000e+02 7.963108244387564483e+00
8.760000000000000000e+02 8.015975428780485856e+00
8.770000000000000000e+02 8.148599968223436463e+00
8.780000000000000000e+02 8.073240917072054046e+00
8.790000000000000000e+02 7.963535693809348892e+00
8.800000000000000000e+02 7.922852822145579843e+00
8.810000000000000000e+02 8.032734177990141333e+00
8.820000000000000000e+02 8.122755973222533399e+00
8.830000000000000000e+02 8.129072042995115766e+00
8.840000000000000000e+02 8.227236176840337478e+00
8.850000000000000000e+02 8.212179093219353021e+00
8.860000000000000000e+02 8.131577761938734383e+00
8.870000000000000000e+02 8.061034903176050648e+00
8.880000000000000000e+02 8.212697221281212379e+00
8.890000000000000000e+02 8.230757694172014638e+00
8.900000000000000000e+02 8.179279538772231462e+00
8.910000000000000000e+02 8.116654106024942195e+00
8.920000000000000000e+02 8.189113474058739683e+00
8.930000000000000000e+02 8.144910203825777018e+00
8.940000000000000000e+02 8.194217732815449295e+00
8.950000000000000000e+02 8.288667032028392612e+00
8.960000000000000000e+02 8.333178741813773271e+00
8.970000000000000000e+02 8.327320365053585860e+00
8.980000000000000000e+02 8.316831427484046912e+00
8.990000000000000000e+02 8.104097011748827128e+00
9.000000000000000000e+02 8.288906475542516361e+00
9.010000000000000000e+02 8.361915063593992059e+00
9.020000000000000000e+02 8.528026370592522554e+00
9.030000000000000000e+02 8.257487360253087161e+00
9.040000000000000000e+02 8.381209624574758266e+00
9.050000000000000000e+02 8.361272602520347874e+00
9.060000000000000000e+02 8.284253743217147914e+00
9.070000000000000000e+02 8.376626519915618019e+00
9.080000000000000000e+02 8.358840494348058314e+00
9.090000000000000000e+02 8.392420049829782513e+00
9.100000000000000000e+02 8.321505025097980734e+00
9.110000000000000000e+02 8.469359449952230889e+00
9.120000000000000000e+02 8.480281865405641994e+00
9.130000000000000000e+02 8.418713754120226156e+00
9.140000000000000000e+02 8.446687098530590632e+00
9.150000000000000000e+02 8.466615756977921237e+00
9.160000000000000000e+02 8.561317700159355226e+00
9.170000000000000000e+02 8.470651454235037292e+00
9.180000000000000000e+02 8.537748117780509460e+00
9.190000000000000000e+02 8.527693186697593575e+00
9.200000000000000000e+02 8.470466758495724946e+00
9.210000000000000000e+02 8.577426982431452629e+00
9.220000000000000000e+02 8.501714331267841374e+00
9.230000000000000000e+02 8.668152335434754718e+00
9.240000000000000000e+02 8.544832549958256251e+00
9.250000000000000000e+02 8.519679303726917396e+00
9.260000000000000000e+02 8.666879507258832049e+00
9.270000000000000000e+02 8.695055016939472026e+00
9.280000000000000000e+02 8.637799054933596565e+00
9.290000000000000000e+02 8.673589581363891909e+00
9.300000000000000000e+02 8.787400321740301834e+00
9.310000000000000000e+02 8.627434620454152991e+00
9.320000000000000000e+02 8.791091543791813123e+00
9.330000000000000000e+02 8.483275492411266328e+00
9.340000000000000000e+02 8.778710567330115566e+00
9.350000000000000000e+02 8.635409572709496828e+00
9.360000000000000000e+02 8.921607497502225925e+00
9.370000000000000000e+02 8.716062808451461308e+00
9.380000000000000000e+02 8.797743192336209717e+00
9.390000000000000000e+02 8.903937093421619764e+00
9.400000000000000000e+02 8.831314246064165374e+00
9.410000000000000000e+02 8.798825515518728935e+00
9.420000000000000000e+02 8.801702907018844613e+00
9.430000000000000000e+02 8.775900430444712796e+00
9.440000000000000000e+02 8.899799083210448103e+00
9.450000000000000000e+02 9.015995318557392224e+00
9.460000000000000000e+02 8.883355173521836790e+00
9.470000000000000000e+02 9.118145516975481257e+00
9.480000000000000000e+02 8.849474723909304785e+00
9.490000000000000000e+02 9.015632282994115343e+00
9.500000000000000000e+02 8.913268171062718181e+00
9.510000000000000000e+02 9.031046317624292996e+00
9.520000000000000000e+02 9.085067958751952943e+00
9.530000000000000000e+02 9.063407279437234010e+00
9.540000000000000000e+02 9.037182423178139246e+00
9.550000000000000000e+02 9.021166268483598927e+00
9.560000000000000000e+02 9.061520456543691537e+00
9.570000000000000000e+02 9.034909247357555628e+00
9.580000000000000000e+02 9.285446943449509050e+00
9.590000000000000000e+02 9.178107284758619144e+00
9.600000000000000000e+02 9.274418315144142611e+00
9.610000000000000000e+02 9.046188641072932413e+00
9.620000000000000000e+02 9.280764959332172381e+00
9.630000000000000000e+02 9.330581200672039444e+00
9.640000000000000000e+02 9.072904999416723015e+00
9.650000000000000000e+02 9.316903992818996727e+00
9.660000000000000000e+02 9.230154258027496894e+00
9.670000000000000000e+02 9.278647077525663533e+00
9.680000000000000000e+02 9.444389763192688747e+00
9.690000000000000000e+02 9.265403094833784436e+00
9.700000000000000000e+02 9.259815237338347771e+00
9.710000000000000000e+02 9.389142856593565512e+00
9.720000000000000000e+02 9.479526641914008067e+00
9.730000000000000000e+02 9.464745821665140113e+00
9.740000000000000000e+02 9.413778119469371930e+00
9.750000000000000000e+02 9.433598764265024528e+00
9.760000000000000000e+02 9.510096081596707052e+00
9.770000000000000000e+02 9.408298328090511475e+00
9.780000000000000000e+02 9.516319484457321565e+00
9.790000000000000000e+02 9.427577689051091170e+00
9.800000000000000000e+02 9.523814302994791703e+00
9.810000000000000000e+02 9.608495053837991406e+00
9.820000000000000000e+02 9.671610861822331984e+00
9.830000000000000000e+02 9.632892945845785704e+00
9.840000000000000000e+02 9.786594345557579899e+00
9.850000000000000000e+02 9.454113284596070699e+00
9.860000000000000000e+02 9.602096689836594479e+00
9.870000000000000000e+02 9.659332015750381473e+00
9.880000000000000000e+02 9.664087250667316553e+00
9.890000000000000000e+02 9.810012438131993306e+00
9.900000000000000000e+02 9.738360509535617382e+00
9.910000000000000000e+02 9.930354431310703944e+00
9.920000000000000000e+02 9.836375845062761414e+00
9.930000000000000000e+02 9.978888004445252591e+00
9.940000000000000000e+02 9.803082689718509712e+00
9.950000000000000000e+02 9.973036862298798155e+00
9.960000000000000000e+02 9.797503819349367760e+00
9.970000000000000000e+02 9.891056650618354595e+00
9.980000000000000000e+02 9.888399522699906186e+00
9.990000000000000000e+02 9.861062524930808593e+00
1.000000000000000000e+03 1.018288677326997593e+01
1.001000000000000000e+03 1.006463097582974875e+01
1.002000000000000000e+03 1.008588592627534908e+01
1.003000000000000000e+03 1.009848008930756791e+01
1.004000000000000000e+03 1.005952917299130078e+01
1.005000000000000000e+03 1.007702966839610781e+01
1.006000000000000000e+03 1.017318270061456253e+01
1.007000000000000000e+03 1.022352659491322768e+01
1.008000000000000000e+03 1.012950387707795308e+01
1.009000000000000000e+03 1.026451456111949057e+01
1.010000000000000000e+03 1.033983493203734838e+01
1.011000000000000000e+03 1.026539634528453071e+01
1.012000000000000000e+03 1.004133133312167558e+01
1.013000000000000000e+03 1.053022261623325306e+01
1.014000000000000000e+03 1.014957302141502993e+01
1.015000000000000000e+03 1.066826794667176692e+01
1.016000000000000000e+03 1.052645826439418997e+01
1.017000000000000000e+03 1.050885667054097894e+01
1.018000000000000000e+03 1.032070054723906871e+01
1.019000000000000000e+03 1.062971107344735344e+01
1.020000000000000000e+03 1.027037366690747255e+01
1.021000000000000000e+03 1.061677411825129269e+01
1.022000000000000000e+03 1.061606488803098713e+01
1.023000000000000000e+03 1.076895354403958294e+01
1.024000000000000000e+03 1.073215137821786591e+01
1.025000000000000000e+03 1.049897572333775209e+01
1.026000000000000000e+03 1.089117057147948131e+01
1.027000000000000000e+03 1.060249371172101895e+01
1.028000000000000000e+03 1.077629603198918140e+01
1.029000000000000000e+03 1.089454901209747462e+01
1.030000000000000000e+03 1.075409402633347788e+01
1.031000000000000000e+03 1.057031583884189985e+01
1.032000000000000000e+03 1.101584058149826895e+01
1.033000000000000000e+03 1.077581357380732463e+01
1.034000000000000000e+03 1.108700856030311144e+01
1.035000000000000000e+03 1.099448845057986368e+01
1.036000000000000000e+03 1.103188606490450319e+01
1.037000000000000000e+03 1.113566879255579600e+01
1.038000000000000000e+03 1.097913294001147477e+01
1.039000000000000000e+03 1.127599333187445119e+01
1.040000000000000000e+03 1.112144390420064255e+01
1.041000000000000000e+03 1.106030697826273368e+01
1.042000000000000000e+03 1.115374197920093557e+01
1.043000000000000000e+03 1.103659537442334049e+01
1.044000000000000000e+03 1.112138139276220805e+01
1.045000000000000000e+03 1.146197673639427705e+01
1.046000000000000000e+03 1.130518928757887664e+01
1.047000000000000000e+03 1.168223107753923173e+01
1.048000000000000000e+03 1.138177757483222763e+01
1.049000000000000000e+03 1.103559540616926071e+01
1.050000000000000000e+03 1.171044979338192782e+01
1.051000000000000000e+03 1.146971183188767363e+01
1.052000000000000000e+03 1.178304206889920458e+01
1.053000000000000000e+03 1.161306117764156731e+01
1.054000000000000000e+03 1.158340315513018304e+01
1.055000000000000000e+03 1.136898000850210089e+01
1.056000000000000000e+03 1.162346114954627474e+01
1.057000000000000000e+03 1.186287101267929600e+01
1.058000000000000000e+03 1.185233256736301755e+01
1.059000000000000000e+03 1.172871362041806798e+01
1.060000000000000000e+03 1.183775484319886750e+01
1.061000000000000000e+03 1.207080480462883010e+01
1.062000000000000000e+03 1.176437593700926421e+01
1.063000000000000000e+03 1.216124027295804666e+01
1.064000000000000000e+03 1.199181958190231079e+01
1.065000000000000000e+03 1.213154364598942081e+01
1.066000000000000000e+03 1.191572237346359842e+01
1.067000000000000000e+03 1.205605699832684152e+01
1.068000000000000000e+03 1.211222813717184721e+01
1.069000000000000000e+03 1.217486048216573380e+01
1.070000000000000000e+03 1.227482611074227314e+01
1.071000000000000000e+03 1.235336807728721986e+01
1.072000000000000000e+03 1.222257903326851114e+01
1.073000000000000000e+03 1.233432558509018229e+01
1.074000000000000000e+03 1.252466101053788172e+01
1.075000000000000000e+03 1.233787210109422183e+01
1.076000000000000000e+03 1.238032790117167536e+01
1.077000000000000000e+03 1.263134164601321885e+01
1.078000000000000000e+03 1.255885748257504808e+01
1.079000000000000000e+03 1.249885117602384810e+01
1.080000000000000000e+03 1.282992139130062270e+01
1.081000000000000000e+03 1.285451198985771093e+01
1.082000000000000000e+03 1.269833613205989309e+01
1.083000000000000000e+03 1.260978811137218258e+01
1.084000000000000000e+03 1.284071182996583005e+01
1.085000000000000000e+03 1.278459719834364883e+01
1.086000000000000000e+03 1.310920427844505731e+01
1.087000000000000000e+03 1.302064195641232835e+01
1.088000000000000000e+03 1.293966363177131385e+01
1.089000000000000000e+03 1.322914052806238061e+01
1.090000000000000000e+03 1.304914163121029347e+01
1.091000000000000000e+03 1.293919270497181273e+01
1.092000000000000000e+03 1.314166546375192723e+01
1.093000000000000000e+03 1.349716185040456295e+01
1.094000000000000000e+03 1.333629799084667056e+01
1.095000000000000000e+03 1.334541579137210654e+01
1.096000000000000000e+03 1.328979348250019576e+01
1.097000000000000000e+03 1.325406973353319451e+01
1.098000000000000000e+03 1.358772147309834111e+01
1.099000000000000000e+03 1.343995750926814559e+01
1.100000000000000000e+03 1.374028348707058100e+01
1.101000000000000000e+03 1.363548998353433106e+01
1.102000000000000000e+03 1.360154182539574741e+01
1.103000000000000000e+03 1.350385026886052486e+01
1.104000000000000000e+03 1.383587495584847638e+01
1.105000000000000000e+03 1.389948390147110757e+01
1.106000000000000000e+03 1.392321470203452449e+01
1.107000000000000000e+03 1.398075876655870786e+01
1.108000000000000000e+03 1.414739844697324678e+01
1.109000000000000000e+03 1.415491992841070612e+01
1.110000000000000000e+03 1.424617036811084247e+01
1.111000000000000000e+03 1.403289860862004446e+01
1.112000000000000000e+03 1.412010905827566987e+01
1.113000000000000000e+03 1.460526291288116596e+01
1.114000000000000000e+03 1.425903630115362830e+01
1.115000000000000000e+03 1.425052537541549214e+01
1.116000000000000000e+03 1.460233813053443441e+01
1.117000000000000000e+03 1.447060552616796336e+01
1.118000000000000000e+03 1.443379652789000289e+01
1.119000000000000000e+03 1.462238983696942540e+01
1.120000000000000000e+03 1.468064834061076773e+01
1.121000000000000000e+03 1.505278813661538351e+01
1.122000000000000000e+03 1.506141384351266765e+01
1.123000000000000000e+03 1.476848436816634624e+01
1.124000000000000000e+03 1.514871626055278853e+01
1.125000000000000000e+03 1.472901396060328238e+01
1.126000000000000000e+03 1.525982411025468011e+01
1.127000000000000000e+03 1.491836847389504328e+01
1.128000000000000000e+03 1.521378509045044858e+01
1.129000000000000000e+03 1.540311195764095409e+01
1.130000000000000000e+03 1.524911927880045859e+01
1.131000000000000000e+03 1.561291476843907766e+01
1.132000000000000000e+03 1.544744249427335525e+01
1.133000000000000000e+03 1.550092758534023396e+01
1.134000000000000000e+03 1.570714408252750793e+01
1.135000000000000000e+03 1.563013456986825034e+01
1.136000000000000000e+03 1.570652415673069235e+01
1.137000000000000000e+03 1.592827442007607708e+01
1.138000000000000000e+03 1.582233256353090489e+01
1.139000000000000000e+03 1.596480203561707789e+01
1.140000000000000000e+03 1.592638379004759308e+01
1.141000000000000000e+03 1.642532236371953402e+01
1.142000000000000000e+03 1.631269071291660566e+01
1.143000000000000000e+03 1.628468395725904472e+01
1.144000000000000000e+03 1.620282735707494481e+01
1.145000000000000000e+03 1.651855260433017847e+01
1.146000000000000000e+03 1.655757281678078741e+01
1.147000000000000000e+03 1.645041077190784762e+01
1.148000000000000000e+03 1.669281220961170220e+01
1.149000000000000000e+03 1.657322979220774073e+01
1.150000000000000000e+03 1.703889806929295503e+01
1.151000000000000000e+03 1.680224665661932093e+01
1.152000000000000000e+03 1.700140496622512742e+01
1.153000000000000000e+03 1.700135163408929273e+01
1.154000000000000000e+03 1.709906413041369433e+01
1.155000000000000000e+03 1.731711767327061580e+01
1.156000000000000000e+03 1.723162913310950728e+01
1.157000000000000000e+03 1.738512746094303907e+01
1.158000000000000000e+03 1.740261437633058605e+01
1.159000000000000000e+03 1.764988446951403844e+01
1.160000000000000000e+03 1.736973541640268692e+01
1.161000000000000000e+03 1.790457905167673047e+01
1.162000000000000000e+03 1.749121480909359860e+01
1.163000000000000000e+03 1.832271858090112815e+01
1.164000000000000000e+03 1.764836665086586720e+01
1.165000000000000000e+03 1.796846502202191687e+01
1.166000000000000000e+03 1.806174834262083095e+01
1.167000000000000000e+03 1.844808584333028989e+01
1.168000000000000000e+03 1.862489172993361208e+01
1.169000000000000000e+03 1.856332160292929601e+01
1.170000000000000000e+03 1.819252970414850878e+01
1.171000000000000000e+03 1.856149343455536638e+01
1.172000000000000000e+03 1.857486461655188492e+01
1.173000000000000000e+03 1.883768221522015551e+01
1.174000000000000000e+03 1.902459734601871588e+01
1.175000000000000000e+03 1.907998829102150395e+01
1.176000000000000000e+03 1.893482060139775669e+01
1.177000000000000000e+03 1.944544488221076151e+01
1.178000000000000000e+03 1.902944176888436090e+01
1.179000000000000000e+03 1.955074913981830775e+01
1.180000000000000000e+03 1.932979241124188619e+01
1.181000000000000000e+03 1.956853966505160258e+01
1.182000000000000000e+03 1.945656747483595339e+01
1.183000000000000000e+03 1.963149222153520412e+01
1.184000000000000000e+03 2.030632775272417589e+01
1.185000000000000000e+03 2.000672067872726601e+01
1.186000000000000000e+03 2.014641657372795791e+01
1.187000000000000000e+03 2.066543567386482749e+01
1.188000000000000000e+03 2.012627041459736787e+01
1.189000000000000000e+03 2.058835497237882350e+01
1.190000000000000000e+03 2.044085256541325535e+01
1.191000000000000000e+03 2.055714766244826919e+01
1.192000000000000000e+03 2.095792116253003456e+01
1.193000000000000000e+03 2.059877308385954109e+01
1.194000000000000000e+03 2.120459456947463650e+01
1.195000000000000000e+03 2.089722803286548469e+01
1.196000000000000000e+03 2.098646126738838191e+01
1.197000000000000000e+03 2.131922076405247779e+01
1.198000000000000000e+03 2.238597324838795188e+01
1.199000000000000000e+03 2.059921451163139139e+01
1.200000000000000000e+03 2.267032452873609927e+01
1.201000000000000000e+03 2.198354159523297824e+01
1.202000000000000000e+03 2.229691504424712889e+01
1.203000000000000000e+03 2.186686126022152266e+01
1.204000000000000000e+03 2.242098620494573069e+01
1.205000000000000000e+03 2.214663538147513933e+01
1.206000000000000000e+03 2.225456634214631180e+01
1.207000000000000000e+03 2.285747562331631855e+01
1.208000000000000000e+03 2.289148195513027062e+01
1.209000000000000000e+03 2.300669768507891888e+01
1.210000000000000000e+03 2.330870433450201062e+01
1.211000000000000000e+03 2.319555892975640887e+01
1.212000000000000000e+03 2.334849026275393413e+01
1.213000000000000000e+03 2.395925451807796236e+01
1.214000000000000000e+03 2.378095399396317688e+01
1.215000000000000000e+03 2.367411645994917890e+01
1.216000000000000000e+03 2.397533474467782000e+01
1.217000000000000000e+03 2.406585969238846801e+01
1.218000000000000000e+03 2.406523760802777190e+01
1.219000000000000000e+03 2.449093452723986175e+01
1.220000000000000000e+03 2.441004305315837186e+01
1.221000000000000000e+03 2.499619876407640717e+01
1.222000000000000000e+03 2.485835588360388471e+01
1.223000000000000000e+03 2.518347254312622496e+01
1.224000000000000000e+03 2.500001927075042829e+01
1.225000000000000000e+03 2.542198489074688794e+01
1.226000000000000000e+03 2.570153237171658489e+01
1.227000000000000000e+03 2.561176003207972585e+01
1.228000000000000000e+03 2.582109583341843617e+01
1.229000000000000000e+03 2.609833159938875369e+01
1.230000000000000000e+03 2.596234322868257394e+01
1.231000000000000000e+03 2.652804424779496983e+01
1.232000000000000000e+03 2.664552761679592763e+01
1.233000000000000000e+03 2.703147511204072373e+01
1.234000000000000000e+03 2.658983442316855772e+01
1.235000000000000000e+03 2.698254144488915429e+01
1.236000000000000000e+03 2.772295589737942834e+01
1.237000000000000000e+03 2.669266378566535636e+01
1.238000000000000000e+03 2.835835696098483183e+01
1.239000000000000000e+03 2.782823005653045456e+01
1.240000000000000000e+03 2.785822648744880681e+01
1.241000000000000000e+03 2.836617716775941034e+01
1.242000000000000000e+03 2.852540651166064478e+01
1.243000000000000000e+03 2.938278356477844611e+01
1.244000000000000000e+03 2.850975030375168373e+01
1.245000000000000000e+03 2.943120794478732449e+01
1.246000000000000000e+03 2.915477869163934699e+01
1.247000000000000000e+03 2.922467709545249193e+01
1.248000000000000000e+03 3.011359215615080842e+01
1.249000000000000000e+03 3.017128094944878214e+01
1.250000000000000000e+03 2.981976193170786260e+01
1.251000000000000000e+03 3.051049081167448307e+01
1.252000000000000000e+03 3.016346919592726650e+01
1.253000000000000000e+03 2.989184853236857364e+01
1.254000000000000000e+03 3.172296311385825973e+01
1.255000000000000000e+03 3.140025955715753980e+01
1.256000000000000000e+03 3.230962442288347347e+01
1.257000000000000000e+03 3.144552621777985735e+01
1.258000000000000000e+03 3.207147870104390819e+01
1.259000000000000000e+03 3.240387138752002016e+01
1.260000000000000000e+03 3.242568494061472961e+01
1.261000000000000000e+03 3.312604670730129186e+01
1.262000000000000000e+03 3.285888220907781943e+01
1.263000000000000000e+03 3.354648694269745590e+01
1.264000000000000000e+03 3.362769092994825115e+01
1.265000000000000000e+03 3.322121884848236562e+01
1.266000000000000000e+03 3.404374210352259666e+01
1.267000000000000000e+03 3.419640978736055814e+01
1.268000000000000000e+03 3.525365324336529227e+01
1.269000000000000000e+03 3.420356950980967525e+01
1.270000000000000000e+03 3.504072060714835146e+01
1.271000000000000000e+03 3.589068383646911542e+01
1.272000000000000000e+03 3.586803178739216946e+01
1.273000000000000000e+03 3.640317560215385839e+01
1.274000000000000000e+03 3.676470701059149349e+01
1.275000000000000000e+03 3.594285403188236927e+01
1.276000000000000000e+03 3.660953132278756783e+01
1.277000000000000000e+03 3.681942324146351808e+01
1.278000000000000000e+03 3.705251585923796398e+01
1.279000000000000000e+03 3.813042528314031188e+01
1.280000000000000000e+03 3.863346495754544208e+01
1.281000000000000000e+03 3.824445755973706440e+01
1.282000000000000000e+03 3.820003445388484664e+01
1.283000000000000000e+03 3.949013411470748025e+01
1.284000000000000000e+03 3.983321175681764714e+01
1.285000000000000000e+03 3.847356419886595802e+01
1.286000000000000000e+03 4.026039282327886326e+01
1.287000000000000000e+03 4.038087390158676726e+01
1.288000000000000000e+03 4.078190131727518519e+01
1.289000000000000000e+03 4.180089830075544199e+01
1.290000000000000000e+03 4.232960630479270492e+01
1.291000000000000000e+03 4.190003719860497000e+01
1.292000000000000000e+03 4.300569799153807082e+01
1.293000000000000000e+03 4.346582870860089542e+01
1.294000000000000000e+03 4.359653548366296860e+01
1.295000000000000000e+03 4.313711545700213179e+01
1.296000000000000000e+03 4.489632288864023479e+01
1.297000000000000000e+03 4.352782949973810389e+01
1.298000000000000000e+03 4.347359419949545867e+01
1.299000000000000000e+03 4.440521994851393117e+01
1.300000000000000000e+03 4.541973481833553450e+01
1.301000000000000000e+03 4.505474874130372598e+01
1.302000000000000000e+03 4.820539087671378553e+01
1.303000000000000000e+03 4.895835580987925795e+01
1.304000000000000000e+03 4.639160417679730131e+01
1.305000000000000000e+03 4.771230568774758041e+01
1.306000000000000000e+03 4.976096440888709793e+01
1.307000000000000000e+03 5.001045361750803409e+01
1.308000000000000000e+03 4.914126394978242729e+01
1.309000000000000000e+03 5.094880728462381825e+01
1.310000000000000000e+03 4.972617625277248266e+01
1.311000000000000000e+03 5.162309615333843738e+01
1.312000000000000000e+03 5.027717295705717504e+01
1.313000000000000000e+03 5.159643044510127652e+01
1.314000000000000000e+03 4.979246833238387637e+01
1.315000000000000000e+03 5.328278455472470654e+01
1.316000000000000000e+03 5.206147588539148785e+01
1.317000000000000000e+03 5.272916002082207854e+01
1.318000000000000000e+03 5.616647826548355482e+01
1.319000000000000000e+03 5.827697409264661843e+01
1.320000000000000000e+03 5.546995486707180589e+01
1.321000000000000000e+03 5.659274244083068339e+01
1.322000000000000000e+03 5.412045314409497365e+01
1.323000000000000000e+03 5.559429443791287895e+01
1.324000000000000000e+03 6.209562987410465240e+01
1.325000000000000000e+03 5.762287737597294779e+01
1.326000000000000000e+03 6.019595005337339444e+01
1.327000000000000000e+03 6.164021807057714852e+01
1.328000000000000000e+03 6.282157717226647975e+01
1.329000000000000000e+03 5.893826294671853105e+01
1.330000000000000000e+03 6.436995054815852768e+01
1.331000000000000000e+03 5.780108394892093315e+01
1.332000000000000000e+03 6.100189214174746155e+01
1.333000000000000000e+03 6.593838990792656318e+01
1.334000000000000000e+03 6.530464047622655244e+01
1.335000000000000000e+03 6.438634812341940972e+01
1.336000000000000000e+03 6.465574299896967148e+01
1.337000000000000000e+03 6.688797917615002575e+01
1.338000000000000000e+03 7.191780859744166321e+01
1.339000000000000000e+03 6.624132723500241582e+01
1.340000000000000000e+03 7.195896185036370696e+01
1.341000000000000000e+03 7.468603325847601582e+01
1.342000000000000000e+03 7.245346388976709306e+01
1.343000000000000000e+03 7.136689158192449156e+01
1.344000000000000000e+03 6.282974630693180984e+01
1.345000000000000000e+03 7.345674402587727059e+01
1.346000000000000000e+03 8.242102212616782708e+01
1.347000000000000000e+03 6.752948947171093153e+01
1.348000000000000000e+03 8.394141010682648130e+01
1.349000000000000000e+03 7.656327202636521179e+01
1.350000000000000000e+03 8.596262713407659817e+01
1.351000000000000000e+03 7.548110774033136749e+01
1.352000000000000000e+03 7.695085040750900873e+01
1.353000000000000000e+03 7.858879048916881516e+01
1.354000000000000000e+03 8.318692248576437009e+01
1.355000000000000000e+03 9.235325442462499268e+01
1.356000000000000000e+03 7.704260396451029180e+01
1.357000000000000000e+03 8.182458957577220815e+01
1.358000000000000000e+03 8.468443042720386416e+01
1.359000000000000000e+03 9.489223088791226246e+01
1.360000000000000000e+03 9.412234230387814193e+01
1.361000000000000000e+03 9.858811061899453421e+01
1.362000000000000000e+03 1.024052565315981127e+02
1.363000000000000000e+03 9.171849898416819258e+01
1.364000000000000000e+03 1.035126108142763144e+02
1.365000000000000000e+03 8.305676639224165569e+01
1.366000000000000000e+03 9.167171826426748282e+01
1.367000000000000000e+03 1.022239675918413013e+02
1.368000000000000000e+03 1.138539550943689989e+02
1.369000000000000000e+03 1.016123511256836167e+02
1.370000000000000000e+03 1.025787491662587456e+02
1.371000000000000000e+03 1.111509837792768849e+02
1.372000000000000000e+03 1.051658190071399019e+02
1.373000000000000000e+03 1.233469571061629892e+02
1.374000000000000000e+03 1.028917163232532772e+02
1.375000000000000000e+03 1.099534340575324478e+02
1.376000000000000000e+03 1.462954529960179570e+02
1.377000000000000000e+03 1.074664752393267406e+02
1.378000000000000000e+03 1.370810809182732157e+02
1.379000000000000000e+03 1.506585481005526219e+02
1.380000000000000000e+03 1.295051010939763501e+02
1.381000000000000000e+03 1.160834935400159509e+02
1.382000000000000000e+03 1.270647223860733845e+02
1.383000000000000000e+03 1.086992717933618025e+02
1.384000000000000000e+03 1.383940793205840691e+02
1.385000000000000000e+03 1.326819786640122629e+02
1.386000000000000000e+03 1.338091159844736637e+02
1.387000000000000000e+03 1.381083328928129390e+02
1.388000000000000000e+03 1.664103276936716611e+02
1.389000000000000000e+03 1.263970215430544073e+02
1.390000000000000000e+03 1.517104521508935022e+02
1.391000000000000000e+03 1.700199150699318125e+02
1.392000000000000000e+03 1.333847133968479568e+02
1.393000000000000000e+03 1.538317724945505347e+02
1.394000000000000000e+03 1.144049329633379699e+02
1.395000000000000000e+03 1.481747544317500740e+02
1.396000000000000000e+03 1.602677978882285856e+02
1.397000000000000000e+03 1.804662739307908339e+02
1.398000000000000000e+03 1.810053788119618048e+02
1.399000000000000000e+03 1.551330314672553925e+02
1.400000000000000000e+03 1.975645303656856129e+02
1.401000000000000000e+03 1.670847009619687356e+02
1.402000000000000000e+03 1.947725026511255635e+02
1.403000000000000000e+03 2.489519192504147327e+02
1.404000000000000000e+03 2.184901163684318135e+02
1.405000000000000000e+03 2.042547279293974896e+02
1.406000000000000000e+03 2.204356936390471446e+02
1.407000000000000000e+03 2.480586641609343133e+02
1.408000000000000000e+03 2.177363272936456156e+02
1.409000000000000000e+03 2.011795620665859303e+02
1.410000000000000000e+03 1.925048768280570926e+02
1.411000000000000000e+03 2.096170984540339646e+02
1.412000000000000000e+03 2.181098884594409526e+02
1.413000000000000000e+03 1.984657281019279935e+02
1.414000000000000000e+03 2.079629475798668068e+02
1.415000000000000000e+03 2.119362531367866893e+02
1.416000000000000000e+03 2.361833244870740600e+02
1.417000000000000000e+03 2.664759366901529916e+02
1.418000000000000000e+03 2.793413066092180657e+02
1.419000000000000000e+03 2.386871300693659066e+02
1.420000000000000000e+03 2.858161298744556120e+02
1.421000000000000000e+03 2.495826499404586798e+02
1.422000000000000000e+03 2.705776631607668605e+02
1.423000000000000000e+03 2.819802604810638513e+02
1.424000000000000000e+03 2.733980376095497604e+02
1.425000000000000000e+03 3.372989169833097662e+02
1.426000000000000000e+03 2.769693532551020212e+02
1.427000000000000000e+03 3.232349768318540555e+02
1.428000000000000000e+03 3.202621464607086068e+02
1.429000000000000000e+03 3.219134056177365437e+02
1.430000000000000000e+03 2.601999876040721915e+02
1.431000000000000000e+03 3.623941145974666256e+02
1.432000000000000000e+03 4.069637288756271118e+02
1.433000000000000000e+03 3.518374544734029428e+02
1.434000000000000000e+03 5.171742129093316862e+02
1.435000000000000000e+03 2.856607761715955007e+02
1.436000000000000000e+03 3.856439876772766979e+02
1.437000000000000000e+03 4.338089370930311475e+02
1.438000000000000000e+03 5.323025653583646317e+02
1.439000000000000000e+03 4.919510544170496473e+02
1.440000000000000000e+03 5.375784965017110153e+02
1.441000000000000000e+03 5.598363173340881076e+02
1.442000000000000000e+03 6.107225650005110538e+02
1.443000000000000000e+03 6.480535976792184556e+02
1.444000000000000000e+03 5.311391534299576733e+02
1.445000000000000000e+03 5.388630698655672404e+02
1.446000000000000000e+03 5.247464794623473381e+02
1.447000000000000000e+03 4.754374791196311207e+02
1.448000000000000000e+03 6.340617594347193062e+02
1.449000000000000000e+03 5.150753696772518424e+02
1.450000000000000000e+03 1.022704445442390920e+03
1.451000000000000000e+03 1.036294119857421720e+03
1.452000000000000000e+03 6.110161601429753091e+02
1.453000000000000000e+03 9.053996817724870425e+02
1.454000000000000000e+03 7.855781698131632993e+02
1.455000000000000000e+03 6.609904168214984566e+02
1.456000000000000000e+03 5.423290057184617581e+02
1.457000000000000000e+03 1.074652300804104698e+03
1.458000000000000000e+03 1.304041614447612801e+03
1.459000000000000000e+03 1.226887402742373752e+03
1.460000000000000000e+03 1.267596938047488493e+03
1.461000000000000000e+03 1.446914604924656942e+03
1.462000000000000000e+03 1.317698111020130000e+03
1.463000000000000000e+03 1.942180232511255099e+03
1.464000000000000000e+03 1.506454874796801050e+03
1.465000000000000000e+03 2.026430904943488486e+03
1.466000000000000000e+03 1.326098622435502648e+03
1.467000000000000000e+03 1.386097897537706331e+03
1.468000000000000000e+03 1.740137274804619665e+03
1.469000000000000000e+03 2.295603452638336421e+03
1.470000000000000000e+03 2.130396441967489864e+03
1.471000000000000000e+03 2.353869607646424811e+03
1.472000000000000000e+03 1.987895053689581346e+03
1.473000000000000000e+03 2.325904979407722749e+03
1.474000000000000000e+03 2.802359640859952833e+03
1.475000000000000000e+03 2.976357277896031064e+03
1.476000000000000000e+03 3.132308944939190951e+03
1.477000000000000000e+03 2.576588740688830057e+03
1.478000000000000000e+03 2.279205972428776477e+03
1.479000000000000000e+03 4.024134307233483014e+03
1.480000000000000000e+03 5.084324867113607979e+03
1.481000000000000000e+03 5.966670804972265614e+03
1.482000000000000000e+03 6.119089626513311487e+03
1.483000000000000000e+03 6.016884474663855144e+03
1.484000000000000000e+03 5.387977037709374599e+03
1.485000000000000000e+03 8.502403513625806227e+03
1.486000000000000000e+03 8.799472692116121834e+03
1.487000000000000000e+03 1.322540095168697917e+04
1.488000000000000000e+03 1.752067377065604160e+04
1.489000000000000000e+03 1.841810299382128142e+04
1.490000000000000000e+03 1.961421758930116994e+04
1.491000000000000000e+03 2.940117598017022829e+04
1.492000000000000000e+03 3.539764868072509125e+04
1.493000000000000000e+03 4.536046916946015699e+04
1.494000000000000000e+03 7.912046342240947706e+04
1.495000000000000000e+03 1.115829697949280235e+05
1.496000000000000000e+03 1.245733465380995767e+05
1.497000000000000000e+03 1.368826924502489856e+05
1.498000000000000000e+03 3.606905450202409993e+05
