# size duration
2.399999999999902212e-04 4.619920469902209781e-02
2.400000000000179767e-04 3.997768490752686560e-02
4.800000000000081979e-04 1.190658075730261084e-01
2.399999999999902212e-04 6.308156254848705513e-02
4.800000000000081979e-04 1.345996239706121478e-01
1.199999999999812328e-04 1.465225852021754746e-02
1.200000000000089884e-04 1.728489006209745979e-02
1.200000000000089884e-04 1.617475996554513726e-02
3.599999999999992095e-04 5.483679188917425784e-02
1.199999999999812328e-04 1.456194248039520585e-02
1.199999999999812328e-04 2.271616643212657008e-02
2.399999999999902212e-04 4.299753935669405058e-02
2.400000000000179767e-04 5.911871329674685260e-02
2.399999999999902212e-04 4.764902287284705079e-02
2.400000000000179767e-04 3.255764426858816230e-02
1.200000000000089884e-04 1.537078959385768627e-02
3.599999999999992095e-04 1.090849108026036435e-01
3.599999999999992095e-04 1.223866393005241804e-01
1.200000000000089884e-04 1.399701780066493761e-02
4.799999999999804423e-04 1.069714821631869983e-01
3.599999999999992095e-04 7.382932436270037146e-02
3.599999999999992095e-04 9.618865974507521954e-02
2.400000000000179767e-04 4.144132920622990712e-02
2.400000000000179767e-04 3.249674580894690301e-02
1.200000000000089884e-04 1.664150065679584345e-02
2.399999999999902212e-04 3.942357317593080113e-02
3.599999999999992095e-04 6.665867108710467337e-02
1.199999999999812328e-04 1.437981857876839686e-02
1.200000000000089884e-04 1.790695556449532419e-02
5.999999999999894307e-04 1.742582319167155780e-01
2.399999999999902212e-04 5.381408361800743556e-02
1.199999999999812328e-04 1.668144013440019113e-02
3.599999999999992095e-04 6.670410798535289509e-02
2.399999999999902212e-04 3.582659547348832074e-02
4.799999999999804423e-04 1.602377718842226129e-01
1.200000000000089884e-04 2.618128959661771352e-02
2.400000000000179767e-04 4.625386497813412101e-02
3.599999999999992095e-04 5.942702196225290584e-02
2.399999999999902212e-04 5.366472617505990694e-02
1.200000000000089884e-04 1.636454195581390006e-02
1.199999999999812328e-04 1.467565883274921101e-02
1.199999999999812328e-04 2.413465292233283460e-02
1.199999999999812328e-04 1.666670107515341032e-02
2.400000000000179767e-04 4.896540835979025508e-02
2.399999999999624656e-04 5.380260258138533369e-02
5.999999999999894307e-04 1.079502071838749633e-01
3.599999999999714539e-04 1.126726074805487615e-01
1.200000000000089884e-04 2.128283822524797142e-02
2.400000000000179767e-04 4.913102353640538128e-02
1.199999999999534772e-04 1.478982269770911032e-02
2.400000000000179767e-04 4.191759145306184209e-02
2.400000000000179767e-04 4.749497923129390731e-02
2.400000000000179767e-04 6.443238388870800581e-02
1.200000000000089884e-04 2.517225280348865668e-02
1.200000000000089884e-04 1.434034337438575696e-02
1.199999999999534772e-04 1.482150772012966883e-02
3.600000000000269651e-04 7.606040364372153306e-02
2.400000000000179767e-04 5.925576183396734364e-02
1.200000000000089884e-04 1.434246650724299056e-02
1.200000000000089884e-04 2.256388280580964162e-02
1.200000000000089884e-04 1.964478236782584569e-02
1.200000000000089884e-04 1.977482199782100783e-02
1.200000000000089884e-04 1.690775178055347466e-02
1.200000000000089884e-04 1.448831489706840607e-02
1.200000000000089884e-04 1.524439340484995756e-02
1.200000000000089884e-04 1.677281643125485069e-02
1.200000000000089884e-04 2.565058007847826130e-02
3.600000000000269651e-04 6.321261159721915102e-02
1.200000000000089884e-04 1.480424335648038332e-02
1.200000000000089884e-04 1.483198521538719485e-02
2.400000000000179767e-04 5.867181584446140574e-02
4.800000000000359535e-04 1.137123388208342023e-01
1.200000000000089884e-04 1.856977628407251169e-02
2.400000000000179767e-04 8.305273175568564370e-02
3.600000000000269651e-04 7.781278874719982364e-02
2.399999999999624656e-04 4.691151972540295867e-02
2.399999999999624656e-04 5.395170262600962330e-02
1.200000000000089884e-04 1.619464756024802457e-02
1.200000000000089884e-04 1.651477131047977484e-02
2.400000000000179767e-04 4.748243491804408911e-02
2.399999999999624656e-04 3.503394340482926528e-02
4.800000000000359535e-04 6.748268774999433006e-02
2.400000000000179767e-04 3.354569568927796841e-02
1.200000000000089884e-04 1.671314893059863346e-02
2.400000000000179767e-04 4.521631816325771824e-02
1.200000000000089884e-04 1.425127144702656966e-02
1.200000000000089884e-04 1.610763246291437717e-02
1.200000000000089884e-04 1.571158719392043435e-02
2.399999999999624656e-04 4.528096601836073543e-02
2.399999999999624656e-04 3.625535642387820584e-02
2.400000000000179767e-04 5.618173085989792981e-02
1.200000000000089884e-04 1.535249751673529658e-02
2.399999999999624656e-04 5.775281148407979126e-02
3.600000000000269651e-04 6.067551135310979282e-02
1.200000000000089884e-04 2.109722331134527770e-02
1.200000000000089884e-04 1.913508517070263912e-02
2.400000000000179767e-04 4.275482373427366700e-02
1.200000000000089884e-04 2.182183659499208755e-02
2.400000000000179767e-04 5.177458092739116446e-02
4.799999999999804423e-04 7.785040763819858767e-02
2.400000000000179767e-04 3.014125834008875293e-02
1.200000000000089884e-04 1.398690495718549892e-02
3.600000000000269651e-04 9.623086977194215963e-02
2.400000000000179767e-04 6.429730587581712620e-02
2.399999999999624656e-04 5.992655762869840419e-02
3.600000000000269651e-04 7.164661088636797848e-02
7.199999999999984190e-04 1.608630232159836138e-01
2.400000000000179767e-04 4.197387689587087078e-02
2.400000000000179767e-04 5.662397033771385951e-02
3.600000000000269651e-04 7.247976769254503571e-02
1.200000000000089884e-04 1.688167097294917054e-02
2.400000000000179767e-04 4.236147363785389142e-02
2.400000000000179767e-04 4.307743366088677417e-02
1.200000000000089884e-04 1.835887155304873064e-02
3.599999999999714539e-04 1.364944714006666726e-01
4.800000000000359535e-04 9.338170017176730675e-02
2.400000000000179767e-04 4.902981101262678110e-02
3.599999999999714539e-04 9.471381680731050245e-02
1.200000000000089884e-04 1.459551592679919976e-02
3.599999999999714539e-04 8.775250288948845123e-02
3.600000000000269651e-04 1.090330066809058335e-01
3.599999999999714539e-04 4.695978955171797864e-02
2.400000000000179767e-04 5.679796181179790071e-02
3.599999999999714539e-04 4.925682600496864016e-02
2.400000000000179767e-04 7.556769467907853421e-02
1.200000000000089884e-04 2.051273745198116394e-02
1.200000000000089884e-04 1.454393687560855825e-02
2.400000000000179767e-04 3.344985736201520898e-02
3.599999999999714539e-04 7.680073921863177222e-02
2.399999999999624656e-04 3.128156419389175463e-02
5.999999999999894307e-04 1.052038314080464554e-01
1.200000000000089884e-04 2.217291790112436989e-02
1.200000000000089884e-04 1.410162875351514411e-02
1.200000000000089884e-04 1.494540085954019701e-02
4.800000000000359535e-04 1.063726686332084892e-01
1.200000000000089884e-04 1.933212415905406767e-02
2.400000000000179767e-04 6.380259976451108095e-02
3.600000000000269651e-04 8.367547871952499272e-02
3.600000000000269651e-04 6.041275554088862410e-02
4.799999999999804423e-04 8.336860783774314998e-02
1.199999999999534772e-04 2.611111710059797406e-02
2.400000000000179767e-04 6.098922988502794573e-02
3.599999999999714539e-04 5.868787331214121716e-02
2.399999999999624656e-04 7.091584435296376110e-02
2.400000000000179767e-04 6.136604514242245678e-02
1.199999999999534772e-04 1.804693517973660066e-02
2.400000000000179767e-04 6.001833076990949895e-02
2.399999999999624656e-04 4.116255936659160564e-02
3.600000000000269651e-04 8.968607182146401402e-02
1.200000000000089884e-04 1.803812110877381705e-02
5.999999999999894307e-04 1.027127800250502571e-01
8.400000000000074074e-04 1.730144441338856143e-01
2.400000000000179767e-04 3.602666903817045019e-02
4.799999999999804423e-04 8.970281641364569181e-02
1.079999999999969873e-03 2.528571429674411619e-01
4.799999999999804423e-04 1.041177111572309522e-01
2.400000000000179767e-04 5.414511655049411565e-02
2.400000000000179767e-04 5.513511805640960994e-02
1.200000000000089884e-04 1.497806733465851213e-02
2.400000000000179767e-04 4.392203196911979857e-02
2.400000000000179767e-04 4.018426546311670844e-02
4.800000000000359535e-04 1.243872121580639201e-01
1.200000000000089884e-04 1.942795586195599639e-02
1.200000000000089884e-04 1.442737094118688029e-02
2.399999999999624656e-04 3.617459453076685150e-02
2.400000000000179767e-04 3.360713770220977170e-02
2.400000000000179767e-04 4.343802105266533764e-02
2.399999999999624656e-04 4.107310422868724886e-02
4.799999999999804423e-04 1.148003130041543862e-01
2.400000000000179767e-04 7.443559291974587155e-02
1.200000000000089884e-04 2.343548254302776565e-02
1.200000000000089884e-04 2.322458145607305888e-02
3.599999999999714539e-04 1.058905953629125790e-01
4.800000000000359535e-04 7.226308257409039260e-02
1.199999999999534772e-04 1.515304170083525692e-02
3.600000000000269651e-04 8.082774635151590559e-02
3.599999999999714539e-04 8.711615214355125647e-02
3.599999999999714539e-04 8.558556704186758013e-02
1.200000000000089884e-04 1.691363888764633311e-02
3.600000000000269651e-04 5.511497707131905732e-02
2.399999999999624656e-04 5.373375084172357652e-02
2.399999999999624656e-04 3.352487800602321766e-02
1.199999999999534772e-04 3.214463910098731142e-02
3.599999999999714539e-04 5.618533728299784924e-02
1.200000000000089884e-04 2.127100384612799766e-02
4.800000000000359535e-04 1.128044532806822264e-01
3.599999999999714539e-04 1.238455007907068028e-01
2.400000000000179767e-04 3.433045430610431881e-02
3.599999999999714539e-04 7.530666335770914988e-02
3.600000000000269651e-04 6.630069643968936055e-02
4.799999999999804423e-04 1.802364866059517623e-01
1.200000000000089884e-04 1.703005502113807274e-02
2.400000000000179767e-04 4.261539461671504797e-02
2.400000000000179767e-04 3.441590496204877114e-02
2.399999999999624656e-04 3.575740980941267966e-02
3.599999999999714539e-04 8.252909886283228691e-02
3.599999999999714539e-04 7.723846327451201754e-02
5.999999999999894307e-04 1.365213104261772115e-01
2.400000000000179767e-04 4.230146074035187609e-02
3.600000000000269651e-04 1.331053483381885727e-01
1.200000000000089884e-04 1.619059066430015431e-02
3.600000000000269651e-04 5.915262347223666090e-02
2.400000000000179767e-04 3.843136130274604767e-02
1.200000000000089884e-04 1.630405355975677803e-02
3.600000000000269651e-04 7.589284440130970866e-02
3.599999999999714539e-04 7.246888258383267500e-02
2.399999999999624656e-04 4.646218926414030087e-02
4.800000000000359535e-04 7.871012656845305377e-02
1.199999999999534772e-04 1.744578608423770147e-02
2.400000000000179767e-04 5.876100002683906642e-02
2.399999999999624656e-04 7.142274887807466277e-02
1.200000000000089884e-04 1.576415442735031036e-02
3.600000000000269651e-04 1.036450506213117129e-01
4.799999999999804423e-04 1.073511373211331332e-01
6.000000000000449418e-04 1.147859271653115937e-01
3.599999999999714539e-04 6.149444218400097750e-02
2.400000000000179767e-04 3.208171268877056670e-02
3.599999999999714539e-04 8.333567975536507189e-02
4.800000000000359535e-04 9.103742571866529909e-02
4.799999999999804423e-04 1.155494944259739809e-01
4.799999999999804423e-04 9.423034074062812404e-02
3.599999999999714539e-04 1.093068826046688646e-01
2.399999999999624656e-04 4.781223146103399935e-02
2.400000000000179767e-04 6.969897285847471979e-02
2.400000000000179767e-04 3.358453443919356268e-02
3.599999999999714539e-04 9.987859482838243319e-02
2.399999999999624656e-04 4.730818682297771582e-02
8.400000000000074074e-04 1.766114543669685122e-01
2.400000000000179767e-04 4.636405429973265019e-02
3.600000000000269651e-04 9.286061890692665077e-02
3.600000000000269651e-04 9.689438198816058279e-02
2.400000000000179767e-04 5.698753829601210796e-02
3.600000000000269651e-04 1.088701206171589775e-01
1.200000000000089884e-04 1.918805080906777275e-02
2.400000000000179767e-04 4.424647773199362477e-02
4.800000000000359535e-04 9.390640914411725604e-02
2.399999999999624656e-04 6.074179052082494257e-02
2.399999999999624656e-04 4.693202935884355220e-02
1.200000000000089884e-04 1.606891575303441913e-02
2.399999999999624656e-04 3.861751553498154327e-02
2.400000000000179767e-04 7.067389121422695819e-02
2.399999999999624656e-04 5.249265533188355454e-02
2.400000000000179767e-04 3.376537741871410425e-02
4.799999999999804423e-04 2.133969830347133001e-01
3.600000000000269651e-04 9.079471306440664580e-02
2.399999999999624656e-04 3.421614129309423491e-02
1.199999999999534772e-04 1.401603474107275017e-02
2.399999999999624656e-04 3.632414219546660494e-02
1.200000000000089884e-04 1.726639197300652157e-02
3.599999999999714539e-04 6.847541664270828665e-02
3.599999999999714539e-04 1.232560783887699379e-01
3.600000000000269651e-04 1.424978151186170605e-01
1.200000000000089884e-04 2.556011461072501753e-02
2.400000000000179767e-04 4.407119087251742950e-02
4.800000000000359535e-04 1.297126354343685339e-01
2.400000000000179767e-04 4.395000451271387221e-02
4.799999999999804423e-04 1.196001244046064060e-01
2.400000000000179767e-04 9.168899876587692510e-02
3.599999999999714539e-04 1.560587155249084645e-01
2.400000000000179767e-04 5.351081047903522014e-02
1.199999999999534772e-04 1.592950760611530278e-02
3.599999999999714539e-04 1.340008266111051283e-01
5.999999999999894307e-04 1.133982260342460552e-01
2.400000000000179767e-04 5.476800490656826698e-02
2.399999999999624656e-04 4.490604218050250895e-02
7.199999999999984190e-04 2.002422861864864290e-01
2.400000000000179767e-04 5.102760682688665950e-02
1.200000000000089884e-04 2.036080632893244591e-02
3.600000000000269651e-04 8.336306214613023458e-02
2.399999999999624656e-04 4.185773769649245302e-02
2.400000000000179767e-04 4.622956711453440892e-02
1.200000000000089884e-04 2.279227632686943103e-02
2.400000000000179767e-04 4.934034494248151770e-02
1.199999999999534772e-04 1.498515324050227020e-02
2.400000000000179767e-04 4.849964159694310217e-02
1.200000000000089884e-04 1.575655527690660029e-02
2.400000000000179767e-04 3.524218910152038253e-02
9.600000000000719069e-04 2.033280376786861798e-01
2.399999999999069544e-04 3.930771952705046368e-02
3.600000000000269651e-04 7.874526357845440527e-02
1.200000000000089884e-04 1.981965646977859596e-02
2.400000000000179767e-04 7.158180721860550599e-02
1.200000000000089884e-04 1.586574019976006236e-02
4.799999999999249312e-04 1.268365373654357364e-01
2.400000000000179767e-04 3.619631779246899883e-02
4.800000000000359535e-04 1.367541745652864349e-01
2.400000000000179767e-04 5.565909128641108317e-02
4.799999999999249312e-04 1.186341948334247720e-01
2.400000000000179767e-04 7.141378789653846093e-02
4.799999999999249312e-04 8.914328981423889908e-02
3.600000000000269651e-04 8.156555200440211706e-02
1.200000000000089884e-04 1.486030714263588716e-02
2.400000000000179767e-04 6.414058724529539401e-02
2.400000000000179767e-04 5.426980684245717723e-02
2.400000000000179767e-04 3.815308674961476187e-02
7.200000000000539302e-04 1.957418684032134204e-01
2.400000000000179767e-04 3.498671855636435735e-02
3.600000000000269651e-04 8.651428980464072327e-02
3.600000000000269651e-04 7.560075922936142223e-02
4.800000000000359535e-04 1.233388884291235499e-01
2.400000000000179767e-04 4.203138146561368610e-02
3.600000000000269651e-04 7.076236556811228706e-02
3.600000000000269651e-04 9.256462325158261450e-02
4.800000000000359535e-04 9.587900478848064567e-02
1.200000000000089884e-04 1.817226859367588807e-02
2.400000000000179767e-04 9.497943291693124179e-02
1.200000000000089884e-04 3.080929922607135787e-02
3.600000000000269651e-04 1.561924591006262075e-01
3.600000000000269651e-04 6.600694742030528694e-02
3.600000000000269651e-04 8.858937109601293380e-02
2.400000000000179767e-04 2.966306794854736001e-02
2.400000000000179767e-04 3.633733766430548295e-02
2.400000000000179767e-04 7.394126517206998928e-02
1.200000000000089884e-04 1.764782014370125732e-02
4.800000000000359535e-04 1.166754022234438998e-01
3.600000000000269651e-04 6.373867408662872713e-02
3.600000000000269651e-04 5.964880103087666363e-02
1.200000000000089884e-04 2.110096531683205989e-02
2.399999999999069544e-04 4.350764894767282509e-02
2.400000000000179767e-04 5.653242613721770615e-02
2.400000000000179767e-04 4.600890877625849612e-02
2.400000000000179767e-04 4.055511331331150549e-02
2.400000000000179767e-04 4.977675618748182707e-02
1.199999999998979661e-04 2.111164391691049136e-02
2.400000000000179767e-04 4.242922210299815422e-02
1.200000000000089884e-04 1.946379641785068310e-02
5.999999999999339195e-04 1.708407322307799181e-01
1.199999999998979661e-04 1.751270006515488406e-02
5.999999999999339195e-04 1.124869869837280129e-01
1.200000000000089884e-04 1.727922318867398943e-02
2.399999999999069544e-04 6.418757565360873329e-02
2.399999999999069544e-04 5.476666876056102834e-02
1.200000000000089884e-04 2.106334447531711326e-02
1.200000000000089884e-04 1.561329842667481468e-02
1.200000000000089884e-04 3.861347374910545360e-02
6.000000000000449418e-04 1.508054036496579708e-01
3.600000000000269651e-04 6.246950028282730050e-02
3.600000000000269651e-04 8.330532458381187388e-02
3.599999999999159428e-04 1.243801293133325048e-01
1.200000000000089884e-04 2.355965907211875557e-02
2.400000000000179767e-04 6.448333334863079469e-02
4.800000000000359535e-04 9.729084416640856880e-02
1.200000000000089884e-04 1.921262753086112191e-02
2.400000000000179767e-04 7.573924343450946783e-02
2.400000000000179767e-04 3.914866826461026184e-02
3.599999999999159428e-04 8.814697580743126315e-02
2.400000000000179767e-04 5.891090041924854775e-02
2.400000000000179767e-04 5.614185845912163242e-02
3.600000000000269651e-04 8.777768723184274646e-02
1.200000000000089884e-04 2.408996056054943033e-02
2.400000000000179767e-04 3.179481625004065837e-02
1.199999999998979661e-04 1.483501730981927856e-02
2.400000000000179767e-04 5.333863027742648255e-02
1.200000000000089884e-04 2.459432967321832988e-02
1.200000000000089884e-04 1.427682514680219880e-02
2.399999999999069544e-04 3.676128668929951049e-02
6.000000000000449418e-04 2.518734482702388311e-01
1.200000000000089884e-04 1.636195662039978405e-02
4.800000000000359535e-04 1.399519676596928386e-01
2.400000000000179767e-04 5.719321001396818899e-02
1.200000000000089884e-04 1.475795563890825585e-02
1.200000000000089884e-04 1.835982271605337765e-02
1.200000000000089884e-04 1.753450124467388627e-02
1.200000000000089884e-04 2.266116890092200950e-02
3.600000000000269651e-04 4.580225435790119537e-02
4.799999999999249312e-04 7.650914874471791138e-02
1.200000000000089884e-04 2.123834227681799247e-02
2.400000000000179767e-04 4.279019065697611812e-02
2.399999999999069544e-04 5.170500738763298548e-02
4.800000000000359535e-04 1.611416579087422696e-01
2.399999999999069544e-04 4.187655149361770024e-02
3.600000000000269651e-04 1.647817770955604944e-01
4.800000000000359535e-04 1.368155303409352153e-01
1.200000000000089884e-04 1.593744465908751573e-02
2.400000000000179767e-04 6.638928294408130704e-02
2.400000000000179767e-04 3.453251556654908516e-02
1.200000000000089884e-04 2.078014844814682002e-02
1.199999999998979661e-04 1.658172208951911447e-02
3.600000000000269651e-04 1.173942409025107714e-01
2.400000000000179767e-04 5.267233564632881060e-02
1.200000000000089884e-04 1.714205037532124179e-02
2.400000000000179767e-04 4.238767414019171259e-02
2.400000000000179767e-04 5.040094483141720899e-02
2.399999999999069544e-04 5.720033895610575347e-02
3.599999999999159428e-04 6.926807650987851228e-02
2.400000000000179767e-04 5.918894984630423267e-02
3.599999999999159428e-04 1.006716145693765940e-01
2.400000000000179767e-04 4.927411925742429533e-02
1.200000000000089884e-04 1.574500392295763787e-02
2.399999999999069544e-04 6.204396887200498700e-02
1.200000000000089884e-04 1.727331562479774568e-02
1.200000000000089884e-04 2.381885266315603156e-02
3.599999999999159428e-04 1.113052593400025020e-01
2.400000000000179767e-04 7.901568715103926555e-02
2.400000000000179767e-04 6.919600837018917427e-02
4.799999999999249312e-04 1.374646629145853394e-01
2.399999999999069544e-04 4.279469318498706210e-02
1.200000000000089884e-04 1.645425135943980044e-02
1.200000000000089884e-04 2.789657693662467644e-02
2.400000000000179767e-04 4.186892229505721069e-02
2.400000000000179767e-04 7.367660206706835857e-02
2.400000000000179767e-04 4.340126271885162701e-02
3.600000000000269651e-04 9.479744402802858794e-02
4.799999999999249312e-04 1.475564268952157809e-01
1.200000000000089884e-04 2.353785054418922051e-02
2.400000000000179767e-04 6.362957917976276578e-02
1.200000000000089884e-04 2.806520320275135427e-02
2.400000000000179767e-04 3.199867504439279919e-02
1.200000000000089884e-04 2.052164672185493102e-02
2.400000000000179767e-04 5.574279138389286181e-02
2.400000000000179767e-04 6.302417950572422600e-02
3.600000000000269651e-04 8.195854958229839560e-02
2.400000000000179767e-04 3.581494510577423046e-02
1.200000000000089884e-04 3.781453773492590015e-02
3.600000000000269651e-04 7.467955629158576358e-02
2.400000000000179767e-04 4.334163874459631693e-02
2.400000000000179767e-04 4.680700185098017607e-02
5.999999999999339195e-04 1.479343498607339213e-01
2.400000000000179767e-04 4.023062313372301191e-02
3.600000000000269651e-04 8.513797948209493593e-02
2.400000000000179767e-04 3.298941170594058003e-02
1.200000000000089884e-04 2.017866246741845462e-02
2.400000000000179767e-04 5.079258727714144883e-02
4.800000000000359535e-04 9.737420328052848184e-02
4.799999999999249312e-04 1.078210678816146628e-01
3.599999999999159428e-04 9.078836243189745969e-02
3.600000000000269651e-04 8.110126317481725078e-02
2.399999999999069544e-04 5.595950157034693812e-02
2.400000000000179767e-04 6.663704170721805597e-02
2.400000000000179767e-04 4.158348558763019093e-02
2.400000000000179767e-04 4.462497088738090478e-02
4.799999999999249312e-04 9.634844631112618463e-02
1.200000000000089884e-04 1.923792121539167482e-02
4.799999999999249312e-04 9.160042007366549222e-02
1.200000000000089884e-04 1.542823185220796450e-02
4.800000000000359535e-04 1.105842189883136512e-01
2.399999999999069544e-04 4.715985730915654012e-02
1.200000000000089884e-04 2.285212101670007837e-02
2.400000000000179767e-04 6.974525400350058135e-02
1.200000000000089884e-04 2.388630532535903142e-02
3.600000000000269651e-04 8.138720604931541647e-02
1.200000000000089884e-04 2.021893045198309286e-02
2.400000000000179767e-04 4.802400442794266949e-02
2.400000000000179767e-04 5.984311157201908926e-02
5.999999999999339195e-04 1.597994298828684934e-01
2.400000000000179767e-04 6.260086346785875833e-02
2.400000000000179767e-04 4.329842333760742373e-02
3.600000000000269651e-04 7.258761408065378395e-02
1.200000000000089884e-04 3.182411792594377203e-02
2.400000000000179767e-04 8.411602385887764766e-02
1.200000000000089884e-04 2.096074979156019660e-02
2.400000000000179767e-04 3.739007418838172919e-02
3.600000000000269651e-04 1.010955085556830557e-01
1.200000000000089884e-04 1.614060254790475324e-02
4.800000000000359535e-04 1.031042756476042432e-01
4.799999999999249312e-04 1.794010121586518403e-01
2.400000000000179767e-04 1.015687605371853319e-01
2.400000000000179767e-04 5.102267814280134206e-02
3.600000000000269651e-04 1.064835423880725745e-01
6.000000000000449418e-04 1.472290265786306285e-01
1.199999999998979661e-04 1.754587973681016183e-02
3.600000000000269651e-04 5.214200327156742060e-02
2.400000000000179767e-04 4.076288790537960921e-02
2.400000000000179767e-04 5.778308328541043037e-02
1.200000000000089884e-04 1.946344411008074649e-02
4.800000000000359535e-04 1.182464826884574577e-01
4.800000000000359535e-04 1.189504496617969226e-01
1.200000000000089884e-04 2.265838684256351113e-02
2.400000000000179767e-04 3.915213832512973169e-02
1.200000000000089884e-04 1.776021245395097495e-02
2.400000000000179767e-04 3.887786632689502198e-02
2.400000000000179767e-04 4.021710505846214090e-02
1.199999999998979661e-04 2.080521040302911462e-02
1.200000000000089884e-04 2.246241341889451335e-02
3.600000000000269651e-04 1.152205897007335944e-01
2.400000000000179767e-04 3.350929105336868802e-02
1.200000000000089884e-04 2.833655998076902924e-02
2.400000000000179767e-04 5.297141726256104910e-02
3.600000000000269651e-04 8.198265738884338849e-02
1.199999999998979661e-04 1.485929006460903930e-02
3.600000000000269651e-04 9.599090596403481168e-02
2.400000000000179767e-04 3.567922616771558586e-02
3.600000000000269651e-04 1.043909004909763794e-01
1.200000000000089884e-04 1.413722226645692387e-02
2.399999999999069544e-04 3.976601012070574842e-02
1.200000000000089884e-04 1.894872281560481403e-02
1.200000000000089884e-04 2.322978019777146436e-02
2.400000000000179767e-04 6.046613556765370601e-02
3.600000000000269651e-04 9.058649939701798881e-02
2.400000000000179767e-04 6.544194431671168655e-02
4.800000000000359535e-04 1.281877929527592552e-01
1.200000000000089884e-04 1.733032062442491777e-02
3.600000000000269651e-04 1.353339865246998008e-01
2.399999999999069544e-04 5.232969337600271165e-02
1.200000000000089884e-04 1.403271651890874300e-02
1.200000000000089884e-04 1.833431463623141910e-02
2.400000000000179767e-04 3.666869740935731897e-02
1.200000000000089884e-04 1.745355588285696022e-02
1.200000000000089884e-04 1.803135432215127731e-02
3.600000000000269651e-04 1.477993359478793345e-01
1.200000000000089884e-04 1.940579347797363741e-02
1.200000000000089884e-04 1.405110825691506526e-02
3.600000000000269651e-04 1.059268570476803173e-01
3.599999999999159428e-04 5.451186437851301275e-02
2.400000000000179767e-04 3.528685685911087111e-02
3.600000000000269651e-04 7.001229403075012736e-02
1.200000000000089884e-04 1.584137929674844097e-02
2.399999999999069544e-04 7.851894854624349995e-02
2.400000000000179767e-04 3.314476567382976246e-02
2.400000000000179767e-04 3.630671387966848129e-02
1.200000000000089884e-04 2.485426290100546665e-02
2.400000000000179767e-04 8.659781235334806926e-02
1.200000000000089884e-04 1.918134597089110605e-02
4.800000000000359535e-04 1.145819972339449933e-01
2.400000000000179767e-04 3.637810488829458511e-02
2.399999999999069544e-04 8.065137117448860360e-02
3.600000000000269651e-04 1.235558882240027911e-01
1.200000000000089884e-04 1.595168671480979780e-02
3.599999999999159428e-04 7.330360957663950572e-02
2.400000000000179767e-04 5.948732244177389050e-02
2.400000000000179767e-04 5.602938492640537754e-02
1.200000000000089884e-04 2.890393574371539348e-02
9.600000000000719069e-04 1.979436130206726208e-01
3.600000000000269651e-04 1.058012326376593371e-01
2.400000000000179767e-04 3.527627451293369187e-02
4.800000000000359535e-04 1.401508956568696118e-01
2.399999999999069544e-04 5.605415646681552455e-02
2.399999999999069544e-04 5.390058077621043969e-02
3.600000000000269651e-04 7.621663172982622025e-02
1.200000000000089884e-04 1.515162408447341333e-02
2.400000000000179767e-04 6.742239659735477231e-02
2.399999999999069544e-04 4.758628580219974313e-02
2.400000000000179767e-04 4.838167182854324899e-02
1.200000000000089884e-04 1.639292385690691717e-02
1.200000000000089884e-04 2.827199392983792414e-02
2.400000000000179767e-04 5.940675732534402009e-02
2.400000000000179767e-04 3.965275658464727238e-02
3.599999999999159428e-04 7.992248113394465059e-02
1.200000000000089884e-04 2.589574269783105967e-02
4.800000000000359535e-04 1.293862394209990552e-01
3.600000000000269651e-04 8.284219524007126190e-02
2.400000000000179767e-04 3.975552486183929479e-02
2.399999999999069544e-04 6.484478879491623049e-02
3.600000000000269651e-04 8.749209577089621381e-02
1.200000000000089884e-04 2.336897587324485853e-02
1.200000000000089884e-04 1.541259633490138156e-02
4.800000000000359535e-04 1.087118767993968393e-01
2.400000000000179767e-04 4.043096498570714764e-02
2.400000000000179767e-04 3.986768440953623871e-02
2.400000000000179767e-04 7.059344152322022392e-02
4.799999999999249312e-04 1.882705101570265049e-01
2.400000000000179767e-04 5.145907321103018739e-02
1.200000000000089884e-04 1.624540715199442042e-02
1.200000000000089884e-04 1.461181173088334923e-02
2.400000000000179767e-04 4.883020363496240468e-02
1.200000000000089884e-04 3.371010459340829934e-02
2.400000000000179767e-04 4.306668655420393954e-02
4.799999999999249312e-04 7.417921468748671365e-02
3.600000000000269651e-04 1.273107088910852558e-01
2.400000000000179767e-04 5.102937509842060682e-02
2.400000000000179767e-04 5.271127360997432398e-02
