# size duration
6.399999999999989031e-03 4.223057664009994827e-01
7.600000000000023404e-03 3.725047240914983182e-01
6.800000000000000488e-03 3.564553383081980886e-01
4.000000000000003553e-03 2.659065934761746242e-01
5.599999999999993872e-03 2.763263814790409278e-01
7.599999999999995648e-03 5.077035065663936253e-01
4.000000000000003553e-03 2.558251238600902089e-01
4.800000000000026468e-03 2.316875968196508428e-01
8.000000000000007105e-03 3.648251910430106992e-01
2.799999999999969180e-03 8.818394861203759927e-02
2.399999999999957723e-03 9.673808936968911198e-02
4.799999999999970957e-03 2.603749031996607233e-01
2.800000000000024691e-03 1.197316607478835226e-01
8.000000000000229150e-04 2.092916630372042980e-02
1.200000000000034373e-03 3.604720018581459434e-02
9.599999999999997424e-03 4.818903233118324581e-01
1.200000000000034373e-03 4.533310040193521545e-02
1.200000000000034373e-03 3.559971159003500613e-02
5.599999999999993872e-03 2.271666750134344603e-01
3.200000000000036149e-03 1.349221409779305936e-01
1.599999999999990319e-03 5.245680206286895686e-02
4.000000000000114575e-04 9.701759849295473262e-03
2.800000000000024691e-03 1.466919178516050970e-01
3.999999999999559464e-04 1.086690331168418608e-02
3.599999999999992095e-03 1.593327625413913928e-01
4.000000000000114575e-04 1.047530813065998719e-02
8.000000000000229150e-04 2.324401812270983358e-02
7.999999999999674039e-04 2.033479463280548488e-02
2.799999999999969180e-03 1.531505405030439415e-01
2.000000000000001776e-03 8.762488028733536605e-02
1.599999999999990319e-03 5.445054394140921156e-02
3.599999999999992095e-03 2.665949910613687468e-01
8.000000000000229150e-04 2.063022479055021119e-02
2.000000000000001776e-03 8.301575373715920636e-02
2.400000000000013234e-03 1.300606724117896462e-01
7.999999999999674039e-04 1.958633113588940933e-02
2.400000000000013234e-03 1.201606223381905952e-01
2.400000000000068745e-03 1.022804092571153317e-01
1.199999999999978861e-03 3.796323622085336774e-02
3.999999999999559464e-04 1.153295770641507567e-02
2.399999999999957723e-03 1.747614739668409967e-01
1.600000000000045830e-03 4.516536992317449206e-02
4.000000000000003553e-03 1.589897594978458284e-01
8.000000000000229150e-04 2.042410202899212421e-02
1.599999999999934808e-03 6.380413010295907239e-02
2.400000000000068745e-03 6.920002860816575063e-02
2.399999999999957723e-03 9.217580827461872850e-02
3.600000000000047606e-03 1.678352875126125077e-01
4.800000000000026468e-03 2.554339352897194160e-01
1.600000000000045830e-03 6.347934039280814233e-02
2.000000000000001776e-03 8.819076542623226211e-02
2.000000000000001776e-03 9.829599221735464687e-02
1.199999999999978861e-03 3.869908065758785598e-02
2.399999999999957723e-03 1.196265426261448467e-01
1.199999999999978861e-03 3.291841586322776653e-02
1.199999999999978861e-03 3.370340183591831462e-02
8.000000000000229150e-04 2.874922673295904341e-02
2.400000000000068745e-03 1.025207787602973042e-01
1.600000000000045830e-03 7.389098819831858844e-02
1.199999999999978861e-03 6.838766446238575547e-02
1.199999999999978861e-03 4.422735120526587183e-02
3.199999999999980638e-03 1.829613829047585516e-01
8.000000000000229150e-04 2.124193536236965857e-02
2.000000000000001776e-03 9.102447293260453043e-02
2.399999999999957723e-03 1.167037413278894653e-01
1.199999999999978861e-03 4.607475289170830102e-02
8.000000000000229150e-04 2.043178679568902895e-02
4.399999999999959499e-03 1.365928939524066188e-01
4.000000000000669687e-04 1.000087771975726424e-02
7.999999999999118927e-04 2.177528504708804019e-02
2.000000000000001776e-03 8.432185904130709564e-02
