# itime ezz other fcc hcp bcc ico
0.000000000000000000e+00 0.000000000000000000e+00 0.000000000000000000e+00 1.000000000000000000e+00 0.000000000000000000e+00 0.000000000000000000e+00 0.000000000000000000e+00
3.000000000000000000e+01 1.200004999677384276e-02 0.000000000000000000e+00 1.000000000000000000e+00 0.000000000000000000e+00 0.000000000000000000e+00 0.000000000000000000e+00
6.000000000000000000e+01 2.400009999354768553e-02 0.000000000000000000e+00 1.000000000000000000e+00 0.000000000000000000e+00 0.000000000000000000e+00 0.000000000000000000e+00
9.000000000000000000e+01 3.600014999032152829e-02 0.000000000000000000e+00 1.000000000000000000e+00 0.000000000000000000e+00 0.000000000000000000e+00 0.000000000000000000e+00
1.200000000000000000e+02 4.800019998709537106e-02 0.000000000000000000e+00 1.000000000000000000e+00 0.000000000000000000e+00 0.000000000000000000e+00 0.000000000000000000e+00
1.500000000000000000e+02 6.000024998386921382e-02 0.000000000000000000e+00 1.000000000000000000e+00 0.000000000000000000e+00 0.000000000000000000e+00 0.000000000000000000e+00
1.800000000000000000e+02 7.200029998064305659e-02 0.000000000000000000e+00 1.000000000000000000e+00 0.000000000000000000e+00 0.000000000000000000e+00 0.000000000000000000e+00
2.100000000000000000e+02 8.400034997741689935e-02 2.275830678197542133e-04 9.997724169321802190e-01 0.000000000000000000e+00 0.000000000000000000e+00 0.000000000000000000e+00
2.400000000000000000e+02 9.600039997419074211e-02 4.551661356395084266e-04 9.995448338643604380e-01 0.000000000000000000e+00 0.000000000000000000e+00 0.000000000000000000e+00
2.700000000000000000e+02 1.080004499709645849e-01 1.137915339098770958e-03 9.986345015930814251e-01 0.000000000000000000e+00 2.275830678197542133e-04 0.000000000000000000e+00
3.000000000000000000e+02 1.200004999677384276e-01 3.641329085116067413e-03 9.963586709148839482e-01 0.000000000000000000e+00 0.000000000000000000e+00 0.000000000000000000e+00
3.300000000000000000e+02 1.320005499645122704e-01 1.957214383249886169e-02 9.795175238962221531e-01 0.000000000000000000e+00 9.103322712790168532e-04 0.000000000000000000e+00
3.600000000000000000e+02 1.440005999612861132e-01 6.827492034592626269e-02 9.274010013654984119e-01 0.000000000000000000e+00 4.324078288575329727e-03 0.000000000000000000e+00
3.900000000000000000e+02 1.560006499580601780e-01 3.224852071005916976e-01 6.408739189804278924e-01 0.000000000000000000e+00 3.664087391898043083e-02 0.000000000000000000e+00
4.200000000000000000e+02 1.680006999548340207e-01 7.492034592626308775e-01 8.249886208466089554e-02 1.365498406918525280e-03 1.669321802457897075e-01 0.000000000000000000e+00
4.500000000000000000e+02 1.800007499516078635e-01 7.786754665452890745e-01 1.285844333181611343e-02 6.486117432862995025e-03 2.019799726900318726e-01 0.000000000000000000e+00
4.800000000000000000e+02 1.920007999483817063e-01 7.816340464269457833e-01 2.287209831588529751e-02 2.298588984979517413e-02 1.725079654073737034e-01 0.000000000000000000e+00
5.100000000000000000e+02 2.040008499451555490e-01 8.067819754210286964e-01 3.152025489303595523e-02 4.995448338643605074e-02 1.117432862994993115e-01 0.000000000000000000e+00
5.400000000000000000e+02 2.160008999419293918e-01 8.172507965407374009e-01 4.142011834319526964e-02 5.553026854802002588e-02 8.579881656804733137e-02 0.000000000000000000e+00
5.700000000000000000e+02 2.280009499387032346e-01 8.266954938552572019e-01 4.904415111515703085e-02 5.848884842967683184e-02 6.577150659990896320e-02 0.000000000000000000e+00
6.000000000000000000e+02 2.400009999354770773e-01 8.377332726445152478e-01 5.143377332726445372e-02 5.541647701411014926e-02 5.541647701411014926e-02 0.000000000000000000e+00
6.300000000000000000e+02 2.520010499322509201e-01 8.284023668639053373e-01 6.451979972690032039e-02 6.315430131998178709e-02 4.392353208921256219e-02 0.000000000000000000e+00
6.600000000000000000e+02 2.640010999290247629e-01 8.268092853891670924e-01 7.032316795630405570e-02 6.827492034592626269e-02 3.459262630860263782e-02 0.000000000000000000e+00
6.900000000000000000e+02 2.760011499257986056e-01 8.314747382794720476e-01 7.111970869367319203e-02 6.895766954938552240e-02 2.844788347746927612e-02 0.000000000000000000e+00
7.200000000000000000e+02 2.880011999225724484e-01 8.288575329995447882e-01 7.111970869367319203e-02 7.305416477014110843e-02 2.696859353664087314e-02 0.000000000000000000e+00
7.500000000000000000e+02 3.000012499193462912e-01 8.332954028220300735e-01 6.804733727810650945e-02 7.180245789713245175e-02 2.674101046882111990e-02 1.137915339098771066e-04
7.800000000000000000e+02 3.120012999161201339e-01 8.377332726445152478e-01 6.725079654073737312e-02 7.214383249886208160e-02 2.287209831588529751e-02 0.000000000000000000e+00
8.100000000000000000e+02 3.240013499128939767e-01 8.280609922621756658e-01 7.430587164314975124e-02 7.441966317705962786e-02 2.321347291761493084e-02 0.000000000000000000e+00
8.400000000000000000e+02 3.360013999096678194e-01 8.247610377787892855e-01 7.771961766044606368e-02 7.225762403277195822e-02 2.514792899408284030e-02 1.137915339098771066e-04
8.700000000000000000e+02 3.480014499064416622e-01 8.248748293126991760e-01 8.272644515248064878e-02 7.055075102412380894e-02 2.184797451069640448e-02 0.000000000000000000e+00
9.000000000000000000e+02 3.600014999032155050e-01 8.239644970414201630e-01 8.409194355939918208e-02 7.020937642239417908e-02 2.150659990896677115e-02 2.275830678197542133e-04
9.300000000000000000e+02 3.720015498999893477e-01 8.244196631770596140e-01 8.818843878015475424e-02 6.747837960855712636e-02 1.979972690031861493e-02 1.137915339098771066e-04
9.600000000000000000e+02 3.840015998967631905e-01 8.231679563040509295e-01 8.796085571233500100e-02 6.668183887118799003e-02 2.196176604460628110e-02 2.275830678197542133e-04
9.900000000000000000e+02 3.960016498935370333e-01 8.202093764223942207e-01 9.456076467910787264e-02 6.588529813381883982e-02 1.911697769685935522e-02 2.275830678197542133e-04
1.020000000000000000e+03 4.080016998903110981e-01 8.302230314064633632e-01 8.807464724624487762e-02 6.656804733727811341e-02 1.502048247610377786e-02 1.137915339098771066e-04
1.050000000000000000e+03 4.200017498870847188e-01 8.307919890760127046e-01 8.807464724624487762e-02 6.577150659990896320e-02 1.536185707783340945e-02 0.000000000000000000e+00
1.080000000000000000e+03 4.320017998838585616e-01 8.309057806099225951e-01 8.648156577150660496e-02 6.622667273554846967e-02 1.627218934911242587e-02 1.137915339098771066e-04
1.110000000000000000e+03 4.440018498806324043e-01 8.344333181611288675e-01 8.796085571233500100e-02 6.201638598088302090e-02 1.558944014565316269e-02 0.000000000000000000e+00
1.140000000000000000e+03 4.560018998774064691e-01 8.387573964497041512e-01 8.818843878015475424e-02 5.883022303140646170e-02 1.411015020482476144e-02 1.137915339098771066e-04
1.170000000000000000e+03 4.680019498741803119e-01 8.426263086026399840e-01 8.852981338188438409e-02 5.678197542102867562e-02 1.206190259444697363e-02 0.000000000000000000e+00
1.200000000000000000e+03 4.800019998709539326e-01 8.441055985434683384e-01 9.148839326354119006e-02 5.325443786982248656e-02 1.092398725534820224e-02 2.275830678197542133e-04
1.230000000000000000e+03 4.920020498677279974e-01 8.493400091033227461e-01 8.921256258534364381e-02 4.893035958124715423e-02 1.228948566226672687e-02 2.275830678197542133e-04
1.260000000000000000e+03 5.040020998645018402e-01 8.496813837050523066e-01 9.057806099226217711e-02 5.109239872553481693e-02 8.648156577150659455e-03 0.000000000000000000e+00
1.290000000000000000e+03 5.160021498612756830e-01 8.522985889849795660e-01 8.784706417842512438e-02 5.131998179335457710e-02 8.420573509330906217e-03 1.137915339098771066e-04
1.320000000000000000e+03 5.280021998580493037e-01 8.496813837050523066e-01 8.670914883932635819e-02 5.507510241238051940e-02 8.420573509330906217e-03 1.137915339098771066e-04
1.350000000000000000e+03 5.400022498548233685e-01 8.522985889849795660e-01 8.636777423759672834e-02 5.040964952207555722e-02 1.058261265361857065e-02 3.413746017296313199e-04
1.380000000000000000e+03 5.520022998515974333e-01 8.565088757396449592e-01 8.648156577150660496e-02 4.915794264906690747e-02 7.624032771961766417e-03 2.275830678197542133e-04
1.410000000000000000e+03 5.640023498483710540e-01 8.561675011379152878e-01 8.375056895766955223e-02 4.995448338643605074e-02 1.001365498406918582e-02 1.137915339098771066e-04
1.440000000000000000e+03 5.760023998451446747e-01 8.644742831133364058e-01 8.454710969503868856e-02 4.472007282658170546e-02 6.030951297223486815e-03 2.275830678197542133e-04
1.470000000000000000e+03 5.880024498419187395e-01 8.648156577150659663e-01 8.204369594902138907e-02 4.506144742831133532e-02 8.079198907601274626e-03 0.000000000000000000e+00
1.500000000000000000e+03 6.000024998386928043e-01 8.637915339098770628e-01 8.067819754210286964e-02 4.688211197086936816e-02 8.648156577150659455e-03 0.000000000000000000e+00
1.530000000000000000e+03 6.120025498354664251e-01 8.658397815202548697e-01 8.306781975421029252e-02 4.426490669094219205e-02 6.599908966772872511e-03 2.275830678197542133e-04
1.560000000000000000e+03 6.240025998322400458e-01 8.691397360036413611e-01 7.976786527082385669e-02 4.369594902139280895e-02 7.282658170232134826e-03 1.137915339098771066e-04
1.590000000000000000e+03 6.360026498290141106e-01 8.720983158852981809e-01 7.578516158397814728e-02 4.187528447883477611e-02 1.001365498406918582e-02 2.275830678197542133e-04
1.620000000000000000e+03 6.480026998257877313e-01 8.727810650887574129e-01 7.692307692307692735e-02 4.289940828402366568e-02 7.168866636322257339e-03 2.275830678197542133e-04
1.650000000000000000e+03 6.600027498225617961e-01 8.711879836140191680e-01 8.056440600819299303e-02 4.039599453800637313e-02 7.624032771961766417e-03 2.275830678197542133e-04
1.680000000000000000e+03 6.720027998193356389e-01 8.682294037323623481e-01 8.079198907601274626e-02 4.142011834319526964e-02 9.217114246700046018e-03 3.413746017296313199e-04
1.710000000000000000e+03 6.840028498161094817e-01 8.768775603095130267e-01 7.601274465179790052e-02 4.028220300409649651e-02 6.258534365043240920e-03 5.689576695493854790e-04
1.740000000000000000e+03 6.960028998128835465e-01 8.734638142922166448e-01 7.658170232134729749e-02 4.221665908056440597e-02 7.510241238051888930e-03 2.275830678197542133e-04
1.770000000000000000e+03 7.080029498096571672e-01 8.774465179790623681e-01 7.532999544833864081e-02 3.914428766499772339e-02 7.851615839781519654e-03 2.275830678197542133e-04
1.800000000000000000e+03 7.200029998064310099e-01 8.775603095129722586e-01 7.453345471096950448e-02 3.857532999544834029e-02 8.989531178880291046e-03 3.413746017296313199e-04
1.830000000000000000e+03 7.320030498032048527e-01 8.741465634956758768e-01 7.919890760127445972e-02 3.971324533454710648e-02 6.713700500682749130e-03 2.275830678197542133e-04
1.860000000000000000e+03 7.440030997999789175e-01 8.755120619025944517e-01 7.385070550751024476e-02 3.971324533454710648e-02 1.069640418752844727e-02 2.275830678197542133e-04
1.890000000000000000e+03 7.560031497967525382e-01 8.793809740555302845e-01 7.134729176149294527e-02 3.959945380063722986e-02 9.217114246700046018e-03 4.551661356395084266e-04
1.920000000000000000e+03 7.680031997935263810e-01 8.871187983614019501e-01 6.759217114246700298e-02 3.675466545289030745e-02 8.192990441511151245e-03 3.413746017296313199e-04
1.950000000000000000e+03 7.800032497903004458e-01 8.862084660901229372e-01 6.497496586253982687e-02 3.720983158852981393e-02 1.103777878925807886e-02 5.689576695493854790e-04
1.980000000000000000e+03 7.920032997870742886e-01 8.928083750568958088e-01 6.156121984524351443e-02 3.550295857988165771e-02 9.558488848429677609e-03 5.689576695493854790e-04
2.010000000000000000e+03 8.040033497838481313e-01 8.905325443786982209e-01 6.292671825216203385e-02 3.413746017296313134e-02 1.206190259444697363e-02 3.413746017296313199e-04
2.040000000000000000e+03 8.160033997806217521e-01 8.876877560309512916e-01 6.520254893035958010e-02 3.629949931725079404e-02 1.012744651797906244e-02 6.827492034592626399e-04
2.070000000000000000e+03 8.280034497773958169e-01 8.897360036413290985e-01 6.315430131998178709e-02 3.686845698680018407e-02 9.786071916249430847e-03 4.551661356395084266e-04
2.100000000000000000e+03 8.400034997741696596e-01 8.945152480655439442e-01 6.008192990441511144e-02 3.573054164770141095e-02 8.989531178880291046e-03 6.827492034592626399e-04
2.130000000000000000e+03 8.520035497709435024e-01 9.006599908966772539e-01 5.461993627674101293e-02 3.436504324078288458e-02 8.989531178880291046e-03 1.365498406918525280e-03
2.160000000000000000e+03 8.640035997677171231e-01 8.998634501593081314e-01 5.279927173418298009e-02 3.482020937642239106e-02 1.228948566226672687e-02 2.275830678197542133e-04
2.190000000000000000e+03 8.760036497644911879e-01 9.015703231679562668e-01 5.188893946290396020e-02 3.390987710514337811e-02 1.228948566226672687e-02 3.413746017296313199e-04
2.220000000000000000e+03 8.880036997612652527e-01 8.984979517523896675e-01 5.575785161583977911e-02 3.368229403732362487e-02 1.137915339098771045e-02 6.827492034592626399e-04
2.250000000000000000e+03 9.000037497580388735e-01 9.028220300409649512e-01 5.553026854802002588e-02 2.867546654528902936e-02 1.251706873008648184e-02 4.551661356395084266e-04
2.280000000000000000e+03 9.120037997548124942e-01 9.003186162949476934e-01 5.746472462448793533e-02 3.265817023213472836e-02 8.875739644970414427e-03 6.827492034592626399e-04
2.310000000000000000e+03 9.240038497515865590e-01 8.979289940828402150e-01 5.757851615839781195e-02 3.595812471552116418e-02 7.851615839781519654e-03 6.827492034592626399e-04
2.340000000000000000e+03 9.360038997483606238e-01 8.982703686845698865e-01 5.632680928538916915e-02 3.607191624943104080e-02 8.192990441511151245e-03 1.137915339098770958e-03
2.370000000000000000e+03 9.480039497451342445e-01 8.997496586253982409e-01 5.609922621756941591e-02 3.777878925807919702e-02 5.689576695493855224e-03 6.827492034592626399e-04
2.400000000000000000e+03 9.600039997419078652e-01 8.970186618115612021e-01 5.302685480200273332e-02 4.312699135184342586e-02 6.144742831133363434e-03 6.827492034592626399e-04
2.430000000000000000e+03 9.720040497386819300e-01 8.981565771506599960e-01 5.336822940373236318e-02 4.130632680928538608e-02 6.486117432862995025e-03 6.827492034592626399e-04
2.460000000000000000e+03 9.840040997354559948e-01 9.047564861174328676e-01 5.040964952207555722e-02 3.937187073281747662e-02 5.234410559854347014e-03 2.275830678197542133e-04
2.490000000000000000e+03 9.960041497322296156e-01 9.047564861174328676e-01 5.040964952207555722e-02 3.959945380063722986e-02 4.437869822485207214e-03 7.965407373691396923e-04
