# size duration
1.250000000000000000e-01 1.504371643883173348e-02
2.500000000000000000e-01 3.257694695324531153e-02
1.250000000000000000e-01 1.380028169800029403e-02
2.500000000000000000e-01 4.054982349576530254e-02
1.250000000000000000e-01 1.352489497809283847e-02
1.250000000000000000e-01 1.620137458533665864e-02
2.500000000000000000e-01 2.810793605682304630e-02
2.500000000000000000e-01 2.983689564817160189e-02
2.500000000000000000e-01 4.153381186523175117e-02
2.500000000000000000e-01 3.837336910068156470e-02
2.500000000000000000e-01 3.945367742274807910e-02
2.500000000000000000e-01 2.862423749735221179e-02
1.250000000000000000e-01 1.486051290320178353e-02
2.500000000000000000e-01 3.354405982535668684e-02
2.500000000000000000e-01 3.432402531774592092e-02
2.500000000000000000e-01 3.267863542226567830e-02
3.750000000000000000e-01 5.219329435562869435e-02
2.500000000000000000e-01 3.992032907798037655e-02
1.250000000000000000e-01 1.452399203540011285e-02
3.750000000000000000e-01 6.334956614526721097e-02
2.500000000000000000e-01 3.404672356491289520e-02
3.750000000000000000e-01 8.089765043297170166e-02
2.500000000000000000e-01 3.538315279508363886e-02
3.750000000000000000e-01 7.056187629218690915e-02
1.250000000000000000e-01 1.526436903331251926e-02
5.000000000000000000e-01 1.213916260849847717e-01
5.000000000000000000e-01 1.401967708610420971e-01
3.750000000000000000e-01 7.837790884094530952e-02
5.625000000000000000e+00 2.989772742904940106e+00
6.250000000000000000e-01 2.124406787534032226e-01
7.500000000000000000e-01 2.413342630821997403e-01
6.250000000000000000e-01 1.007184723466640897e-01
5.000000000000000000e-01 8.243762445235436331e-02
2.500000000000000000e-01 3.388754063584142884e-02
7.500000000000000000e-01 1.969845782818917534e-01
3.750000000000000000e-01 5.118710597108000471e-02
3.750000000000000000e-01 5.404333025479601815e-02
1.250000000000000000e-01 1.362051249976925504e-02
2.500000000000000000e-01 3.423130767176063571e-02
3.750000000000000000e-01 7.398346116771570280e-02
3.750000000000000000e-01 6.572990104643539055e-02
2.500000000000000000e-01 3.456974169874671432e-02
2.500000000000000000e-01 4.623833135674493278e-02
3.750000000000000000e-01 7.510426025960059704e-02
2.500000000000000000e-01 3.363970069311905675e-02
1.250000000000000000e-01 1.472716686870922942e-02
3.750000000000000000e-01 6.092653578812301518e-02
5.000000000000000000e-01 1.074303604701127846e-01
3.750000000000000000e-01 6.203689402008771836e-02
1.250000000000000000e-01 1.601756890416705659e-02
5.000000000000000000e-01 1.241753468724633436e-01
3.750000000000000000e-01 5.135044541850453115e-02
2.500000000000000000e-01 4.923924255190526011e-02
2.500000000000000000e-01 4.955748157068784465e-02
2.500000000000000000e-01 4.734389779418890498e-02
3.750000000000000000e-01 7.347127215548754364e-02
3.750000000000000000e-01 5.831205369346914580e-02
3.750000000000000000e-01 6.364121155153767972e-02
1.250000000000000000e-01 1.347138515641876921e-02
3.750000000000000000e-01 6.525129994965794822e-02
5.000000000000000000e-01 1.246592972852984538e-01
5.000000000000000000e-01 9.295610733851678020e-02
1.250000000000000000e-01 1.651509690315622336e-02
5.000000000000000000e-01 1.332145850382939756e-01
5.000000000000000000e-01 1.253925837934071197e-01
2.500000000000000000e-01 4.259598192543645467e-02
5.000000000000000000e-01 1.614522648454146392e-01
3.750000000000000000e-01 1.069644531581754876e-01
3.750000000000000000e-01 8.268298578575716817e-02
4.375000000000000000e+00 2.069903647230452393e+00
2.750000000000000000e+00 9.731140472812882525e-01
1.250000000000000000e-01 1.409352360958915362e-02
2.500000000000000000e-01 3.964203853552494827e-02
2.500000000000000000e-01 3.842783619718215249e-02
1.250000000000000000e-01 1.753156338099248757e-02
1.250000000000000000e-01 1.356481524791020021e-02
2.500000000000000000e-01 3.587637740563076605e-02
2.500000000000000000e-01 3.336862417693731153e-02
2.500000000000000000e-01 3.316931671342659982e-02
3.750000000000000000e-01 5.260256266980833928e-02
1.250000000000000000e-01 1.382383115390828365e-02
2.500000000000000000e-01 2.731635180226854587e-02
1.250000000000000000e-01 1.346184917113513180e-02
2.500000000000000000e-01 5.632376032230634877e-02
2.500000000000000000e-01 4.356654020543659911e-02
2.500000000000000000e-01 3.348672606402613994e-02
2.500000000000000000e-01 3.163682335031037240e-02
2.500000000000000000e-01 4.563273970683212610e-02
2.500000000000000000e-01 3.587627752830790939e-02
1.250000000000000000e-01 1.623471188870384552e-02
3.750000000000000000e-01 8.556789976537615416e-02
2.500000000000000000e-01 3.343859145820671230e-02
2.500000000000000000e-01 3.945791426520228740e-02
1.250000000000000000e-01 1.664400369519070111e-02
2.500000000000000000e-01 3.328043875725228418e-02
3.750000000000000000e-01 4.724232546468964955e-02
2.500000000000000000e-01 3.181991354237734271e-02
2.500000000000000000e-01 3.623128790884244665e-02
2.500000000000000000e-01 3.750592075922831725e-02
1.250000000000000000e-01 1.390913974362728567e-02
2.500000000000000000e-01 3.176289191913550525e-02
1.250000000000000000e-01 1.544034715603537222e-02
3.750000000000000000e-01 6.496213331145828107e-02
3.750000000000000000e-01 7.646263893072013929e-02
2.500000000000000000e-01 3.155241478826376067e-02
3.750000000000000000e-01 6.639061340059271288e-02
2.500000000000000000e-01 3.851824687041549566e-02
3.750000000000000000e-01 7.579445033282627975e-02
2.500000000000000000e-01 3.829455747611199001e-02
3.750000000000000000e-01 5.996604746316247514e-02
2.500000000000000000e-01 3.413776215872132980e-02
3.750000000000000000e-01 7.061089465320691261e-02
3.750000000000000000e-01 6.014919667953577687e-02
3.750000000000000000e-01 4.584586626615294591e-02
2.500000000000000000e-01 3.193411380023736257e-02
3.750000000000000000e-01 5.188336723843089970e-02
3.750000000000000000e-01 1.077145391060945201e-01
3.750000000000000000e-01 9.694428890505246699e-02
2.500000000000000000e-01 4.441865021289181925e-02
2.500000000000000000e-01 3.268294109291769445e-02
5.000000000000000000e-01 6.908882721534581606e-02
2.500000000000000000e-01 3.325416352509691365e-02
3.750000000000000000e-01 5.976045026354537271e-02
5.000000000000000000e-01 1.098587019320165226e-01
6.250000000000000000e-01 1.184516641959767469e-01
3.750000000000000000e-01 6.232579932618609320e-02
5.000000000000000000e+00 2.037070443125467811e+00
5.000000000000000000e-01 9.249783761872398813e-02
5.000000000000000000e-01 1.429319918247551335e-01
3.750000000000000000e-01 4.851005257297780204e-02
2.250000000000000000e+00 4.657912068604650457e-01
5.000000000000000000e-01 8.708617408880403588e-02
6.250000000000000000e-01 1.460112488212597093e-01
6.250000000000000000e-01 1.900262186324845892e-01
5.000000000000000000e-01 7.968886861484847373e-02
7.500000000000000000e-01 1.565844427766163172e-01
6.250000000000000000e-01 9.703523712838402204e-02
6.250000000000000000e-01 1.614779690840899562e-01
5.000000000000000000e-01 9.009541715862434685e-02
6.250000000000000000e-01 1.570346557858330883e-01
2.500000000000000000e-01 4.300497741239261984e-02
3.750000000000000000e-01 7.922895860748058183e-02
3.750000000000000000e-01 1.118751360452181487e-01
3.750000000000000000e-01 9.984902698355568873e-02
2.500000000000000000e-01 5.160934240661152472e-02
3.750000000000000000e-01 6.195443785160215100e-02
1.250000000000000000e-01 1.508199107557528507e-02
1.250000000000000000e-01 1.531410064028282392e-02
3.750000000000000000e-01 6.948502014676138927e-02
7.500000000000000000e-01 1.731202379669096736e-01
1.250000000000000000e-01 1.553190128594916786e-02
2.500000000000000000e-01 3.126542062387693832e-02
1.250000000000000000e-01 1.405679268579573815e-02
5.000000000000000000e-01 1.043281448800517097e-01
1.625000000000000000e+00 5.521537852502258481e-01
5.000000000000000000e-01 1.757934926437383361e-01
3.750000000000000000e-01 7.601669107153741223e-02
3.750000000000000000e-01 7.222082739270163643e-02
2.500000000000000000e-01 3.125676734717774963e-02
5.000000000000000000e-01 1.075686055104820849e-01
4.500000000000000000e+00 3.115175385268828645e+00
3.750000000000000000e-01 6.497773033068376947e-02
1.250000000000000000e-01 1.454807633205623674e-02
2.500000000000000000e-01 4.607535884257552006e-02
2.500000000000000000e-01 5.162121554348675367e-02
1.250000000000000000e-01 1.771954110516116287e-02
2.500000000000000000e-01 4.461449626275593161e-02
2.500000000000000000e-01 3.691980362678659588e-02
1.250000000000000000e-01 1.538081128990120838e-02
2.500000000000000000e-01 2.746387392194038490e-02
2.500000000000000000e-01 4.483770366700046139e-02
3.750000000000000000e-01 7.747939940315995422e-02
2.500000000000000000e-01 3.055188713189882499e-02
2.500000000000000000e-01 3.452043585363262501e-02
2.500000000000000000e-01 3.736579164477871196e-02
2.500000000000000000e-01 4.362032898278767057e-02
2.500000000000000000e-01 3.550928457401769656e-02
3.750000000000000000e-01 7.778407759591243753e-02
3.750000000000000000e-01 9.289496684727072129e-02
3.750000000000000000e-01 7.057149213914803987e-02
3.750000000000000000e-01 8.716266025407848339e-02
2.500000000000000000e-01 5.805514208172568580e-02
3.750000000000000000e-01 6.733273286200414098e-02
2.500000000000000000e-01 4.806187868282107978e-02
2.500000000000000000e-01 5.540195891527210925e-02
2.500000000000000000e-01 3.858755010196346369e-02
2.500000000000000000e-01 4.426412249083511163e-02
2.500000000000000000e-01 4.875645493687641441e-02
2.500000000000000000e-01 4.116625134847318179e-02
2.500000000000000000e-01 4.802000820981366935e-02
3.750000000000000000e-01 6.751256318822718150e-02
3.750000000000000000e-01 5.509766554206874112e-02
1.250000000000000000e-01 1.634864670995983538e-02
1.250000000000000000e-01 1.703145876254064106e-02
2.500000000000000000e-01 2.948599173507204796e-02
3.750000000000000000e-01 6.030406714629554799e-02
2.500000000000000000e-01 5.607812559956704135e-02
2.500000000000000000e-01 4.221101846313235484e-02
2.500000000000000000e-01 4.140706373364544390e-02
1.250000000000000000e-01 1.429551770426051860e-02
1.250000000000000000e-01 1.852284836393014444e-02
1.250000000000000000e-01 1.411029505867356093e-02
2.500000000000000000e-01 4.331977825935284798e-02
2.500000000000000000e-01 3.579038883803686844e-02
2.500000000000000000e-01 3.610725695817551539e-02
2.500000000000000000e-01 4.573220042940828733e-02
2.500000000000000000e-01 5.975279734689653566e-02
2.500000000000000000e-01 5.817023272105226184e-02
2.500000000000000000e-01 5.919648607267324891e-02
2.500000000000000000e-01 4.744134825917134535e-02
3.750000000000000000e-01 5.829503975704852792e-02
2.500000000000000000e-01 3.672413290697340571e-02
2.500000000000000000e-01 4.897383519693088161e-02
2.500000000000000000e-01 4.798812140965447171e-02
2.500000000000000000e-01 3.723360400907260725e-02
3.750000000000000000e-01 7.898870074356256765e-02
1.250000000000000000e-01 1.700266192008026422e-02
1.250000000000000000e-01 1.361694737983087933e-02
3.750000000000000000e-01 8.069422831836403631e-02
3.750000000000000000e-01 9.074444871918352362e-02
3.750000000000000000e-01 9.441862982244053626e-02
3.750000000000000000e-01 8.573482942883758895e-02
2.500000000000000000e-01 4.704211313604655942e-02
3.750000000000000000e-01 5.691422380746535836e-02
1.250000000000000000e-01 1.564426510417815663e-02
2.500000000000000000e-01 4.094090082243928563e-02
2.500000000000000000e-01 4.053247316319552596e-02
1.250000000000000000e-01 1.373238659630438008e-02
2.500000000000000000e-01 2.975600833928027100e-02
3.750000000000000000e-01 6.457298538389188991e-02
2.500000000000000000e-01 5.390414702308188311e-02
2.500000000000000000e-01 5.166720184021844631e-02
2.500000000000000000e-01 4.323046571041277986e-02
2.500000000000000000e-01 4.857251338836565679e-02
2.500000000000000000e-01 4.855566131258948204e-02
2.500000000000000000e-01 3.576131525675130263e-02
3.750000000000000000e-01 8.330007235855418912e-02
2.500000000000000000e-01 3.256779501104833940e-02
2.500000000000000000e-01 4.008168344137796879e-02
2.500000000000000000e-01 3.245506371992323835e-02
3.750000000000000000e-01 8.856470896820578531e-02
3.750000000000000000e-01 7.807698717276867484e-02
3.750000000000000000e-01 1.033510194386071390e-01
3.750000000000000000e-01 6.685910567037289809e-02
3.750000000000000000e-01 9.424162905680155689e-02
2.500000000000000000e-01 5.485527265493672644e-02
3.750000000000000000e-01 7.648156788662596739e-02
3.750000000000000000e-01 9.457553421247855141e-02
3.750000000000000000e-01 7.648711135190477961e-02
2.500000000000000000e-01 2.955097785809268629e-02
2.500000000000000000e-01 3.101752465043450258e-02
2.500000000000000000e-01 2.777924533563780329e-02
3.750000000000000000e-01 4.812260012193281256e-02
2.500000000000000000e-01 4.562448536503360685e-02
2.500000000000000000e-01 3.369971881997901875e-02
2.500000000000000000e-01 2.979368750237743058e-02
5.000000000000000000e-01 8.083923906101642132e-02
1.250000000000000000e-01 1.658044119605950328e-02
3.750000000000000000e-01 7.783144898338889561e-02
2.500000000000000000e-01 2.966315620887893800e-02
2.500000000000000000e-01 2.915194055221004277e-02
1.250000000000000000e-01 1.350254900876457498e-02
5.000000000000000000e-01 1.327189245351689806e-01
3.750000000000000000e-01 7.151109357348772733e-02
2.500000000000000000e-01 4.889511422210546243e-02
2.500000000000000000e-01 4.573840380921012638e-02
3.750000000000000000e-01 8.650569920039075100e-02
5.000000000000000000e-01 9.236138172183849804e-02
6.250000000000000000e-01 1.579518520227614076e-01
3.750000000000000000e-01 7.984601378272948580e-02
5.000000000000000000e-01 9.471635078315721046e-02
2.500000000000000000e-01 3.279717955000904794e-02
2.375000000000000000e+00 6.292759290510749892e-01
6.250000000000000000e-01 1.787277669459639284e-01
2.875000000000000000e+00 1.210395469753402509e+00
1.750000000000000000e+00 5.817754707544176007e-01
7.500000000000000000e-01 3.393362382320139758e-01
6.250000000000000000e-01 1.983029634367139415e-01
6.250000000000000000e-01 2.601001040716361956e-01
6.250000000000000000e-01 2.362911883290172987e-01
3.750000000000000000e-01 9.851444379820639696e-02
3.750000000000000000e-01 1.218882571565034212e-01
5.000000000000000000e-01 1.772853423041431675e-01
5.000000000000000000e-01 2.037252513871599113e-01
5.000000000000000000e-01 1.306188208879786039e-01
6.250000000000000000e-01 2.246965296230443165e-01
6.250000000000000000e-01 2.525372673516002031e-01
6.250000000000000000e-01 1.408282213762346302e-01
3.750000000000000000e-01 6.392337816596915800e-02
5.000000000000000000e-01 1.081622553493830630e-01
3.750000000000000000e-01 8.722069084934158667e-02
5.000000000000000000e-01 1.552909245183262676e-01
6.250000000000000000e-01 1.708572142985658182e-01
5.000000000000000000e-01 8.027269313207430201e-02
3.750000000000000000e-01 6.016346954113505063e-02
5.000000000000000000e-01 9.052582789816199238e-02
1.750000000000000000e+00 4.978410229569281142e-01
5.000000000000000000e-01 9.752363035025291005e-02
3.750000000000000000e-01 6.414509374203136716e-02
3.750000000000000000e-01 5.731669769701563943e-02
2.500000000000000000e-01 4.567725126139365877e-02
3.750000000000000000e-01 6.190400047044919418e-02
5.000000000000000000e-01 1.639585863925396847e-01
3.750000000000000000e-01 8.893031499542281004e-02
5.000000000000000000e-01 1.230803578842016854e-01
3.750000000000000000e-01 6.109010649426660500e-02
3.750000000000000000e-01 7.378669750482247380e-02
