# itime ezz other fcc hcp bcc ico
0.000000000000000000e+00 0.000000000000000000e+00 1.365498406918525280e-03 9.986345015930814251e-01 0.000000000000000000e+00 0.000000000000000000e+00 0.000000000000000000e+00
2.500000000000000000e+03 1.000002074122119389e-02 2.617205279927173507e-03 9.973827947200728516e-01 0.000000000000000000e+00 0.000000000000000000e+00 0.000000000000000000e+00
5.000000000000000000e+03 2.000004148244238777e-02 1.479289940828402332e-03 9.985207100591716456e-01 0.000000000000000000e+00 0.000000000000000000e+00 0.000000000000000000e+00
7.500000000000000000e+03 3.000006222366358166e-02 4.893035958124715423e-03 9.949931725079653733e-01 0.000000000000000000e+00 1.137915339098771066e-04 0.000000000000000000e+00
1.000000000000000000e+04 4.000008296488499759e-02 7.510241238051888930e-03 9.923759672280382249e-01 0.000000000000000000e+00 1.137915339098771066e-04 0.000000000000000000e+00
1.250000000000000000e+04 5.000010370610619148e-02 1.524806554392353283e-02 9.839553937187073274e-01 0.000000000000000000e+00 7.965407373691396923e-04 0.000000000000000000e+00
1.500000000000000000e+04 6.000012444732738537e-02 3.550295857988165771e-02 9.634729176149294805e-01 0.000000000000000000e+00 1.024123805188893906e-03 0.000000000000000000e+00
1.750000000000000000e+04 7.000014518854857926e-02 5.120619025944470049e-02 9.466317705962676854e-01 0.000000000000000000e+00 2.162039144287664864e-03 0.000000000000000000e+00
2.000000000000000000e+04 8.000016592976977314e-02 1.227810650887573990e-01 8.561675011379152878e-01 0.000000000000000000e+00 2.105143377332726468e-02 0.000000000000000000e+00
2.250000000000000000e+04 9.000018667099096703e-02 1.656804733727810786e-01 6.219845243513882904e-01 1.779699590350477811e-01 3.436504324078288458e-02 0.000000000000000000e+00
2.500000000000000000e+04 1.000002074122123830e-01 1.536185707783340945e-02 8.350022758306782089e-01 1.490669094219390090e-01 5.689576695493854790e-04 0.000000000000000000e+00
2.750000000000000000e+04 1.100002281534335768e-01 2.412380518889394726e-02 8.270368684569867623e-01 1.484979517523896120e-01 3.413746017296313199e-04 0.000000000000000000e+00
3.000000000000000000e+04 1.200002488946547707e-01 4.198907601274465273e-02 8.087164314974966128e-01 1.470186618115612298e-01 2.275830678197541916e-03 0.000000000000000000e+00
3.250000000000000000e+04 1.300002696358759646e-01 9.000910332271279402e-02 7.550068274920346267e-01 1.458807464724624359e-01 9.103322712790167665e-03 0.000000000000000000e+00
3.500000000000000000e+04 1.400002903770971585e-01 4.210286754665452935e-02 5.013654984069185749e-01 4.530040964952207760e-01 3.527537551206190360e-03 0.000000000000000000e+00
3.750000000000000000e+04 1.500003111183183524e-01 3.231679563040509851e-02 5.144515248065544277e-01 4.510696404187528596e-01 2.162039144287664864e-03 0.000000000000000000e+00
4.000000000000000000e+04 1.600003318595397683e-01 4.472007282658170546e-02 5.032999544833864913e-01 4.489076012744651623e-01 3.072371415566681717e-03 0.000000000000000000e+00
4.250000000000000000e+04 1.700003526007609622e-01 1.084433318161128756e-01 4.490213928083750528e-01 4.267182521620391245e-01 1.581702321347291593e-02 0.000000000000000000e+00
4.500000000000000000e+04 1.800003733419821561e-01 1.997041420118343125e-01 2.697997269003186149e-01 4.523213472917614886e-01 7.817478379608557015e-02 0.000000000000000000e+00
4.750000000000000000e+04 1.900003940832033500e-01 2.717341829767865313e-01 1.886663632225762388e-01 4.368456986800182129e-01 1.027537551206190308e-01 0.000000000000000000e+00
5.000000000000000000e+04 2.000004148244245439e-01 2.853891670459717811e-01 1.808147473827947105e-01 4.544833864360491305e-01 7.931269913518433634e-02 0.000000000000000000e+00
5.250000000000000000e+04 2.100004355656457378e-01 2.716203914428766408e-01 7.191624943104232837e-02 4.316112881201638607e-01 2.248520710059171701e-01 0.000000000000000000e+00
5.500000000000000000e+04 2.200004563068671537e-01 2.231451979972690070e-01 9.137460172963131344e-02 5.393718707328174489e-01 1.461083295402822169e-01 0.000000000000000000e+00
5.750000000000000000e+04 2.300004770480883476e-01 1.754665452890304955e-01 1.032089212562585373e-01 6.231224396904869733e-01 9.820209376422393832e-02 0.000000000000000000e+00
6.000000000000000000e+04 2.400004977893095415e-01 1.445152480655439164e-01 1.038916704597177970e-01 6.907146108329540457e-01 6.087847064178425471e-02 0.000000000000000000e+00
6.250000000000000000e+04 2.500005185305307354e-01 1.445152480655439164e-01 1.062812926718252199e-01 7.088074647246245252e-01 4.039599453800637313e-02 0.000000000000000000e+00
6.500000000000000000e+04 2.600005392717519292e-01 1.441738734638143005e-01 1.050295857988165632e-01 7.212107419208011461e-01 2.958579881656804578e-02 0.000000000000000000e+00
6.750000000000000000e+04 2.700005600129731231e-01 1.426945835229858905e-01 1.037778789258079204e-01 7.279244424214837972e-01 2.560309512972235024e-02 0.000000000000000000e+00
7.000000000000000000e+04 2.800005807541945391e-01 1.418980427856167403e-01 1.050295857988165632e-01 7.300864815657714946e-01 2.298588984979517413e-02 0.000000000000000000e+00
7.250000000000000000e+04 2.900006014954157330e-01 1.475876194811105990e-01 1.052571688666363164e-01 7.299726900318616041e-01 1.718252162039144229e-02 0.000000000000000000e+00
7.500000000000000000e+04 3.000006222366369268e-01 1.531634046426945950e-01 1.032089212562585373e-01 7.297451069640418231e-01 1.388256713700500647e-02 0.000000000000000000e+00
7.750000000000000000e+04 3.100006429778581207e-01 1.538461538461538547e-01 1.026399635867091542e-01 7.279244424214837972e-01 1.558944014565316269e-02 0.000000000000000000e+00
8.000000000000000000e+04 3.200006637190793146e-01 1.630632680928539024e-01 9.683659535730541890e-02 7.254210286754665393e-01 1.467910787437414627e-02 0.000000000000000000e+00
8.250000000000000000e+04 3.300006844603005085e-01 1.665908056440600915e-01 9.820209376422393832e-02 7.223486572598998290e-01 1.285844333181611343e-02 0.000000000000000000e+00
8.500000000000000000e+04 3.400007052015219244e-01 1.901456531634046487e-01 9.569868001820663883e-02 6.941283568502503165e-01 2.002730996813837164e-02 0.000000000000000000e+00
8.750000000000000000e+04 3.500007259427431183e-01 2.142694583522985752e-01 9.228493400091032639e-02 6.758079198907601670e-01 1.763768775603095224e-02 0.000000000000000000e+00
9.000000000000000000e+04 3.600007466839643122e-01 2.503413746017296160e-01 8.875739644970413733e-02 6.425807919890760278e-01 1.832043695949021542e-02 0.000000000000000000e+00
9.250000000000000000e+04 3.700007674251855061e-01 2.502275830678197810e-01 8.602639963586708460e-02 6.470186618115612021e-01 1.672735548475193582e-02 0.000000000000000000e+00
9.500000000000000000e+04 3.800007881664069220e-01 2.274692762858443462e-01 1.032089212562585373e-01 6.563495675921711126e-01 1.297223486572599005e-02 0.000000000000000000e+00
9.750000000000000000e+04 3.900008089076278939e-01 2.307692307692307820e-01 9.990896677287210148e-02 6.517979062357760478e-01 1.752389622212107562e-02 0.000000000000000000e+00
1.000000000000000000e+05 4.000008296488490878e-01 2.468138370505234547e-01 9.945380063723259501e-02 6.335912608101956778e-01 2.014110150204824826e-02 0.000000000000000000e+00
1.025000000000000000e+05 4.100008503900705037e-01 2.671825216203914666e-01 9.751934456076467861e-02 6.166363222576239922e-01 1.866181156121984527e-02 0.000000000000000000e+00
1.050000000000000000e+05 4.200008711312919196e-01 2.671825216203914666e-01 1.017296313154301274e-01 6.137915339098770628e-01 1.729631315430131891e-02 0.000000000000000000e+00
1.075000000000000000e+05 4.300008918725128915e-01 2.613791533909877174e-01 1.046882111970869333e-01 6.180018206645425671e-01 1.593081474738279601e-02 0.000000000000000000e+00
1.100000000000000000e+05 4.400009126137340854e-01 2.603550295857988139e-01 1.005917159763313612e-01 6.224396904870277414e-01 1.661356395084205573e-02 0.000000000000000000e+00
1.125000000000000000e+05 4.500009333549552792e-01 2.543240782885753393e-01 1.026399635867091542e-01 6.247155211652253293e-01 1.832043695949021542e-02 0.000000000000000000e+00
1.150000000000000000e+05 4.600009540961766952e-01 2.633136094674556338e-01 1.046882111970869333e-01 6.176604460628128956e-01 1.433773327264451468e-02 0.000000000000000000e+00
1.175000000000000000e+05 4.700009748373978891e-01 2.521620391442876419e-01 1.065088757396449731e-01 6.266499772416932457e-01 1.456531634046426965e-02 1.137915339098771066e-04
1.200000000000000000e+05 4.800009955786188609e-01 2.588757396449704040e-01 1.002503413746017313e-01 6.269913518434228061e-01 1.388256713700500647e-02 0.000000000000000000e+00
1.225000000000000000e+05 4.900010163198402768e-01 2.713928083750569153e-01 1.015020482476103741e-01 6.120846609012289274e-01 1.502048247610377786e-02 0.000000000000000000e+00
1.250000000000000000e+05 5.000010370610616928e-01 2.833409194355939742e-01 9.740555302685480199e-02 6.041192535275375919e-01 1.513427401001365448e-02 0.000000000000000000e+00
1.275000000000000000e+05 5.100010578022826646e-01 2.773099681383704995e-01 9.956759217114247162e-02 6.021847974510696755e-01 2.093764223941738806e-02 0.000000000000000000e+00
1.300000000000000000e+05 5.200010785435038585e-01 2.779927173418297870e-01 9.877105143377332142e-02 6.000227583067819781e-01 2.321347291761493084e-02 0.000000000000000000e+00
1.325000000000000000e+05 5.300010992847252744e-01 2.872098315885298070e-01 9.626763768775603580e-02 5.844333181611288675e-01 3.208921256258534527e-02 0.000000000000000000e+00
1.350000000000000000e+05 5.400011200259466904e-01 3.136094674556212936e-01 9.547109695038688559e-02 5.621301775147928836e-01 2.878925807919890598e-02 0.000000000000000000e+00
1.375000000000000000e+05 5.500011407671676622e-01 3.220300409649521911e-01 9.194355939918069653e-02 5.467683204369594430e-01 3.925807919890760000e-02 0.000000000000000000e+00
1.400000000000000000e+05 5.600011615083888561e-01 3.541192535275375364e-01 8.864360491579426071e-02 5.147928994082839882e-01 4.233045061447428259e-02 1.137915339098771066e-04
1.425000000000000000e+05 5.700011822496100500e-01 3.543468365953573174e-01 8.352298588984979899e-02 5.223031406463358728e-01 3.982703686845699004e-02 0.000000000000000000e+00
1.450000000000000000e+05 5.800012029908312439e-01 3.774465179790623681e-01 8.227127901684114231e-02 5.138825671370049752e-01 2.639963586709149004e-02 0.000000000000000000e+00
1.475000000000000000e+05 5.900012237320526598e-01 3.924670004551661373e-01 8.136094674556212936e-02 4.951069640418752638e-01 3.095129722348657214e-02 1.137915339098771066e-04
1.500000000000000000e+05 6.000012444732736316e-01 4.119253527537551363e-01 7.737824305871643382e-02 4.839553937187073274e-01 2.662721893491124328e-02 1.137915339098771066e-04
1.525000000000000000e+05 6.100012652144950476e-01 4.163632225762403105e-01 8.045061447428311641e-02 4.817933545744196855e-01 2.139280837505689453e-02 0.000000000000000000e+00
1.550000000000000000e+05 6.200012859557162415e-01 4.171597633136094885e-01 8.557123350022757813e-02 4.770141101502048397e-01 2.014110150204824826e-02 1.137915339098771066e-04
1.575000000000000000e+05 6.300013066969374353e-01 4.070323167956304000e-01 8.807464724624487762e-02 4.890760127446517891e-01 1.581702321347291593e-02 0.000000000000000000e+00
1.600000000000000000e+05 6.400013274381586292e-01 4.048702776513427581e-01 9.228493400091032639e-02 4.825898953117888079e-01 2.025489303595812488e-02 0.000000000000000000e+00
1.625000000000000000e+05 6.500013481793800452e-01 4.032771961766044577e-01 8.614019116977697510e-02 4.948793809740555383e-01 1.570323167956303931e-02 0.000000000000000000e+00
1.650000000000000000e+05 6.600013689206010170e-01 3.931497496586254248e-01 8.784706417842512438e-02 4.990896677287209870e-01 1.991351843422849502e-02 0.000000000000000000e+00
1.675000000000000000e+05 6.700013896618224329e-01 3.946290395994537792e-01 8.511606736458807165e-02 4.955621301775147702e-01 2.469276285844333035e-02 0.000000000000000000e+00
1.700000000000000000e+05 6.800014104030436268e-01 3.941738734638142727e-01 7.988165680473373331e-02 4.957897132453345512e-01 3.004096495220755572e-02 1.137915339098771066e-04
1.725000000000000000e+05 6.900014311442648207e-01 4.220527992717341692e-01 7.669549385525717411e-02 4.680245789713245452e-01 3.322712790168411146e-02 0.000000000000000000e+00
1.750000000000000000e+05 7.000014518854862366e-01 4.342284934000910090e-01 7.555757851615839404e-02 4.623350022758306865e-01 2.787892580791988956e-02 0.000000000000000000e+00
1.775000000000000000e+05 7.100014726267074305e-01 4.425352753755120716e-01 7.362312243969049153e-02 4.604005461993627701e-01 2.344105598543468408e-02 0.000000000000000000e+00
1.800000000000000000e+05 7.200014933679284024e-01 4.456076467910787264e-01 7.601274465179790052e-02 4.525489303595812696e-01 2.571688666363222686e-02 1.137915339098771066e-04
1.825000000000000000e+05 7.300015141091498183e-01 4.642694583522986029e-01 7.328174783796086167e-02 4.368456986800182129e-01 2.560309512972235024e-02 0.000000000000000000e+00
1.850000000000000000e+05 7.400015348503712342e-01 4.802002730996813851e-01 7.043695949021393232e-02 4.187528447883477334e-01 3.038233955393718558e-02 2.275830678197542133e-04
1.875000000000000000e+05 7.500015555915922061e-01 4.978379608557123581e-01 6.440600819299044377e-02 4.017979062357760478e-01 3.561675011379153433e-02 3.413746017296313199e-04
1.900000000000000000e+05 7.600015763328134000e-01 5.176376877560309175e-01 6.440600819299044377e-02 3.804050978607191880e-01 3.755120619025944378e-02 0.000000000000000000e+00
1.925000000000000000e+05 7.700015970740348159e-01 5.130860263996358528e-01 6.497496586253982687e-02 3.768775603095129711e-01 4.506144742831133532e-02 0.000000000000000000e+00
1.950000000000000000e+05 7.800016178152562318e-01 5.209376422394174089e-01 6.360946745562130744e-02 3.730086481565771384e-01 4.233045061447428259e-02 1.137915339098771066e-04
1.975000000000000000e+05 7.900016385564772037e-01 5.108101957214383759e-01 6.895766954938552240e-02 3.797223486572599005e-01 4.039599453800637313e-02 1.137915339098771066e-04
2.000000000000000000e+05 8.000016592976983976e-01 5.229858898497952158e-01 6.247155211652252738e-02 3.700500682749203185e-01 4.403732362312243881e-02 4.551661356395084266e-04
2.025000000000000000e+05 8.100016800389195915e-01 5.259444697314519246e-01 6.440600819299044377e-02 3.636777423759672279e-01 4.551661356395084179e-02 4.551661356395084266e-04
2.050000000000000000e+05 8.200017007801410074e-01 5.405097860719162428e-01 6.235776058261265076e-02 3.458124715521165293e-01 5.097860719162494031e-02 3.413746017296313199e-04
2.075000000000000000e+05 8.300017215213622013e-01 5.463131543013199920e-01 4.893035958124715423e-02 3.668639053254437732e-01 3.777878925807919702e-02 1.137915339098771066e-04
2.100000000000000000e+05 8.400017422625831731e-01 5.347064178425124936e-01 5.700955848884842886e-02 3.772189349112425871e-01 3.083750568957669552e-02 2.275830678197542133e-04
2.125000000000000000e+05 8.500017630038045890e-01 5.375512061902594230e-01 5.587164314974965573e-02 3.772189349112425871e-01 2.924442421483841592e-02 1.137915339098771066e-04
2.150000000000000000e+05 8.600017837450260050e-01 5.347064178425124936e-01 5.917159763313609155e-02 3.748293126991351643e-01 3.129267182521620200e-02 0.000000000000000000e+00
2.175000000000000000e+05 8.700018044862469768e-01 5.364132908511606290e-01 6.065088757396449454e-02 3.720983158852981254e-01 3.072371415566681890e-02 1.137915339098771066e-04
2.200000000000000000e+05 8.800018252274681707e-01 5.467683204369594430e-01 5.996813837050523482e-02 3.664087391898042667e-01 2.685480200273099652e-02 0.000000000000000000e+00
2.225000000000000000e+05 8.900018459686895866e-01 5.557578516158397930e-01 6.099226217569413133e-02 3.590122894856622726e-01 2.401001365498407064e-02 2.275830678197542133e-04
2.250000000000000000e+05 9.000018667099110026e-01 5.698680018206645492e-01 5.723714155666818210e-02 3.468365953573054328e-01 2.583067819754210348e-02 2.275830678197542133e-04
2.275000000000000000e+05 9.100018874511319744e-01 5.714610832954027941e-01 5.996813837050523482e-02 3.416021847974510806e-01 2.651342740100136666e-02 4.551661356395084266e-04
2.300000000000000000e+05 9.200019081923531683e-01 5.703231679563040002e-01 5.644060081929904577e-02 3.511606736458807720e-01 2.196176604460628110e-02 1.137915339098771066e-04
2.325000000000000000e+05 9.300019289335743622e-01 5.736231224396904915e-01 5.655439235320892238e-02 3.446745562130177354e-01 2.480655439235321044e-02 3.413746017296313199e-04
2.350000000000000000e+05 9.400019496747957781e-01 5.969503868912152678e-01 5.461993627674101293e-02 3.270368684569868178e-01 2.116522530723714129e-02 2.275830678197542133e-04
2.375000000000000000e+05 9.500019704160169720e-01 5.982020937642239522e-01 6.235776058261265076e-02 3.103095129722348577e-01 2.878925807919890598e-02 3.413746017296313199e-04
2.400000000000000000e+05 9.600019911572379439e-01 6.197086936731907025e-01 6.042330450614474130e-02 2.950614474283113076e-01 2.435138825671370050e-02 4.551661356395084266e-04
2.425000000000000000e+05 9.700020118984593598e-01 6.364360491579426071e-01 5.871643149749658508e-02 2.773099681383704995e-01 2.696859353664087314e-02 5.689576695493854790e-04
2.450000000000000000e+05 9.800020326396807757e-01 6.253982703686845612e-01 6.121984524351388457e-02 2.895994538006372299e-01 2.344105598543468408e-02 3.413746017296313199e-04
2.475000000000000000e+05 9.900020533809017476e-01 6.375739644970414011e-01 6.076467910787437116e-02 2.793582157487483064e-01 2.196176604460628110e-02 3.413746017296313199e-04
2.500000000000000000e+05 1.000002074122122941e+00 6.495220755575785709e-01 5.928538916704597511e-02 2.624032771961766208e-01 2.844788347746927612e-02 3.413746017296313199e-04
