8.257317966505882401e-03 9.024456999999996148e-03
1.088125324313942745e-02 9.609578245427836604e-03
1.380012318786152763e-02 7.870338296272406942e-03
1.514725387652744379e-02 6.477343195755029363e-03
1.946948638254139899e-02 6.604204999999999277e-03
2.499999999999857545e-02 5.170560000000001995e-03
2.893546735972093650e-02 6.729263503877668841e-03
3.594430413848540701e-02 5.574738999999997828e-03
4.361421751481204395e-02 5.551764352795874810e-03
5.864735637477386937e-02 4.946236082809230515e-03
6.832933557411438596e-02 5.005120428417080512e-03
8.487000285142197453e-02 4.773212000000001502e-03
1.111609328856134754e-01 4.754866000000001688e-03
1.345299999999980400e-01 4.842026999999997881e-03
1.637833156948526603e-01 4.757145000000000817e-03
2.008845916166797640e-01 4.638115999275133940e-03
2.485197819088071081e-01 4.407416999999998544e-03
2.997528593041261513e-01 4.074432956992299001e-03
3.766026671440294571e-01 3.874179000000000598e-03
4.622026816235471069e-01 3.639039000000000596e-03
5.631967427037128937e-01 3.541061999806694328e-03
7.062606964853693770e-01 3.421812000000001939e-03
8.636278042368873420e-01 3.470956999802793375e-03
1.066530633831020092e+00 3.509753000000000005e-03
1.313459782198526327e+00 3.484212000000000420e-03
1.622168881426654385e+00 3.387476000000000809e-03
1.995703650971255350e+00 3.255849999999999370e-03
2.460384907855678982e+00 3.267796995578058691e-03
3.030041875999241352e+00 3.187146999999999116e-03
3.711290441269855744e+00 3.079746999999999867e-03
4.571190619907320674e+00 3.003927496476236410e-03
5.504506926374054920e+00 2.839396000000000975e-03
