# freq power
0.000000000000000000e+00 2.498228809602449106e-26
1.000000000000000000e+00 2.603035606888739858e+05
2.000000000000000000e+00 1.872997934083970904e+05
3.000000000000000000e+00 1.436970322265220166e+05
4.000000000000000000e+00 1.055878892003921210e+05
5.000000000000000000e+00 7.300995729655107425e+04
6.000000000000000000e+00 4.010425545497234270e+04
7.000000000000000000e+00 3.697328511518645973e+04
8.000000000000000000e+00 2.679722586730088733e+04
9.000000000000000000e+00 2.345788979330955772e+04
1.000000000000000000e+01 2.120260600364248603e+04
1.100000000000000000e+01 2.157089841341345891e+04
1.200000000000000000e+01 1.426704914175667545e+04
1.300000000000000000e+01 1.431366549020634193e+04
1.400000000000000000e+01 1.021155730301750918e+04
1.500000000000000000e+01 1.054088782602661195e+04
1.600000000000000000e+01 8.976828090493023410e+03
1.700000000000000000e+01 7.571181598382426273e+03
1.800000000000000000e+01 6.733070929184679699e+03
1.900000000000000000e+01 4.651177926932833543e+03
2.000000000000000000e+01 5.270014913751889253e+03
2.100000000000000000e+01 4.597305069283468583e+03
2.200000000000000000e+01 4.963953155972870263e+03
2.300000000000000000e+01 1.944061070156735241e+03
2.400000000000000000e+01 2.345925638212087051e+03
2.500000000000000000e+01 3.219249233638527585e+03
2.600000000000000000e+01 2.839808736522301388e+03
2.700000000000000000e+01 2.060262251111285877e+03
2.800000000000000000e+01 3.070524471682238527e+03
2.900000000000000000e+01 3.453501115649936764e+03
3.000000000000000000e+01 2.572732397344402216e+03
3.100000000000000000e+01 2.366007542318545347e+03
3.200000000000000000e+01 2.110210760367262992e+03
3.300000000000000000e+01 2.308109465569884378e+03
3.400000000000000000e+01 1.760504805320513469e+03
3.500000000000000000e+01 1.664745381238282789e+03
3.600000000000000000e+01 2.030612895085517039e+03
3.700000000000000000e+01 1.512168042427771752e+03
3.800000000000000000e+01 1.355542118162372390e+03
3.900000000000000000e+01 1.762118353658042224e+03
4.000000000000000000e+01 1.401240535932938883e+03
4.100000000000000000e+01 1.122254115281955592e+03
4.200000000000000000e+01 1.306968136008079000e+03
4.300000000000000000e+01 1.096951794398532684e+03
4.400000000000000000e+01 1.019259469329259900e+03
4.500000000000000000e+01 9.616310541341399585e+02
4.600000000000000000e+01 8.108697696519949432e+02
4.700000000000000000e+01 9.523873137561898830e+02
4.800000000000000000e+01 8.498528198262441720e+02
4.900000000000000000e+01 8.386980803364177746e+02
5.000000000000000000e+01 9.623612491910344033e+02
5.100000000000000000e+01 6.961548553378546558e+02
5.200000000000000000e+01 9.032393529634273364e+02
5.300000000000000000e+01 7.216822501767210269e+02
5.400000000000000000e+01 8.654096125477606165e+02
5.500000000000000000e+01 6.473423813154039408e+02
5.600000000000000000e+01 5.754398596762495117e+02
5.700000000000000000e+01 1.002154730007964872e+03
5.800000000000000000e+01 6.871105337367065431e+02
5.900000000000000000e+01 4.676241273359775619e+02
6.000000000000000000e+01 8.982804558417016096e+02
6.100000000000000000e+01 3.582057723577956949e+02
6.200000000000000000e+01 5.140442536713630943e+02
6.300000000000000000e+01 5.363346105711218570e+02
6.400000000000000000e+01 6.305256235051557496e+02
6.500000000000000000e+01 4.880886929260688021e+02
6.600000000000000000e+01 6.185657127966532016e+02
6.700000000000000000e+01 4.703198307897686732e+02
6.800000000000000000e+01 4.146836986531624234e+02
6.900000000000000000e+01 5.746558622871309581e+02
7.000000000000000000e+01 5.135199158728549946e+02
7.100000000000000000e+01 5.132005804282089230e+02
7.200000000000000000e+01 3.638795096496485257e+02
7.300000000000000000e+01 3.183890060938040847e+02
7.400000000000000000e+01 3.769607180937524618e+02
7.500000000000000000e+01 3.134050874539237839e+02
7.600000000000000000e+01 3.653971358982163338e+02
7.700000000000000000e+01 3.067645580304786677e+02
7.800000000000000000e+01 3.567262551953169236e+02
7.900000000000000000e+01 3.575591366610660202e+02
8.000000000000000000e+01 3.870941471317086666e+02
8.100000000000000000e+01 2.890716780340471246e+02
8.200000000000000000e+01 3.664489208727775917e+02
8.300000000000000000e+01 2.794821041654016085e+02
8.400000000000000000e+01 2.484324400236183692e+02
8.500000000000000000e+01 3.450091832521146102e+02
8.600000000000000000e+01 2.722125401608876700e+02
8.700000000000000000e+01 2.408789742380886025e+02
8.800000000000000000e+01 3.142603610635700306e+02
8.900000000000000000e+01 2.832056166713540506e+02
9.000000000000000000e+01 2.156992970908460450e+02
9.100000000000000000e+01 2.136148209720359148e+02
9.200000000000000000e+01 2.666454601444460764e+02
9.300000000000000000e+01 2.411087830203491365e+02
9.400000000000000000e+01 2.869909128962588056e+02
9.500000000000000000e+01 2.245076378008942868e+02
9.600000000000000000e+01 2.571326644365892662e+02
9.700000000000000000e+01 1.649720811581828741e+02
9.800000000000000000e+01 2.224812083689158442e+02
9.900000000000000000e+01 2.180372835742982147e+02
1.000000000000000000e+02 1.787190950842514496e+02
1.010000000000000000e+02 1.696584718841879749e+02
1.020000000000000000e+02 1.806425568760927831e+02
1.030000000000000000e+02 2.049360616865516818e+02
1.040000000000000000e+02 2.136966582435686632e+02
1.050000000000000000e+02 2.256932268844012128e+02
1.060000000000000000e+02 1.861280266236565808e+02
1.070000000000000000e+02 1.885364415799733422e+02
1.080000000000000000e+02 1.600246281998241500e+02
1.090000000000000000e+02 1.684887442338729784e+02
1.100000000000000000e+02 1.888666604147207408e+02
1.110000000000000000e+02 1.626425599260833792e+02
1.120000000000000000e+02 1.664477138848056654e+02
1.130000000000000000e+02 1.942681123764129154e+02
1.140000000000000000e+02 1.488713110185589414e+02
1.150000000000000000e+02 1.612839826919727102e+02
1.160000000000000000e+02 1.578296442561446895e+02
1.170000000000000000e+02 1.314372993570105450e+02
1.180000000000000000e+02 1.694026328108569999e+02
1.190000000000000000e+02 1.503437718335370903e+02
1.200000000000000000e+02 1.549324203642851217e+02
1.210000000000000000e+02 1.470560381231063900e+02
1.220000000000000000e+02 1.613361301919833011e+02
1.230000000000000000e+02 1.354760670808567227e+02
1.240000000000000000e+02 1.425933535248153703e+02
1.250000000000000000e+02 1.412043562123567142e+02
1.260000000000000000e+02 1.326787095858890382e+02
1.270000000000000000e+02 1.090320641102551207e+02
1.280000000000000000e+02 1.254463867675600710e+02
1.290000000000000000e+02 1.591548479372996781e+02
1.300000000000000000e+02 1.031096808749689444e+02
1.310000000000000000e+02 1.500026066502520337e+02
1.320000000000000000e+02 1.230441244272849843e+02
1.330000000000000000e+02 1.171137301599954270e+02
1.340000000000000000e+02 1.255605398974388294e+02
1.350000000000000000e+02 1.246437711647562594e+02
1.360000000000000000e+02 1.165027080442084042e+02
1.370000000000000000e+02 1.191137723823691772e+02
1.380000000000000000e+02 1.085549332926518389e+02
1.390000000000000000e+02 1.036304206691633993e+02
1.400000000000000000e+02 1.093476359207188295e+02
1.410000000000000000e+02 1.104485424712301125e+02
1.420000000000000000e+02 1.103517698519574282e+02
1.430000000000000000e+02 9.922144623638094174e+01
1.440000000000000000e+02 1.068254681276729769e+02
1.450000000000000000e+02 9.507794092541331565e+01
1.460000000000000000e+02 9.996747513146884501e+01
1.470000000000000000e+02 9.583355852028833510e+01
1.480000000000000000e+02 1.048915286185192883e+02
1.490000000000000000e+02 1.029422536888787363e+02
1.500000000000000000e+02 9.033482409981220940e+01
1.510000000000000000e+02 9.587914185684560664e+01
1.520000000000000000e+02 8.273286228576776580e+01
1.530000000000000000e+02 9.113131537402277615e+01
1.540000000000000000e+02 9.721079953884571978e+01
1.550000000000000000e+02 8.924871799144150941e+01
1.560000000000000000e+02 8.503681731125908527e+01
1.570000000000000000e+02 8.674620784756537262e+01
1.580000000000000000e+02 8.888680343333354017e+01
1.590000000000000000e+02 8.839757679283466985e+01
1.600000000000000000e+02 8.537487965612319840e+01
1.610000000000000000e+02 7.904342808322837755e+01
1.620000000000000000e+02 8.135102546848169425e+01
1.630000000000000000e+02 8.644174510471202666e+01
1.640000000000000000e+02 7.730945782399227539e+01
1.650000000000000000e+02 7.708209454292544649e+01
1.660000000000000000e+02 7.467752213993611576e+01
1.670000000000000000e+02 7.687979894302046091e+01
1.680000000000000000e+02 7.784430190870253341e+01
1.690000000000000000e+02 7.285331732004094363e+01
1.700000000000000000e+02 7.555477781065208376e+01
1.710000000000000000e+02 7.453173415891865261e+01
1.720000000000000000e+02 7.536888226030148985e+01
1.730000000000000000e+02 6.886323453986867094e+01
1.740000000000000000e+02 7.069667791710362792e+01
1.750000000000000000e+02 7.343973920347862361e+01
1.760000000000000000e+02 7.047305339427204274e+01
1.770000000000000000e+02 6.472119530627162476e+01
1.780000000000000000e+02 7.154466389881704913e+01
1.790000000000000000e+02 6.445564771633087275e+01
1.800000000000000000e+02 6.611238763225313164e+01
1.810000000000000000e+02 6.566521263900003191e+01
1.820000000000000000e+02 6.671831538748784851e+01
1.830000000000000000e+02 6.428896034338382037e+01
1.840000000000000000e+02 6.414792374137219610e+01
1.850000000000000000e+02 6.558717377735588627e+01
1.860000000000000000e+02 6.200555782057648457e+01
1.870000000000000000e+02 6.161110572034850463e+01
1.880000000000000000e+02 6.195940013667416935e+01
1.890000000000000000e+02 6.268931681153978985e+01
1.900000000000000000e+02 6.069717831911292905e+01
1.910000000000000000e+02 5.997298821752731612e+01
1.920000000000000000e+02 5.903697955202379433e+01
1.930000000000000000e+02 5.959319237011624892e+01
1.940000000000000000e+02 5.822597673946869179e+01
1.950000000000000000e+02 5.641224338398939864e+01
1.960000000000000000e+02 5.555427003875467307e+01
1.970000000000000000e+02 5.658006719570366982e+01
1.980000000000000000e+02 5.558831924564130844e+01
1.990000000000000000e+02 5.716899203473532509e+01
2.000000000000000000e+02 5.273935551636016328e+01
2.010000000000000000e+02 5.416701603987486635e+01
2.020000000000000000e+02 5.431448561524727126e+01
2.030000000000000000e+02 5.309810303481836513e+01
2.040000000000000000e+02 5.286002759461604938e+01
2.050000000000000000e+02 5.253653675932218903e+01
2.060000000000000000e+02 5.167282763838206705e+01
2.070000000000000000e+02 5.067364038420736705e+01
2.080000000000000000e+02 5.150304222228889728e+01
2.090000000000000000e+02 4.985584657146797838e+01
2.100000000000000000e+02 5.065807771827385864e+01
2.110000000000000000e+02 4.958125267819237791e+01
2.120000000000000000e+02 4.869661307191908151e+01
2.130000000000000000e+02 4.911979305115374217e+01
2.140000000000000000e+02 4.891592176657830038e+01
2.150000000000000000e+02 4.784745301842409049e+01
2.160000000000000000e+02 4.741519020104527016e+01
2.170000000000000000e+02 4.698226709948134783e+01
2.180000000000000000e+02 4.593969389206804266e+01
2.190000000000000000e+02 4.604686667118264864e+01
2.200000000000000000e+02 4.639499176113169199e+01
2.210000000000000000e+02 4.551746345828868101e+01
2.220000000000000000e+02 4.445533204509285241e+01
2.230000000000000000e+02 4.558904436179044950e+01
2.240000000000000000e+02 4.458204946275127156e+01
2.250000000000000000e+02 4.404488363725936040e+01
2.260000000000000000e+02 4.337352826740857381e+01
2.270000000000000000e+02 4.380841881453654452e+01
2.280000000000000000e+02 4.287271041259484861e+01
2.290000000000000000e+02 4.295488895852492561e+01
2.300000000000000000e+02 4.228053691193090202e+01
2.310000000000000000e+02 4.229394449096164266e+01
2.320000000000000000e+02 4.180139791463555810e+01
2.330000000000000000e+02 4.120380308741405173e+01
2.340000000000000000e+02 4.091714903913294421e+01
2.350000000000000000e+02 4.086223187474016072e+01
2.360000000000000000e+02 3.950409912595051054e+01
2.370000000000000000e+02 4.076587744626318965e+01
2.380000000000000000e+02 3.962055317774370167e+01
2.390000000000000000e+02 3.955917981621675494e+01
2.400000000000000000e+02 3.949748937986847608e+01
2.410000000000000000e+02 3.845490291747722722e+01
2.420000000000000000e+02 3.876855697584193194e+01
2.430000000000000000e+02 3.831743553840748717e+01
2.440000000000000000e+02 3.763190360904695098e+01
2.450000000000000000e+02 3.761644000470224825e+01
2.460000000000000000e+02 3.728647604278898342e+01
2.470000000000000000e+02 3.773074051797654960e+01
2.480000000000000000e+02 3.644983937587875999e+01
2.490000000000000000e+02 3.677269899669359177e+01
2.500000000000000000e+02 3.615255017964481965e+01
2.510000000000000000e+02 3.618935682595181902e+01
2.520000000000000000e+02 3.519782493270231782e+01
2.530000000000000000e+02 3.595604010992288124e+01
2.540000000000000000e+02 3.517357618999720614e+01
2.550000000000000000e+02 3.516012679934006258e+01
2.560000000000000000e+02 3.442002753335050613e+01
2.570000000000000000e+02 3.429090967405520018e+01
2.580000000000000000e+02 3.436669455118748573e+01
2.590000000000000000e+02 3.409461423262326463e+01
2.600000000000000000e+02 3.413913975632133457e+01
2.610000000000000000e+02 3.311979225627756307e+01
2.620000000000000000e+02 3.374078910565332734e+01
2.630000000000000000e+02 3.246215611621821751e+01
2.640000000000000000e+02 3.313823407135693344e+01
2.650000000000000000e+02 3.276044992868489913e+01
2.660000000000000000e+02 3.224395047480861365e+01
2.670000000000000000e+02 3.223541301102404333e+01
2.680000000000000000e+02 3.204233739404190828e+01
2.690000000000000000e+02 3.187432077368287509e+01
2.700000000000000000e+02 3.129706489546146031e+01
2.710000000000000000e+02 3.136235066386799275e+01
2.720000000000000000e+02 3.137661735245940520e+01
2.730000000000000000e+02 3.166882990752815630e+01
2.740000000000000000e+02 3.085648535672550707e+01
2.750000000000000000e+02 3.054175697210271068e+01
2.760000000000000000e+02 3.050955540474830130e+01
2.770000000000000000e+02 3.057809072429327557e+01
2.780000000000000000e+02 3.007105492863279395e+01
2.790000000000000000e+02 2.984717675792392910e+01
2.800000000000000000e+02 2.973323245199629028e+01
2.810000000000000000e+02 2.937138956539088852e+01
2.820000000000000000e+02 2.936877745557259800e+01
2.830000000000000000e+02 2.938571908915329089e+01
2.840000000000000000e+02 2.882747814439094469e+01
2.850000000000000000e+02 2.890956459114180532e+01
2.860000000000000000e+02 2.875888729454747050e+01
2.870000000000000000e+02 2.843134603540899974e+01
2.880000000000000000e+02 2.847230661377093597e+01
2.890000000000000000e+02 2.750355738933752292e+01
2.900000000000000000e+02 2.801994367442999589e+01
2.910000000000000000e+02 2.735961838444368865e+01
2.920000000000000000e+02 2.796070695049251142e+01
2.930000000000000000e+02 2.713158876146941267e+01
2.940000000000000000e+02 2.753761941933164081e+01
2.950000000000000000e+02 2.685947982290540992e+01
2.960000000000000000e+02 2.664976569972472831e+01
2.970000000000000000e+02 2.665502149741541515e+01
2.980000000000000000e+02 2.658536685365390539e+01
2.990000000000000000e+02 2.749199170309921669e+01
3.000000000000000000e+02 2.495547462147498763e+01
3.010000000000000000e+02 2.610055145039459745e+01
3.020000000000000000e+02 2.597205430964999096e+01
3.030000000000000000e+02 2.554513540623942092e+01
3.040000000000000000e+02 2.559096919628284539e+01
3.050000000000000000e+02 2.585717047024916937e+01
3.060000000000000000e+02 2.531184109432393115e+01
3.070000000000000000e+02 2.493835728040671640e+01
3.080000000000000000e+02 2.529540198173148724e+01
3.090000000000000000e+02 2.477570737444746740e+01
3.100000000000000000e+02 2.499417777862697676e+01
3.110000000000000000e+02 2.451160254139722028e+01
3.120000000000000000e+02 2.431927059435365379e+01
3.130000000000000000e+02 2.429139892955764424e+01
3.140000000000000000e+02 2.434994420487415567e+01
3.150000000000000000e+02 2.397137339652580224e+01
3.160000000000000000e+02 2.388480719772506333e+01
3.170000000000000000e+02 2.420569008924352161e+01
3.180000000000000000e+02 2.350681913648096355e+01
3.190000000000000000e+02 2.387729155935463865e+01
3.200000000000000000e+02 2.342543447177421712e+01
3.210000000000000000e+02 2.350515496174157803e+01
3.220000000000000000e+02 2.323145819202484219e+01
3.230000000000000000e+02 2.365816311000688899e+01
3.240000000000000000e+02 2.308484335592613590e+01
3.250000000000000000e+02 2.265134088705238113e+01
3.260000000000000000e+02 2.322014131200254639e+01
3.270000000000000000e+02 2.242489643891268969e+01
3.280000000000000000e+02 2.263726421423740121e+01
3.290000000000000000e+02 2.225531736677490002e+01
3.300000000000000000e+02 2.236053295776509131e+01
3.310000000000000000e+02 2.201275944016222752e+01
3.320000000000000000e+02 2.208018204605355095e+01
3.330000000000000000e+02 2.181535510585565518e+01
3.340000000000000000e+02 2.180199137798283360e+01
3.350000000000000000e+02 2.151228651904112255e+01
3.360000000000000000e+02 2.165095680596936845e+01
3.370000000000000000e+02 2.160595617518777445e+01
3.380000000000000000e+02 2.135261348976554530e+01
3.390000000000000000e+02 2.130078859845053785e+01
3.400000000000000000e+02 2.136737435761841652e+01
3.410000000000000000e+02 2.100737069333405316e+01
3.420000000000000000e+02 2.060721797381737019e+01
3.430000000000000000e+02 2.089311917756332448e+01
3.440000000000000000e+02 2.087875225007024937e+01
3.450000000000000000e+02 2.044613565742802308e+01
3.460000000000000000e+02 2.068499506135647437e+01
3.470000000000000000e+02 2.095757914661383481e+01
3.480000000000000000e+02 2.002327860843076124e+01
3.490000000000000000e+02 2.036149607574671094e+01
3.500000000000000000e+02 2.016059822413243197e+01
3.510000000000000000e+02 2.013272015989966590e+01
3.520000000000000000e+02 1.991745587315365285e+01
3.530000000000000000e+02 1.981161625921493652e+01
3.540000000000000000e+02 1.968410142028526977e+01
3.550000000000000000e+02 1.979572784242819594e+01
3.560000000000000000e+02 1.942860045662123269e+01
3.570000000000000000e+02 1.953957131580917661e+01
3.580000000000000000e+02 1.975888686575361319e+01
3.590000000000000000e+02 1.947061873891263772e+01
3.600000000000000000e+02 1.933753208917464406e+01
3.610000000000000000e+02 1.907805037176717988e+01
3.620000000000000000e+02 1.905752577762991251e+01
3.630000000000000000e+02 1.929891172807910493e+01
3.640000000000000000e+02 1.891600417314253590e+01
3.650000000000000000e+02 1.915566121863122362e+01
3.660000000000000000e+02 1.869530443876897863e+01
3.670000000000000000e+02 1.914928101893670487e+01
3.680000000000000000e+02 1.856363360988214239e+01
3.690000000000000000e+02 1.862614406358349228e+01
3.700000000000000000e+02 1.840184425589163197e+01
3.710000000000000000e+02 1.860995940559527995e+01
3.720000000000000000e+02 1.855583959507743330e+01
3.730000000000000000e+02 1.831529456863917460e+01
3.740000000000000000e+02 1.842702632443085875e+01
3.750000000000000000e+02 1.801698885909912562e+01
3.760000000000000000e+02 1.811216228145882567e+01
3.770000000000000000e+02 1.787829871788431291e+01
3.780000000000000000e+02 1.786457777590008433e+01
3.790000000000000000e+02 1.764541087341889636e+01
3.800000000000000000e+02 1.794226954555295350e+01
3.810000000000000000e+02 1.764636268176507627e+01
3.820000000000000000e+02 1.751214288601542535e+01
3.830000000000000000e+02 1.779971264938954789e+01
3.840000000000000000e+02 1.730947596389648169e+01
3.850000000000000000e+02 1.742089625664197783e+01
3.860000000000000000e+02 1.696453271100027038e+01
3.870000000000000000e+02 1.744766481518248469e+01
3.880000000000000000e+02 1.713435595908324771e+01
3.890000000000000000e+02 1.728861908224105193e+01
3.900000000000000000e+02 1.709476051368213589e+01
3.910000000000000000e+02 1.687864292348817941e+01
3.920000000000000000e+02 1.681900191410528933e+01
3.930000000000000000e+02 1.688289025621092065e+01
3.940000000000000000e+02 1.662100749158967616e+01
3.950000000000000000e+02 1.685584511026060284e+01
3.960000000000000000e+02 1.661390723271252767e+01
3.970000000000000000e+02 1.681051618678488424e+01
3.980000000000000000e+02 1.656574412054020584e+01
3.990000000000000000e+02 1.667243661249890252e+01
4.000000000000000000e+02 1.641825039763968164e+01
4.010000000000000000e+02 1.646622293802087000e+01
4.020000000000000000e+02 1.644042008575439340e+01
4.030000000000000000e+02 1.610996984489952055e+01
4.040000000000000000e+02 1.633765052522747752e+01
4.050000000000000000e+02 1.618218960088379177e+01
4.060000000000000000e+02 1.610870984936600436e+01
4.070000000000000000e+02 1.602305332166080021e+01
4.080000000000000000e+02 1.615369891720238371e+01
4.090000000000000000e+02 1.577252058238664745e+01
4.100000000000000000e+02 1.588147598919534076e+01
4.110000000000000000e+02 1.587631968076870592e+01
4.120000000000000000e+02 1.593226349820504772e+01
4.130000000000000000e+02 1.581212677555878621e+01
4.140000000000000000e+02 1.544074061751834925e+01
4.150000000000000000e+02 1.552723531103577947e+01
4.160000000000000000e+02 1.561450240402220757e+01
4.170000000000000000e+02 1.549011111806096785e+01
4.180000000000000000e+02 1.540153238019257209e+01
4.190000000000000000e+02 1.551613355673505446e+01
4.200000000000000000e+02 1.523892166846074936e+01
4.210000000000000000e+02 1.514057456014225700e+01
4.220000000000000000e+02 1.512209796195362443e+01
4.230000000000000000e+02 1.499205459748234759e+01
4.240000000000000000e+02 1.502428211794047463e+01
4.250000000000000000e+02 1.496681431549874652e+01
4.260000000000000000e+02 1.487288827580808181e+01
4.270000000000000000e+02 1.476465055201205168e+01
4.280000000000000000e+02 1.500620424223347449e+01
4.290000000000000000e+02 1.470547063710636770e+01
4.300000000000000000e+02 1.468574063553073827e+01
4.310000000000000000e+02 1.479777717294830452e+01
4.320000000000000000e+02 1.447212356114353859e+01
4.330000000000000000e+02 1.462572100561972377e+01
4.340000000000000000e+02 1.444103252798443471e+01
4.350000000000000000e+02 1.422765191292953446e+01
4.360000000000000000e+02 1.476953209721199300e+01
4.370000000000000000e+02 1.442173607213577569e+01
4.380000000000000000e+02 1.451913885605827303e+01
4.390000000000000000e+02 1.422719090249240814e+01
4.400000000000000000e+02 1.436001184928390906e+01
4.410000000000000000e+02 1.419992651327448741e+01
4.420000000000000000e+02 1.432562500223601276e+01
4.430000000000000000e+02 1.412681561257189777e+01
4.440000000000000000e+02 1.404395917824797735e+01
4.450000000000000000e+02 1.395166519359306179e+01
4.460000000000000000e+02 1.422897538726597411e+01
4.470000000000000000e+02 1.421887880776949942e+01
4.480000000000000000e+02 1.399486350764809650e+01
4.490000000000000000e+02 1.421396597641282078e+01
4.500000000000000000e+02 1.360886740266159300e+01
4.510000000000000000e+02 1.371711418750219025e+01
4.520000000000000000e+02 1.369216148591896065e+01
4.530000000000000000e+02 1.377645100235920594e+01
4.540000000000000000e+02 1.365920890222599837e+01
4.550000000000000000e+02 1.372208167015747904e+01
4.560000000000000000e+02 1.360363193669778248e+01
4.570000000000000000e+02 1.359991829902943827e+01
4.580000000000000000e+02 1.351585890715831972e+01
4.590000000000000000e+02 1.336483927136262295e+01
4.600000000000000000e+02 1.360161655508258249e+01
4.610000000000000000e+02 1.357358159763706951e+01
4.620000000000000000e+02 1.334117213963530446e+01
4.630000000000000000e+02 1.328960884268055409e+01
4.640000000000000000e+02 1.317989818489083476e+01
4.650000000000000000e+02 1.343769968320655650e+01
4.660000000000000000e+02 1.316140637424182991e+01
4.670000000000000000e+02 1.334484641672735705e+01
4.680000000000000000e+02 1.282799847280618621e+01
4.690000000000000000e+02 1.313833403639443986e+01
4.700000000000000000e+02 1.294727863271507573e+01
4.710000000000000000e+02 1.292254806066210193e+01
4.720000000000000000e+02 1.298842195974885350e+01
4.730000000000000000e+02 1.300869698184858692e+01
4.740000000000000000e+02 1.278782303960423050e+01
4.750000000000000000e+02 1.285599726099819584e+01
4.760000000000000000e+02 1.274551453628222930e+01
4.770000000000000000e+02 1.284918797510746025e+01
4.780000000000000000e+02 1.302409668899082895e+01
4.790000000000000000e+02 1.269198803062969283e+01
4.800000000000000000e+02 1.278155820529877751e+01
4.810000000000000000e+02 1.262630986873506522e+01
4.820000000000000000e+02 1.279610649904343767e+01
4.830000000000000000e+02 1.258562229621489159e+01
4.840000000000000000e+02 1.259203846753981004e+01
4.850000000000000000e+02 1.244168158545187097e+01
4.860000000000000000e+02 1.258325047386670192e+01
4.870000000000000000e+02 1.230078189961974289e+01
4.880000000000000000e+02 1.249277901888860498e+01
4.890000000000000000e+02 1.226561104428654225e+01
4.900000000000000000e+02 1.253666852515604013e+01
4.910000000000000000e+02 1.230713652909826550e+01
4.920000000000000000e+02 1.228266327333080987e+01
4.930000000000000000e+02 1.240198901284872335e+01
4.940000000000000000e+02 1.218540446078911543e+01
4.950000000000000000e+02 1.236038848824921743e+01
4.960000000000000000e+02 1.214698177622465813e+01
4.970000000000000000e+02 1.235835333526760138e+01
4.980000000000000000e+02 1.204284185832533360e+01
4.990000000000000000e+02 1.202407865429609224e+01
5.000000000000000000e+02 1.201563799510026875e+01
5.010000000000000000e+02 1.220564156370845232e+01
5.020000000000000000e+02 1.210859931121453492e+01
5.030000000000000000e+02 1.185101223134653203e+01
5.040000000000000000e+02 1.195366452950580083e+01
5.050000000000000000e+02 1.194833232579719073e+01
5.060000000000000000e+02 1.181392882281161505e+01
5.070000000000000000e+02 1.199905949013824724e+01
5.080000000000000000e+02 1.193883949580962067e+01
5.090000000000000000e+02 1.177106668441916426e+01
5.100000000000000000e+02 1.190115111978455431e+01
5.110000000000000000e+02 1.193517697309577308e+01
5.120000000000000000e+02 1.160830044927811144e+01
5.130000000000000000e+02 1.184364308731471205e+01
5.140000000000000000e+02 1.170515283538245477e+01
5.150000000000000000e+02 1.186503399318819696e+01
5.160000000000000000e+02 1.145882286426985175e+01
5.170000000000000000e+02 1.173696362704725615e+01
5.180000000000000000e+02 1.152277672831502109e+01
5.190000000000000000e+02 1.159666425944889845e+01
5.200000000000000000e+02 1.127298042271558387e+01
5.210000000000000000e+02 1.158564014962982114e+01
5.220000000000000000e+02 1.140783875750294918e+01
5.230000000000000000e+02 1.129405063216658611e+01
5.240000000000000000e+02 1.143804154135486684e+01
5.250000000000000000e+02 1.151078608985651286e+01
5.260000000000000000e+02 1.142784442247633159e+01
5.270000000000000000e+02 1.132030115078222288e+01
5.280000000000000000e+02 1.156892804047581080e+01
5.290000000000000000e+02 1.125404437102568522e+01
5.300000000000000000e+02 1.109552229247007205e+01
5.310000000000000000e+02 1.133346085731994890e+01
5.320000000000000000e+02 1.127447683655636723e+01
5.330000000000000000e+02 1.124715838088097897e+01
5.340000000000000000e+02 1.125451189325494639e+01
5.350000000000000000e+02 1.125026282953698242e+01
5.360000000000000000e+02 1.111701451763537918e+01
5.370000000000000000e+02 1.114438434783725640e+01
5.380000000000000000e+02 1.097371497980661204e+01
5.390000000000000000e+02 1.120368842420275080e+01
5.400000000000000000e+02 1.093830581630663445e+01
5.410000000000000000e+02 1.116073378105198088e+01
5.420000000000000000e+02 1.102382754450315439e+01
5.430000000000000000e+02 1.102569204689964266e+01
5.440000000000000000e+02 1.107852511015735963e+01
5.450000000000000000e+02 1.096184607808431366e+01
5.460000000000000000e+02 1.103080538058381066e+01
5.470000000000000000e+02 1.102521455372516179e+01
5.480000000000000000e+02 1.087379986205185034e+01
5.490000000000000000e+02 1.099453197789189574e+01
5.500000000000000000e+02 1.093123749598596639e+01
5.510000000000000000e+02 1.081478494915688238e+01
5.520000000000000000e+02 1.097642589543375635e+01
5.530000000000000000e+02 1.061320106146023079e+01
5.540000000000000000e+02 1.095816549230129944e+01
5.550000000000000000e+02 1.077557448625531400e+01
5.560000000000000000e+02 1.091269175457978413e+01
5.570000000000000000e+02 1.063500446967596247e+01
5.580000000000000000e+02 1.083741341335012187e+01
5.590000000000000000e+02 1.053701060383970578e+01
5.600000000000000000e+02 1.071524856811300452e+01
5.610000000000000000e+02 1.065108947524251448e+01
5.620000000000000000e+02 1.061183286219682387e+01
5.630000000000000000e+02 1.059819491219930754e+01
5.640000000000000000e+02 1.059616761470501345e+01
5.650000000000000000e+02 1.056530455606000629e+01
5.660000000000000000e+02 1.047317578233970892e+01
5.670000000000000000e+02 1.074351880427931505e+01
5.680000000000000000e+02 1.042186654320230232e+01
5.690000000000000000e+02 1.050719236614507857e+01
5.700000000000000000e+02 1.056958774055998163e+01
5.710000000000000000e+02 1.032026972577426882e+01
5.720000000000000000e+02 1.040658787271425290e+01
5.730000000000000000e+02 1.040149278982621972e+01
5.740000000000000000e+02 1.045686715842526127e+01
5.750000000000000000e+02 1.050598305051116910e+01
5.760000000000000000e+02 1.042019780712307409e+01
5.770000000000000000e+02 1.041416572748874003e+01
5.780000000000000000e+02 1.043563549491633680e+01
5.790000000000000000e+02 1.041980789766871673e+01
5.800000000000000000e+02 1.025216767213322733e+01
5.810000000000000000e+02 1.030445246651540003e+01
5.820000000000000000e+02 1.045779890890674224e+01
5.830000000000000000e+02 1.033917388203675003e+01
5.840000000000000000e+02 1.018192932528118888e+01
5.850000000000000000e+02 1.028611563787647754e+01
5.860000000000000000e+02 1.026429505294636968e+01
5.870000000000000000e+02 1.026730744356676972e+01
5.880000000000000000e+02 1.029436675401312051e+01
5.890000000000000000e+02 1.010908077552021567e+01
5.900000000000000000e+02 1.029923242893601731e+01
5.910000000000000000e+02 1.027335677534604486e+01
5.920000000000000000e+02 1.018370879542263552e+01
5.930000000000000000e+02 1.024039549373977742e+01
5.940000000000000000e+02 9.974410871688371927e+00
5.950000000000000000e+02 1.015675920308602365e+01
5.960000000000000000e+02 1.009374030419927770e+01
5.970000000000000000e+02 1.016008359315070919e+01
5.980000000000000000e+02 1.023254896726350260e+01
5.990000000000000000e+02 1.026455320680965144e+01
6.000000000000000000e+02 1.009718316373556135e+01
6.010000000000000000e+02 9.981441098970099901e+00
6.020000000000000000e+02 9.947109915041938422e+00
6.030000000000000000e+02 9.924946953757729062e+00
6.040000000000000000e+02 9.878835373351479987e+00
6.050000000000000000e+02 1.002275673000140621e+01
6.060000000000000000e+02 9.975119724932511645e+00
6.070000000000000000e+02 9.865768930872855336e+00
6.080000000000000000e+02 1.001371638140460263e+01
6.090000000000000000e+02 9.896328153411204198e+00
6.100000000000000000e+02 9.882209392322010899e+00
6.110000000000000000e+02 9.870668585316479948e+00
6.120000000000000000e+02 9.784709483246805561e+00
6.130000000000000000e+02 9.753271438397344895e+00
6.140000000000000000e+02 9.767907679645905006e+00
6.150000000000000000e+02 9.926666348173268872e+00
6.160000000000000000e+02 9.826738175169726475e+00
6.170000000000000000e+02 9.741903173829804530e+00
6.180000000000000000e+02 9.844297962503212318e+00
6.190000000000000000e+02 9.811652852949872994e+00
6.200000000000000000e+02 9.710694686203103387e+00
6.210000000000000000e+02 9.739593058874030262e+00
6.220000000000000000e+02 9.762261662483023628e+00
6.230000000000000000e+02 9.772900536483582812e+00
6.240000000000000000e+02 9.765324579360203927e+00
6.250000000000000000e+02 9.657682182776401447e+00
6.260000000000000000e+02 9.692974706876794855e+00
6.270000000000000000e+02 9.707351541476270995e+00
6.280000000000000000e+02 9.749825526169043854e+00
6.290000000000000000e+02 9.744325150968125016e+00
6.300000000000000000e+02 9.652583461863956771e+00
6.310000000000000000e+02 9.685050567061159299e+00
6.320000000000000000e+02 9.657849730526679721e+00
6.330000000000000000e+02 9.595753674548120671e+00
6.340000000000000000e+02 9.740406635740269436e+00
6.350000000000000000e+02 9.455457901131492093e+00
6.360000000000000000e+02 9.691530235719380215e+00
6.370000000000000000e+02 9.604076543728387705e+00
6.380000000000000000e+02 9.710709880747586453e+00
6.390000000000000000e+02 9.600875735164208891e+00
6.400000000000000000e+02 9.600011597070711389e+00
6.410000000000000000e+02 9.653623240132652938e+00
6.420000000000000000e+02 9.511084764950570758e+00
6.430000000000000000e+02 9.500892489753747228e+00
6.440000000000000000e+02 9.709724979487129204e+00
6.450000000000000000e+02 9.646015095045333609e+00
6.460000000000000000e+02 9.323079259073573155e+00
6.470000000000000000e+02 9.627869958300724562e+00
6.480000000000000000e+02 9.375837491572838189e+00
6.490000000000000000e+02 9.633026926603070805e+00
6.500000000000000000e+02 9.398894705871034816e+00
6.510000000000000000e+02 9.522682394630239244e+00
6.520000000000000000e+02 9.540217348255882968e+00
6.530000000000000000e+02 9.321364311197536168e+00
6.540000000000000000e+02 9.375981174059591083e+00
6.550000000000000000e+02 9.320057175360739521e+00
6.560000000000000000e+02 9.420822606658539655e+00
6.570000000000000000e+02 9.452601942242615962e+00
6.580000000000000000e+02 9.215817597743852119e+00
6.590000000000000000e+02 9.426601393253633887e+00
6.600000000000000000e+02 9.413642798900692554e+00
6.610000000000000000e+02 9.369242187019946044e+00
6.620000000000000000e+02 9.189125373933855201e+00
6.630000000000000000e+02 9.416581896295209475e+00
6.640000000000000000e+02 9.350288772509438573e+00
6.650000000000000000e+02 9.471298321789683783e+00
6.660000000000000000e+02 9.162816416461572189e+00
6.670000000000000000e+02 9.377942479808812237e+00
6.680000000000000000e+02 9.344025323357788793e+00
6.690000000000000000e+02 9.298845100964017618e+00
6.700000000000000000e+02 9.448780522726735853e+00
6.710000000000000000e+02 9.326971779075295288e+00
6.720000000000000000e+02 9.343096424800723554e+00
6.730000000000000000e+02 9.259448232647276456e+00
6.740000000000000000e+02 9.358433312301157159e+00
6.750000000000000000e+02 9.387592359772034101e+00
6.760000000000000000e+02 9.148637608062768933e+00
6.770000000000000000e+02 9.235959824181843913e+00
6.780000000000000000e+02 9.339654400026574876e+00
6.790000000000000000e+02 9.291668943542903847e+00
6.800000000000000000e+02 9.336560914119464982e+00
6.810000000000000000e+02 9.218533420055132765e+00
6.820000000000000000e+02 9.282132636531887471e+00
6.830000000000000000e+02 9.264232817841392631e+00
6.840000000000000000e+02 9.285329893998683914e+00
6.850000000000000000e+02 9.292262270400868829e+00
6.860000000000000000e+02 9.249427125022423368e+00
6.870000000000000000e+02 9.162792140462844515e+00
6.880000000000000000e+02 9.271864333990627927e+00
6.890000000000000000e+02 9.277475060117085448e+00
6.900000000000000000e+02 9.273088217816075840e+00
6.910000000000000000e+02 9.217348514183690611e+00
6.920000000000000000e+02 9.171104963459171699e+00
6.930000000000000000e+02 9.298753678987074167e+00
6.940000000000000000e+02 9.006316316325763793e+00
6.950000000000000000e+02 9.162218948748519054e+00
6.960000000000000000e+02 9.242425615408494721e+00
6.970000000000000000e+02 9.072503892612747478e+00
6.980000000000000000e+02 9.298800733141964869e+00
6.990000000000000000e+02 9.069062138691178276e+00
7.000000000000000000e+02 9.318814754868563810e+00
7.010000000000000000e+02 9.101213513054196014e+00
7.020000000000000000e+02 9.127568461347561168e+00
7.030000000000000000e+02 9.134226300472230164e+00
7.040000000000000000e+02 9.191110903458234560e+00
7.050000000000000000e+02 9.199329984847853581e+00
7.060000000000000000e+02 9.169969827617114433e+00
7.070000000000000000e+02 8.996133931974673814e+00
7.080000000000000000e+02 9.129862651403007234e+00
7.090000000000000000e+02 9.139926198996469964e+00
7.100000000000000000e+02 9.131052126642705602e+00
7.110000000000000000e+02 9.172080715881369528e+00
7.120000000000000000e+02 9.101408018762812802e+00
7.130000000000000000e+02 9.242909233686816606e+00
7.140000000000000000e+02 9.015206217431176228e+00
7.150000000000000000e+02 9.129217057512313716e+00
7.160000000000000000e+02 9.226234241474067233e+00
7.170000000000000000e+02 9.121096108828666615e+00
7.180000000000000000e+02 9.128892757377025546e+00
7.190000000000000000e+02 9.198667716874201261e+00
7.200000000000000000e+02 9.219640488351778629e+00
7.210000000000000000e+02 9.101864551389802216e+00
7.220000000000000000e+02 9.096584112683931522e+00
7.230000000000000000e+02 9.085969299418888312e+00
7.240000000000000000e+02 9.193127510892747267e+00
7.250000000000000000e+02 9.014858949423773637e+00
7.260000000000000000e+02 9.027208080701546677e+00
7.270000000000000000e+02 9.131518075378931343e+00
7.280000000000000000e+02 8.995418291546636524e+00
7.290000000000000000e+02 9.177300745804689797e+00
7.300000000000000000e+02 9.080521807523835420e+00
7.310000000000000000e+02 9.141876313345273175e+00
7.320000000000000000e+02 9.038537469395459212e+00
7.330000000000000000e+02 9.072567617140745000e+00
7.340000000000000000e+02 9.118215623138423709e+00
7.350000000000000000e+02 9.110207740907497964e+00
7.360000000000000000e+02 9.112820936276447625e+00
7.370000000000000000e+02 9.093331601555769694e+00
7.380000000000000000e+02 9.143615909528085339e+00
7.390000000000000000e+02 9.096896423637179652e+00
7.400000000000000000e+02 9.067539895599468380e+00
7.410000000000000000e+02 9.012624454421088060e+00
7.420000000000000000e+02 9.171015041835792303e+00
7.430000000000000000e+02 8.917869510167276914e+00
7.440000000000000000e+02 9.058011577946599502e+00
7.450000000000000000e+02 9.198182081013827727e+00
7.460000000000000000e+02 9.002485967695436742e+00
7.470000000000000000e+02 9.132307132247911241e+00
7.480000000000000000e+02 9.095199753981377810e+00
7.490000000000000000e+02 9.212118935118141394e+00
7.500000000000000000e+02 9.212118935118285279e+00
7.510000000000000000e+02 9.095199753981351165e+00
7.520000000000000000e+02 9.132307132247905912e+00
7.530000000000000000e+02 9.002485967695493585e+00
7.540000000000000000e+02 9.198182081013714040e+00
7.550000000000000000e+02 9.058011577946635029e+00
7.560000000000000000e+02 8.917869510167143687e+00
7.570000000000000000e+02 9.171015041835856252e+00
7.580000000000000000e+02 9.012624454421057862e+00
7.590000000000000000e+02 9.067539895599706412e+00
7.600000000000000000e+02 9.096896423637151230e+00
7.610000000000000000e+02 9.143615909527934349e+00
7.620000000000000000e+02 9.093331601555776800e+00
7.630000000000000000e+02 9.112820936276374795e+00
7.640000000000000000e+02 9.110207740907663165e+00
7.650000000000000000e+02 9.118215623138386405e+00
7.660000000000000000e+02 9.072567617140883556e+00
7.670000000000000000e+02 9.038537469395405921e+00
7.680000000000000000e+02 9.141876313345290939e+00
7.690000000000000000e+02 9.080521807523885158e+00
7.700000000000000000e+02 9.177300745804712889e+00
7.710000000000000000e+02 8.995418291546583234e+00
7.720000000000000000e+02 9.131518075378858512e+00
7.730000000000000000e+02 9.027208080701674575e+00
7.740000000000000000e+02 9.014858949423741663e+00
7.750000000000000000e+02 9.193127510892910692e+00
7.760000000000000000e+02 9.085969299418758638e+00
7.770000000000000000e+02 9.096584112684000800e+00
7.780000000000000000e+02 9.101864551389718727e+00
7.790000000000000000e+02 9.219640488351906527e+00
7.800000000000000000e+02 9.198667716874247446e+00
7.810000000000000000e+02 9.128892757377061073e+00
7.820000000000000000e+02 9.121096108828547600e+00
7.830000000000000000e+02 9.226234241474083220e+00
7.840000000000000000e+02 9.129217057512187594e+00
7.850000000000000000e+02 9.015206217431208202e+00
7.860000000000000000e+02 9.242909233686772197e+00
7.870000000000000000e+02 9.101408018762832342e+00
7.880000000000000000e+02 9.172080715881481439e+00
7.890000000000000000e+02 9.131052126642710931e+00
7.900000000000000000e+02 9.139926198996505491e+00
7.910000000000000000e+02 9.129862651403183094e+00
7.920000000000000000e+02 8.996133931974672038e+00
7.930000000000000000e+02 9.169969827617197922e+00
7.940000000000000000e+02 9.199329984847746999e+00
7.950000000000000000e+02 9.191110903458255876e+00
7.960000000000000000e+02 9.134226300472311877e+00
7.970000000000000000e+02 9.127568461347632223e+00
7.980000000000000000e+02 9.101213513054302595e+00
7.990000000000000000e+02 9.318814754868592232e+00
8.000000000000000000e+02 9.069062138691178276e+00
8.010000000000000000e+02 9.298800733142078556e+00
8.020000000000000000e+02 9.072503892612770571e+00
8.030000000000000000e+02 9.242425615408480510e+00
8.040000000000000000e+02 9.162218948748613201e+00
8.050000000000000000e+02 9.006316316325738924e+00
8.060000000000000000e+02 9.298753678986967586e+00
8.070000000000000000e+02 9.171104963459134396e+00
8.080000000000000000e+02 9.217348514183765218e+00
8.090000000000000000e+02 9.273088217816040313e+00
8.100000000000000000e+02 9.277475060117192029e+00
8.110000000000000000e+02 9.271864333990643914e+00
8.120000000000000000e+02 9.162792140462904911e+00
8.130000000000000000e+02 9.249427125022414486e+00
8.140000000000000000e+02 9.292262270401028701e+00
8.150000000000000000e+02 9.285329893998641282e+00
8.160000000000000000e+02 9.264232817841252299e+00
8.170000000000000000e+02 9.282132636531905234e+00
8.180000000000000000e+02 9.218533420055059935e+00
8.190000000000000000e+02 9.336560914119500509e+00
8.200000000000000000e+02 9.291668943543010428e+00
8.210000000000000000e+02 9.339654400026631720e+00
8.220000000000000000e+02 9.235959824181765754e+00
8.230000000000000000e+02 9.148637608062804460e+00
8.240000000000000000e+02 9.387592359771947059e+00
8.250000000000000000e+02 9.358433312301206897e+00
8.260000000000000000e+02 9.259448232647192967e+00
8.270000000000000000e+02 9.343096424800791056e+00
8.280000000000000000e+02 9.326971779075266866e+00
8.290000000000000000e+02 9.448780522726734077e+00
8.300000000000000000e+02 9.298845100963964327e+00
8.310000000000000000e+02 9.344025323357742607e+00
8.320000000000000000e+02 9.377942479808965004e+00
8.330000000000000000e+02 9.162816416461538438e+00
8.340000000000000000e+02 9.471298321789744179e+00
8.350000000000000000e+02 9.350288772509429691e+00
8.360000000000000000e+02 9.416581896295165066e+00
8.370000000000000000e+02 9.189125373933750396e+00
8.380000000000000000e+02 9.369242187019958479e+00
8.390000000000000000e+02 9.413642798900740516e+00
8.400000000000000000e+02 9.426601393253511318e+00
8.410000000000000000e+02 9.215817597744099032e+00
8.420000000000000000e+02 9.452601942242662147e+00
8.430000000000000000e+02 9.420822606658511233e+00
8.440000000000000000e+02 9.320057175360719981e+00
8.450000000000000000e+02 9.375981174059610623e+00
8.460000000000000000e+02 9.321364311197525510e+00
8.470000000000000000e+02 9.540217348255918495e+00
8.480000000000000000e+02 9.522682394630178848e+00
8.490000000000000000e+02 9.398894705871262190e+00
8.500000000000000000e+02 9.633026926603253770e+00
8.510000000000000000e+02 9.375837491573022930e+00
8.520000000000000000e+02 9.627869958300522057e+00
8.530000000000000000e+02 9.323079259073615788e+00
8.540000000000000000e+02 9.646015095045388676e+00
8.550000000000000000e+02 9.709724979487120322e+00
8.560000000000000000e+02 9.500892489753727688e+00
8.570000000000000000e+02 9.511084764950650694e+00
8.580000000000000000e+02 9.653623240132628069e+00
8.590000000000000000e+02 9.600011597070706060e+00
8.600000000000000000e+02 9.600875735164178693e+00
8.610000000000000000e+02 9.710709880747561584e+00
8.620000000000000000e+02 9.604076543728430337e+00
8.630000000000000000e+02 9.691530235719390873e+00
8.640000000000000000e+02 9.455457901131635978e+00
8.650000000000000000e+02 9.740406635740162855e+00
8.660000000000000000e+02 9.595753674548102907e+00
8.670000000000000000e+02 9.657849730526555376e+00
8.680000000000000000e+02 9.685050567061260551e+00
8.690000000000000000e+02 9.652583461863883940e+00
8.700000000000000000e+02 9.744325150968116134e+00
8.710000000000000000e+02 9.749825526169196621e+00
8.720000000000000000e+02 9.707351541476157308e+00
8.730000000000000000e+02 9.692974706876794855e+00
8.740000000000000000e+02 9.657682182776381907e+00
8.750000000000000000e+02 9.765324579360084911e+00
8.760000000000000000e+02 9.772900536483675182e+00
8.770000000000000000e+02 9.762261662482996982e+00
8.780000000000000000e+02 9.739593058874016052e+00
8.790000000000000000e+02 9.710694686203030557e+00
8.800000000000000000e+02 9.811652852949947601e+00
8.810000000000000000e+02 9.844297962503148369e+00
8.820000000000000000e+02 9.741903173829637552e+00
8.830000000000000000e+02 9.826738175169671408e+00
8.840000000000000000e+02 9.926666348173107224e+00
8.850000000000000000e+02 9.767907679645858821e+00
8.860000000000000000e+02 9.753271438397476345e+00
8.870000000000000000e+02 9.784709483246944117e+00
8.880000000000000000e+02 9.870668585316582977e+00
8.890000000000000000e+02 9.882209392322051755e+00
8.900000000000000000e+02 9.896328153411316109e+00
8.910000000000000000e+02 1.001371638140439657e+01
8.920000000000000000e+02 9.865768930872965470e+00
8.930000000000000000e+02 9.975119724932321574e+00
8.940000000000000000e+02 1.002275673000126055e+01
8.950000000000000000e+02 9.878835373351527949e+00
8.960000000000000000e+02 9.924946953757718404e+00
8.970000000000000000e+02 9.947109915041746575e+00
8.980000000000000000e+02 9.981441098970190495e+00
8.990000000000000000e+02 1.009718316373544056e+01
9.000000000000000000e+02 1.026455320680955019e+01
9.010000000000000000e+02 1.023254896726307628e+01
9.020000000000000000e+02 1.016008359315045517e+01
9.030000000000000000e+02 1.009374030419921020e+01
9.040000000000000000e+02 1.015675920308608760e+01
9.050000000000000000e+02 9.974410871688442981e+00
9.060000000000000000e+02 1.024039549373987690e+01
9.070000000000000000e+02 1.018370879542272611e+01
9.080000000000000000e+02 1.027335677534599334e+01
9.090000000000000000e+02 1.029923242893600310e+01
9.100000000000000000e+02 1.010908077552027962e+01
9.110000000000000000e+02 1.029436675401300505e+01
9.120000000000000000e+02 1.026730744356691183e+01
9.130000000000000000e+02 1.026429505294633238e+01
9.140000000000000000e+02 1.028611563787651129e+01
9.150000000000000000e+02 1.018192932528120664e+01
9.160000000000000000e+02 1.033917388203664878e+01
9.170000000000000000e+02 1.045779890890671204e+01
9.180000000000000000e+02 1.030445246651542668e+01
9.190000000000000000e+02 1.025216767213315272e+01
9.200000000000000000e+02 1.041980789766884108e+01
9.210000000000000000e+02 1.043563549491621600e+01
9.220000000000000000e+02 1.041416572748882530e+01
9.230000000000000000e+02 1.042019780712308474e+01
9.240000000000000000e+02 1.050598305051112291e+01
9.250000000000000000e+02 1.045686715842520442e+01
9.260000000000000000e+02 1.040149278982612735e+01
9.270000000000000000e+02 1.040658787271420671e+01
9.280000000000000000e+02 1.032026972577425106e+01
9.290000000000000000e+02 1.056958774055987327e+01
9.300000000000000000e+02 1.050719236614508034e+01
9.310000000000000000e+02 1.042186654320224548e+01
9.320000000000000000e+02 1.074351880427925998e+01
9.330000000000000000e+02 1.047317578233965563e+01
9.340000000000000000e+02 1.056530455606005248e+01
9.350000000000000000e+02 1.059616761470509871e+01
9.360000000000000000e+02 1.059819491219915299e+01
9.370000000000000000e+02 1.061183286219671551e+01
9.380000000000000000e+02 1.065108947524254823e+01
9.390000000000000000e+02 1.071524856811301518e+01
9.400000000000000000e+02 1.053701060383987453e+01
9.410000000000000000e+02 1.083741341335010766e+01
9.420000000000000000e+02 1.063500446967597135e+01
9.430000000000000000e+02 1.091269175457981788e+01
9.440000000000000000e+02 1.077557448625527314e+01
9.450000000000000000e+02 1.095816549230121417e+01
9.460000000000000000e+02 1.061320106146028941e+01
9.470000000000000000e+02 1.097642589543386116e+01
9.480000000000000000e+02 1.081478494915697652e+01
9.490000000000000000e+02 1.093123749598603567e+01
9.500000000000000000e+02 1.099453197789181402e+01
9.510000000000000000e+02 1.087379986205188587e+01
9.520000000000000000e+02 1.102521455372515824e+01
9.530000000000000000e+02 1.103080538058392257e+01
9.540000000000000000e+02 1.096184607808435807e+01
9.550000000000000000e+02 1.107852511015738628e+01
9.560000000000000000e+02 1.102569204689985050e+01
9.570000000000000000e+02 1.102382754450302471e+01
9.580000000000000000e+02 1.116073378105202352e+01
9.590000000000000000e+02 1.093830581630660603e+01
9.600000000000000000e+02 1.120368842420265132e+01
9.610000000000000000e+02 1.097371497980643795e+01
9.620000000000000000e+02 1.114438434783724752e+01
9.630000000000000000e+02 1.111701451763548576e+01
9.640000000000000000e+02 1.125026282953690071e+01
9.650000000000000000e+02 1.125451189325488777e+01
9.660000000000000000e+02 1.124715838088126851e+01
9.670000000000000000e+02 1.127447683655616295e+01
9.680000000000000000e+02 1.133346085731994002e+01
9.690000000000000000e+02 1.109552229247008093e+01
9.700000000000000000e+02 1.125404437102570654e+01
9.710000000000000000e+02 1.156892804047599554e+01
9.720000000000000000e+02 1.132030115078232591e+01
9.730000000000000000e+02 1.142784442247622145e+01
9.740000000000000000e+02 1.151078608985657681e+01
9.750000000000000000e+02 1.143804154135474960e+01
9.760000000000000000e+02 1.129405063216665006e+01
9.770000000000000000e+02 1.140783875750300425e+01
9.780000000000000000e+02 1.158564014962974653e+01
9.790000000000000000e+02 1.127298042271562650e+01
9.800000000000000000e+02 1.159666425944887180e+01
9.810000000000000000e+02 1.152277672831488253e+01
9.820000000000000000e+02 1.173696362704730767e+01
9.830000000000000000e+02 1.145882286426991925e+01
9.840000000000000000e+02 1.186503399318817209e+01
9.850000000000000000e+02 1.170515283538246010e+01
9.860000000000000000e+02 1.184364308731461080e+01
9.870000000000000000e+02 1.160830044927816829e+01
9.880000000000000000e+02 1.193517697309573222e+01
9.890000000000000000e+02 1.190115111978447082e+01
9.900000000000000000e+02 1.177106668441924064e+01
9.910000000000000000e+02 1.193883949580965975e+01
9.920000000000000000e+02 1.199905949013828810e+01
9.930000000000000000e+02 1.181392882281152978e+01
9.940000000000000000e+02 1.194833232579722448e+01
9.950000000000000000e+02 1.195366452950584168e+01
9.960000000000000000e+02 1.185101223134650184e+01
9.970000000000000000e+02 1.210859931121454203e+01
9.980000000000000000e+02 1.220564156370843989e+01
9.990000000000000000e+02 1.201563799510033803e+01
1.000000000000000000e+03 1.202407865429619349e+01
1.001000000000000000e+03 1.204284185832521104e+01
1.002000000000000000e+03 1.235835333526778612e+01
1.003000000000000000e+03 1.214698177622464392e+01
1.004000000000000000e+03 1.236038848824901315e+01
1.005000000000000000e+03 1.218540446078936235e+01
1.006000000000000000e+03 1.240198901284861144e+01
1.007000000000000000e+03 1.228266327333081698e+01
1.008000000000000000e+03 1.230713652909829570e+01
1.009000000000000000e+03 1.253666852515606678e+01
1.010000000000000000e+03 1.226561104428655824e+01
1.011000000000000000e+03 1.249277901888863518e+01
1.012000000000000000e+03 1.230078189961973756e+01
1.013000000000000000e+03 1.258325047386660422e+01
1.014000000000000000e+03 1.244168158545203617e+01
1.015000000000000000e+03 1.259203846753961820e+01
1.016000000000000000e+03 1.258562229621500528e+01
1.017000000000000000e+03 1.279610649904343234e+01
1.018000000000000000e+03 1.262630986873489825e+01
1.019000000000000000e+03 1.278155820529865494e+01
1.020000000000000000e+03 1.269198803062967329e+01
1.021000000000000000e+03 1.302409668899102790e+01
1.022000000000000000e+03 1.284918797510728261e+01
1.023000000000000000e+03 1.274551453628208719e+01
1.024000000000000000e+03 1.285599726099825979e+01
1.025000000000000000e+03 1.278782303960421451e+01
1.026000000000000000e+03 1.300869698184852474e+01
1.027000000000000000e+03 1.298842195974886948e+01
1.028000000000000000e+03 1.292254806066224937e+01
1.029000000000000000e+03 1.294727863271486790e+01
1.030000000000000000e+03 1.313833403639462816e+01
1.031000000000000000e+03 1.282799847280636030e+01
1.032000000000000000e+03 1.334484641672734817e+01
1.033000000000000000e+03 1.316140637424178550e+01
1.034000000000000000e+03 1.343769968320657604e+01
1.035000000000000000e+03 1.317989818489067666e+01
1.036000000000000000e+03 1.328960884268055409e+01
1.037000000000000000e+03 1.334117213963517123e+01
1.038000000000000000e+03 1.357358159763701977e+01
1.039000000000000000e+03 1.360161655508257894e+01
1.040000000000000000e+03 1.336483927136237781e+01
1.041000000000000000e+03 1.351585890715828064e+01
1.042000000000000000e+03 1.359991829902968341e+01
1.043000000000000000e+03 1.360363193669782866e+01
1.044000000000000000e+03 1.372208167015738844e+01
1.045000000000000000e+03 1.365920890222598949e+01
1.046000000000000000e+03 1.377645100235907982e+01
1.047000000000000000e+03 1.369216148591882565e+01
1.048000000000000000e+03 1.371711418750209965e+01
1.049000000000000000e+03 1.360886740266150419e+01
1.050000000000000000e+03 1.421396597641289894e+01
1.051000000000000000e+03 1.399486350764793308e+01
1.052000000000000000e+03 1.421887880776947632e+01
1.053000000000000000e+03 1.422897538726614464e+01
1.054000000000000000e+03 1.395166519359285395e+01
1.055000000000000000e+03 1.404395917824787787e+01
1.056000000000000000e+03 1.412681561257189067e+01
1.057000000000000000e+03 1.432562500223617796e+01
1.058000000000000000e+03 1.419992651327458155e+01
1.059000000000000000e+03 1.436001184928381846e+01
1.060000000000000000e+03 1.422719090249246499e+01
1.061000000000000000e+03 1.451913885605833165e+01
1.062000000000000000e+03 1.442173607213577391e+01
1.063000000000000000e+03 1.476953209721201610e+01
1.064000000000000000e+03 1.422765191292948472e+01
1.065000000000000000e+03 1.444103252798460701e+01
1.066000000000000000e+03 1.462572100561972022e+01
1.067000000000000000e+03 1.447212356114352083e+01
1.068000000000000000e+03 1.479777717294835604e+01
1.069000000000000000e+03 1.468574063553088394e+01
1.070000000000000000e+03 1.470547063710641211e+01
1.071000000000000000e+03 1.500620424223340343e+01
1.072000000000000000e+03 1.476465055201198240e+01
1.073000000000000000e+03 1.487288827580803208e+01
1.074000000000000000e+03 1.496681431549878738e+01
1.075000000000000000e+03 1.502428211794039647e+01
1.076000000000000000e+03 1.499205459748230318e+01
1.077000000000000000e+03 1.512209796195352141e+01
1.078000000000000000e+03 1.514057456014220193e+01
1.079000000000000000e+03 1.523892166846069074e+01
1.080000000000000000e+03 1.551613355673516104e+01
1.081000000000000000e+03 1.540153238019235893e+01
1.082000000000000000e+03 1.549011111806103003e+01
1.083000000000000000e+03 1.561450240402244738e+01
1.084000000000000000e+03 1.552723531103603527e+01
1.085000000000000000e+03 1.544074061751834215e+01
1.086000000000000000e+03 1.581212677555880397e+01
1.087000000000000000e+03 1.593226349820525378e+01
1.088000000000000000e+03 1.587631968076874500e+01
1.089000000000000000e+03 1.588147598919518799e+01
1.090000000000000000e+03 1.577252058238676113e+01
1.091000000000000000e+03 1.615369891720234818e+01
1.092000000000000000e+03 1.602305332166070784e+01
1.093000000000000000e+03 1.610870984936618200e+01
1.094000000000000000e+03 1.618218960088369940e+01
1.095000000000000000e+03 1.633765052522757699e+01
1.096000000000000000e+03 1.610996984489970885e+01
1.097000000000000000e+03 1.644042008575454972e+01
1.098000000000000000e+03 1.646622293802057868e+01
1.099000000000000000e+03 1.641825039763968874e+01
1.100000000000000000e+03 1.667243661249892384e+01
1.101000000000000000e+03 1.656574412053989320e+01
1.102000000000000000e+03 1.681051618678473147e+01
1.103000000000000000e+03 1.661390723271253478e+01
1.104000000000000000e+03 1.685584511026056020e+01
1.105000000000000000e+03 1.662100749158955892e+01
1.106000000000000000e+03 1.688289025621104500e+01
1.107000000000000000e+03 1.681900191410531065e+01
1.108000000000000000e+03 1.687864292348821493e+01
1.109000000000000000e+03 1.709476051368203287e+01
1.110000000000000000e+03 1.728861908224118338e+01
1.111000000000000000e+03 1.713435595908335074e+01
1.112000000000000000e+03 1.744766481518231416e+01
1.113000000000000000e+03 1.696453271100012472e+01
1.114000000000000000e+03 1.742089625664211994e+01
1.115000000000000000e+03 1.730947596389636445e+01
1.116000000000000000e+03 1.779971264938936670e+01
1.117000000000000000e+03 1.751214288601564206e+01
1.118000000000000000e+03 1.764636268176509759e+01
1.119000000000000000e+03 1.794226954555286113e+01
1.120000000000000000e+03 1.764541087341894254e+01
1.121000000000000000e+03 1.786457777589982854e+01
1.122000000000000000e+03 1.787829871788439107e+01
1.123000000000000000e+03 1.811216228145885054e+01
1.124000000000000000e+03 1.801698885909927483e+01
1.125000000000000000e+03 1.842702632443109678e+01
1.126000000000000000e+03 1.831529456863887972e+01
1.127000000000000000e+03 1.855583959507749370e+01
1.128000000000000000e+03 1.860995940559545758e+01
1.129000000000000000e+03 1.840184425589170658e+01
1.130000000000000000e+03 1.862614406358332531e+01
1.131000000000000000e+03 1.856363360988209621e+01
1.132000000000000000e+03 1.914928101893699264e+01
1.133000000000000000e+03 1.869530443876899284e+01
1.134000000000000000e+03 1.915566121863092874e+01
1.135000000000000000e+03 1.891600417314265314e+01
1.136000000000000000e+03 1.929891172807917599e+01
1.137000000000000000e+03 1.905752577763003686e+01
1.138000000000000000e+03 1.907805037176706264e+01
1.139000000000000000e+03 1.933753208917476840e+01
1.140000000000000000e+03 1.947061873891259154e+01
1.141000000000000000e+03 1.975888686575362740e+01
1.142000000000000000e+03 1.953957131580897055e+01
1.143000000000000000e+03 1.942860045662098045e+01
1.144000000000000000e+03 1.979572784242825989e+01
1.145000000000000000e+03 1.968410142028528753e+01
1.146000000000000000e+03 1.981161625921489744e+01
1.147000000000000000e+03 1.991745587315364574e+01
1.148000000000000000e+03 2.013272015989960906e+01
1.149000000000000000e+03 2.016059822413228275e+01
1.150000000000000000e+03 2.036149607574658305e+01
1.151000000000000000e+03 2.002327860843082519e+01
1.152000000000000000e+03 2.095757914661392363e+01
1.153000000000000000e+03 2.068499506135622568e+01
1.154000000000000000e+03 2.044613565742781702e+01
1.155000000000000000e+03 2.087875225007032398e+01
1.156000000000000000e+03 2.089311917756348791e+01
1.157000000000000000e+03 2.060721797381735243e+01
1.158000000000000000e+03 2.100737069333373697e+01
1.159000000000000000e+03 2.136737435761856574e+01
1.160000000000000000e+03 2.130078859845060180e+01
1.161000000000000000e+03 2.135261348976575135e+01
1.162000000000000000e+03 2.160595617518766787e+01
1.163000000000000000e+03 2.165095680596916949e+01
1.164000000000000000e+03 2.151228651904120426e+01
1.165000000000000000e+03 2.180199137798279807e+01
1.166000000000000000e+03 2.181535510585545623e+01
1.167000000000000000e+03 2.208018204605371793e+01
1.168000000000000000e+03 2.201275944016220265e+01
1.169000000000000000e+03 2.236053295776512329e+01
1.170000000000000000e+03 2.225531736677507055e+01
1.171000000000000000e+03 2.263726421423759660e+01
1.172000000000000000e+03 2.242489643891273943e+01
1.173000000000000000e+03 2.322014131200239007e+01
1.174000000000000000e+03 2.265134088705199034e+01
1.175000000000000000e+03 2.308484335592622827e+01
1.176000000000000000e+03 2.365816311000695649e+01
1.177000000000000000e+03 2.323145819202488482e+01
1.178000000000000000e+03 2.350515496174137198e+01
1.179000000000000000e+03 2.342543447177409632e+01
1.180000000000000000e+03 2.387729155935467418e+01
1.181000000000000000e+03 2.350681913648110211e+01
1.182000000000000000e+03 2.420569008924342569e+01
1.183000000000000000e+03 2.388480719772473293e+01
1.184000000000000000e+03 2.397137339652547183e+01
1.185000000000000000e+03 2.434994420487442568e+01
1.186000000000000000e+03 2.429139892955766911e+01
1.187000000000000000e+03 2.431927059435367156e+01
1.188000000000000000e+03 2.451160254139707106e+01
1.189000000000000000e+03 2.499417777862704781e+01
1.190000000000000000e+03 2.477570737444737858e+01
1.191000000000000000e+03 2.529540198173149790e+01
1.192000000000000000e+03 2.493835728040658495e+01
1.193000000000000000e+03 2.531184109432396667e+01
1.194000000000000000e+03 2.585717047024903437e+01
1.195000000000000000e+03 2.559096919628287026e+01
1.196000000000000000e+03 2.554513540623944934e+01
1.197000000000000000e+03 2.597205430965006556e+01
1.198000000000000000e+03 2.610055145039467206e+01
1.199000000000000000e+03 2.495547462147490947e+01
1.200000000000000000e+03 2.749199170309880458e+01
1.201000000000000000e+03 2.658536685365302432e+01
1.202000000000000000e+03 2.665502149741530502e+01
1.203000000000000000e+03 2.664976569972464659e+01
1.204000000000000000e+03 2.685947982290577940e+01
1.205000000000000000e+03 2.753761941933143476e+01
1.206000000000000000e+03 2.713158876146930965e+01
1.207000000000000000e+03 2.796070695049283827e+01
1.208000000000000000e+03 2.735961838444405103e+01
1.209000000000000000e+03 2.801994367443002432e+01
1.210000000000000000e+03 2.750355738933752292e+01
1.211000000000000000e+03 2.847230661377086847e+01
1.212000000000000000e+03 2.843134603540881145e+01
1.213000000000000000e+03 2.875888729454768722e+01
1.214000000000000000e+03 2.890956459114214994e+01
1.215000000000000000e+03 2.882747814439107970e+01
1.216000000000000000e+03 2.938571908915308839e+01
1.217000000000000000e+03 2.936877745557229247e+01
1.218000000000000000e+03 2.937138956539083878e+01
1.219000000000000000e+03 2.973323245199618370e+01
1.220000000000000000e+03 2.984717675792408542e+01
1.221000000000000000e+03 3.007105492863315277e+01
1.222000000000000000e+03 3.057809072429373742e+01
1.223000000000000000e+03 3.050955540474841854e+01
1.224000000000000000e+03 3.054175697210235896e+01
1.225000000000000000e+03 3.085648535672560655e+01
1.226000000000000000e+03 3.166882990752838722e+01
1.227000000000000000e+03 3.137661735245984218e+01
1.228000000000000000e+03 3.136235066386748471e+01
1.229000000000000000e+03 3.129706489546107306e+01
1.230000000000000000e+03 3.187432077368265482e+01
1.231000000000000000e+03 3.204233739404205750e+01
1.232000000000000000e+03 3.223541301102439149e+01
1.233000000000000000e+03 3.224395047480852128e+01
1.234000000000000000e+03 3.276044992868494887e+01
1.235000000000000000e+03 3.313823407135679844e+01
1.236000000000000000e+03 3.246215611621835961e+01
1.237000000000000000e+03 3.374078910565356892e+01
1.238000000000000000e+03 3.311979225627755596e+01
1.239000000000000000e+03 3.413913975632166142e+01
1.240000000000000000e+03 3.409461423262295909e+01
1.241000000000000000e+03 3.436669455118736494e+01
1.242000000000000000e+03 3.429090967405517887e+01
1.243000000000000000e+03 3.442002753335069798e+01
1.244000000000000000e+03 3.516012679934001994e+01
1.245000000000000000e+03 3.517357618999719904e+01
1.246000000000000000e+03 3.595604010992279598e+01
1.247000000000000000e+03 3.519782493270218993e+01
1.248000000000000000e+03 3.618935682595143533e+01
1.249000000000000000e+03 3.615255017964441464e+01
1.250000000000000000e+03 3.677269899669354913e+01
1.251000000000000000e+03 3.644983937587885947e+01
1.252000000000000000e+03 3.773074051797676276e+01
1.253000000000000000e+03 3.728647604278882710e+01
1.254000000000000000e+03 3.761644000470208482e+01
1.255000000000000000e+03 3.763190360904702914e+01
1.256000000000000000e+03 3.831743553840712480e+01
1.257000000000000000e+03 3.876855697584210958e+01
1.258000000000000000e+03 3.845490291747736222e+01
1.259000000000000000e+03 3.949748937986847608e+01
1.260000000000000000e+03 3.955917981621679758e+01
1.261000000000000000e+03 3.962055317774368035e+01
1.262000000000000000e+03 4.076587744626284859e+01
1.263000000000000000e+03 3.950409912595029738e+01
1.264000000000000000e+03 4.086223187474007545e+01
1.265000000000000000e+03 4.091714903913300105e+01
1.266000000000000000e+03 4.120380308741428621e+01
1.267000000000000000e+03 4.180139791463561494e+01
1.268000000000000000e+03 4.229394449096155029e+01
1.269000000000000000e+03 4.228053691193076702e+01
1.270000000000000000e+03 4.295488895852483324e+01
1.271000000000000000e+03 4.287271041259472071e+01
1.272000000000000000e+03 4.380841881453706321e+01
1.273000000000000000e+03 4.337352826740897171e+01
1.274000000000000000e+03 4.404488363725965172e+01
1.275000000000000000e+03 4.458204946275139235e+01
1.276000000000000000e+03 4.558904436179056319e+01
1.277000000000000000e+03 4.445533204509292347e+01
1.278000000000000000e+03 4.551746345828884444e+01
1.279000000000000000e+03 4.639499176113155698e+01
1.280000000000000000e+03 4.604686667118273391e+01
1.281000000000000000e+03 4.593969389206741027e+01
1.282000000000000000e+03 4.698226709948092150e+01
1.283000000000000000e+03 4.741519020104512094e+01
1.284000000000000000e+03 4.784745301842395548e+01
1.285000000000000000e+03 4.891592176657837143e+01
1.286000000000000000e+03 4.911979305115374217e+01
1.287000000000000000e+03 4.869661307191915967e+01
1.288000000000000000e+03 4.958125267819236370e+01
1.289000000000000000e+03 5.065807771827389416e+01
1.290000000000000000e+03 4.985584657146835497e+01
1.291000000000000000e+03 5.150304222228923123e+01
1.292000000000000000e+03 5.067364038420726757e+01
1.293000000000000000e+03 5.167282763838197468e+01
1.294000000000000000e+03 5.253653675932222455e+01
1.295000000000000000e+03 5.286002759461620570e+01
1.296000000000000000e+03 5.309810303481842908e+01
1.297000000000000000e+03 5.431448561524727126e+01
1.298000000000000000e+03 5.416701603987463187e+01
1.299000000000000000e+03 5.273935551635994301e+01
1.300000000000000000e+03 5.716899203473469981e+01
1.301000000000000000e+03 5.558831924564140081e+01
1.302000000000000000e+03 5.658006719570379772e+01
1.303000000000000000e+03 5.555427003875507808e+01
1.304000000000000000e+03 5.641224338399012339e+01
1.305000000000000000e+03 5.822597673946877705e+01
1.306000000000000000e+03 5.959319237011612813e+01
1.307000000000000000e+03 5.903697955202355274e+01
1.308000000000000000e+03 5.997298821752694664e+01
1.309000000000000000e+03 6.069717831911264483e+01
1.310000000000000000e+03 6.268931681153991775e+01
1.311000000000000000e+03 6.195940013667394197e+01
1.312000000000000000e+03 6.161110572034827015e+01
1.313000000000000000e+03 6.200555782057605114e+01
1.314000000000000000e+03 6.558717377735571574e+01
1.315000000000000000e+03 6.414792374137233821e+01
1.316000000000000000e+03 6.428896034338418985e+01
1.317000000000000000e+03 6.671831538748773482e+01
1.318000000000000000e+03 6.566521263900003191e+01
1.319000000000000000e+03 6.611238763225355797e+01
1.320000000000000000e+03 6.445564771633092960e+01
1.321000000000000000e+03 7.154466389881743282e+01
1.322000000000000000e+03 6.472119530627202266e+01
1.323000000000000000e+03 7.047305339427214221e+01
1.324000000000000000e+03 7.343973920347870887e+01
1.325000000000000000e+03 7.069667791710359950e+01
1.326000000000000000e+03 6.886323453986854304e+01
1.327000000000000000e+03 7.536888226030127669e+01
1.328000000000000000e+03 7.453173415891828313e+01
1.329000000000000000e+03 7.555477781065187060e+01
1.330000000000000000e+03 7.285331732004131311e+01
1.331000000000000000e+03 7.784430190870219235e+01
1.332000000000000000e+03 7.687979894302020512e+01
1.333000000000000000e+03 7.467752213993605892e+01
1.334000000000000000e+03 7.708209454292578755e+01
1.335000000000000000e+03 7.730945782399274435e+01
1.336000000000000000e+03 8.644174510471178507e+01
1.337000000000000000e+03 8.135102546848182214e+01
1.338000000000000000e+03 7.904342808322806491e+01
1.339000000000000000e+03 8.537487965612309893e+01
1.340000000000000000e+03 8.839757679283437142e+01
1.341000000000000000e+03 8.888680343333373912e+01
1.342000000000000000e+03 8.674620784756470471e+01
1.343000000000000000e+03 8.503681731125925580e+01
1.344000000000000000e+03 8.924871799144140994e+01
1.345000000000000000e+03 9.721079953884627400e+01
1.346000000000000000e+03 9.113131537402284721e+01
1.347000000000000000e+03 8.273286228576805001e+01
1.348000000000000000e+03 9.587914185684591928e+01
1.349000000000000000e+03 9.033482409981216676e+01
1.350000000000000000e+03 1.029422536888786652e+02
1.351000000000000000e+03 1.048915286185193594e+02
1.352000000000000000e+03 9.583355852028847721e+01
1.353000000000000000e+03 9.996747513146924291e+01
1.354000000000000000e+03 9.507794092541344355e+01
1.355000000000000000e+03 1.068254681276733038e+02
1.356000000000000000e+03 9.922144623638115490e+01
1.357000000000000000e+03 1.103517698519573145e+02
1.358000000000000000e+03 1.104485424712296577e+02
1.359000000000000000e+03 1.093476359207180764e+02
1.360000000000000000e+03 1.036304206691627456e+02
1.361000000000000000e+03 1.085549332926519952e+02
1.362000000000000000e+03 1.191137723823688646e+02
1.363000000000000000e+03 1.165027080442083758e+02
1.364000000000000000e+03 1.246437711647565436e+02
1.365000000000000000e+03 1.255605398974385594e+02
1.366000000000000000e+03 1.171137301599951286e+02
1.367000000000000000e+03 1.230441244272843164e+02
1.368000000000000000e+03 1.500026066502519768e+02
1.369000000000000000e+03 1.031096808749688307e+02
1.370000000000000000e+03 1.591548479372991665e+02
1.371000000000000000e+03 1.254463867675602984e+02
1.372000000000000000e+03 1.090320641102550070e+02
1.373000000000000000e+03 1.326787095858886971e+02
1.374000000000000000e+03 1.412043562123568563e+02
1.375000000000000000e+03 1.425933535248152850e+02
1.376000000000000000e+03 1.354760670808563816e+02
1.377000000000000000e+03 1.613361301919817379e+02
1.378000000000000000e+03 1.470560381231061058e+02
1.379000000000000000e+03 1.549324203642845248e+02
1.380000000000000000e+03 1.503437718335360387e+02
1.381000000000000000e+03 1.694026328108564599e+02
1.382000000000000000e+03 1.314372993570100334e+02
1.383000000000000000e+03 1.578296442561445758e+02
1.384000000000000000e+03 1.612839826919728523e+02
1.385000000000000000e+03 1.488713110185593678e+02
1.386000000000000000e+03 1.942681123764129723e+02
1.387000000000000000e+03 1.664477138848061486e+02
1.388000000000000000e+03 1.626425599260834360e+02
1.389000000000000000e+03 1.888666604147214230e+02
1.390000000000000000e+03 1.684887442338729500e+02
1.391000000000000000e+03 1.600246281998249742e+02
1.392000000000000000e+03 1.885364415799742517e+02
1.393000000000000000e+03 1.861280266236579735e+02
1.394000000000000000e+03 2.256932268844016107e+02
1.395000000000000000e+03 2.136966582435694306e+02
1.396000000000000000e+03 2.049360616865520512e+02
1.397000000000000000e+03 1.806425568760927831e+02
1.398000000000000000e+03 1.696584718841879749e+02
1.399000000000000000e+03 1.787190950842513075e+02
1.400000000000000000e+03 2.180372835742986410e+02
1.401000000000000000e+03 2.224812083689159294e+02
1.402000000000000000e+03 1.649720811581830162e+02
1.403000000000000000e+03 2.571326644365894936e+02
1.404000000000000000e+03 2.245076378008950542e+02
1.405000000000000000e+03 2.869909128962589193e+02
1.406000000000000000e+03 2.411087830203486533e+02
1.407000000000000000e+03 2.666454601444458490e+02
1.408000000000000000e+03 2.136148209720362559e+02
1.409000000000000000e+03 2.156992970908462155e+02
1.410000000000000000e+03 2.832056166713545622e+02
1.411000000000000000e+03 3.142603610635699170e+02
1.412000000000000000e+03 2.408789742380882899e+02
1.413000000000000000e+03 2.722125401608880679e+02
1.414000000000000000e+03 3.450091832521158040e+02
1.415000000000000000e+03 2.484324400236190797e+02
1.416000000000000000e+03 2.794821041654028022e+02
1.417000000000000000e+03 3.664489208727793539e+02
1.418000000000000000e+03 2.890716780340479772e+02
1.419000000000000000e+03 3.870941471317086666e+02
1.420000000000000000e+03 3.575591366610657360e+02
1.421000000000000000e+03 3.567262551953165257e+02
1.422000000000000000e+03 3.067645580304782129e+02
1.423000000000000000e+03 3.653971358982160496e+02
1.424000000000000000e+03 3.134050874539226470e+02
1.425000000000000000e+03 3.769607180937518933e+02
1.426000000000000000e+03 3.183890060938034594e+02
1.427000000000000000e+03 3.638795096496474457e+02
1.428000000000000000e+03 5.132005804282068766e+02
1.429000000000000000e+03 5.135199158728540851e+02
1.430000000000000000e+03 5.746558622871295938e+02
1.431000000000000000e+03 4.146836986531621392e+02
1.432000000000000000e+03 4.703198307897682184e+02
1.433000000000000000e+03 6.185657127966530879e+02
1.434000000000000000e+03 4.880886929260695410e+02
1.435000000000000000e+03 6.305256235051570002e+02
1.436000000000000000e+03 5.363346105711224254e+02
1.437000000000000000e+03 5.140442536713628670e+02
1.438000000000000000e+03 3.582057723577947854e+02
1.439000000000000000e+03 8.982804558417029739e+02
1.440000000000000000e+03 4.676241273359768229e+02
1.441000000000000000e+03 6.871105337367043830e+02
1.442000000000000000e+03 1.002154730007965100e+03
1.443000000000000000e+03 5.754398596762491707e+02
1.444000000000000000e+03 6.473423813154017807e+02
1.445000000000000000e+03 8.654096125477608439e+02
1.446000000000000000e+03 7.216822501767218228e+02
1.447000000000000000e+03 9.032393529634271090e+02
1.448000000000000000e+03 6.961548553378549968e+02
1.449000000000000000e+03 9.623612491910353128e+02
1.450000000000000000e+03 8.386980803364198209e+02
1.451000000000000000e+03 8.498528198262473552e+02
1.452000000000000000e+03 9.523873137561905651e+02
1.453000000000000000e+03 8.108697696519958527e+02
1.454000000000000000e+03 9.616310541341415501e+02
1.455000000000000000e+03 1.019259469329260355e+03
1.456000000000000000e+03 1.096951794398533593e+03
1.457000000000000000e+03 1.306968136008077863e+03
1.458000000000000000e+03 1.122254115281954910e+03
1.459000000000000000e+03 1.401240535932938428e+03
1.460000000000000000e+03 1.762118353658041542e+03
1.461000000000000000e+03 1.355542118162370798e+03
1.462000000000000000e+03 1.512168042427771297e+03
1.463000000000000000e+03 2.030612895085514538e+03
1.464000000000000000e+03 1.664745381238282107e+03
1.465000000000000000e+03 1.760504805320512105e+03
1.466000000000000000e+03 2.308109465569887561e+03
1.467000000000000000e+03 2.110210760367266175e+03
1.468000000000000000e+03 2.366007542318548985e+03
1.469000000000000000e+03 2.572732397344406309e+03
1.470000000000000000e+03 3.453501115649941767e+03
1.471000000000000000e+03 3.070524471682241710e+03
1.472000000000000000e+03 2.060262251111288606e+03
1.473000000000000000e+03 2.839808736522301388e+03
1.474000000000000000e+03 3.219249233638533951e+03
1.475000000000000000e+03 2.345925638212088870e+03
1.476000000000000000e+03 1.944061070156736605e+03
1.477000000000000000e+03 4.963953155972870263e+03
1.478000000000000000e+03 4.597305069283468583e+03
1.479000000000000000e+03 5.270014913751892891e+03
1.480000000000000000e+03 4.651177926932835362e+03
1.481000000000000000e+03 6.733070929184686975e+03
1.482000000000000000e+03 7.571181598382430820e+03
1.483000000000000000e+03 8.976828090493028867e+03
1.484000000000000000e+03 1.054088782602661195e+04
1.485000000000000000e+03 1.021155730301751282e+04
1.486000000000000000e+03 1.431366549020633283e+04
1.487000000000000000e+03 1.426704914175667909e+04
1.488000000000000000e+03 2.157089841341346983e+04
1.489000000000000000e+03 2.120260600364247875e+04
1.490000000000000000e+03 2.345788979330955772e+04
1.491000000000000000e+03 2.679722586730088005e+04
1.492000000000000000e+03 3.697328511518645246e+04
1.493000000000000000e+03 4.010425545497233543e+04
1.494000000000000000e+03 7.300995729655107425e+04
1.495000000000000000e+03 1.055878892003921646e+05
1.496000000000000000e+03 1.436970322265220166e+05
1.497000000000000000e+03 1.872997934083970904e+05
1.498000000000000000e+03 2.603035606888739858e+05
