# size duration
3.000000000000000444e-01 5.690387689560770790e-01
1.484999999999999876e+00 4.395033949632306758e+00
7.500000000000017764e-02 1.344422444917874049e-01
4.999999999999982236e-02 7.307346123513118463e-02
6.499999999999950262e-02 1.120412389670582681e-01
4.000000000000003553e-02 4.822088429640193630e-02
4.999999999999982236e-02 6.224916400923726639e-02
5.999999999999960920e-02 1.131686969843726104e-01
6.499999999999950262e-02 1.226639693727758773e-01
6.500000000000039080e-02 1.058615984828910200e-01
7.500000000000017764e-02 1.424160026536773482e-01
1.150000000000002132e-01 2.869795604527078381e-01
4.499999999999992895e-02 5.754654146578778301e-02
4.000000000000003553e-02 4.998405765782826943e-02
1.999999999999957367e-02 2.189700739775456498e-02
1.999999999999957367e-02 2.482433474101643917e-02
4.999999999999893419e-03 5.433921411782760211e-03
5.500000000000060396e-02 8.841856636092311483e-02
5.499999999999971578e-02 9.408668266250433398e-02
3.500000000000014211e-02 4.692567632248739740e-02
4.000000000000003553e-02 5.233287998295238497e-02
6.999999999999939604e-02 1.226818331099545634e-01
4.000000000000003553e-02 5.464858574846279821e-02
9.499999999999886313e-02 1.413880148415249116e-01
3.500000000000014211e-02 5.428718142599994051e-02
3.500000000000014211e-02 5.212117849335605457e-02
5.500000000000149214e-02 8.410525592074526158e-02
6.500000000000127898e-02 1.205821821770236141e-01
6.000000000000049738e-02 8.339334169827844478e-02
7.000000000000028422e-02 1.092698192530704437e-01
3.500000000000014211e-02 5.276671830964120569e-02
3.500000000000014211e-02 5.229069043825836094e-02
2.500000000000035527e-02 2.843174362439341782e-02
3.500000000000014211e-02 4.224338364610923796e-02
1.600000000000001421e-01 3.417752078653617520e-01
6.999999999999850786e-02 1.367490611442801485e-01
4.000000000000092371e-02 5.516925571597965094e-02
2.500000000000035527e-02 2.990713102558557185e-02
