5.313840795501889418e-03 5.601749999999999091e-03
6.728017910203278398e-03 1.142129000000000234e-02
8.256373295824596600e-03 2.068327000000000013e-02
1.052723611722654849e-02 3.979460419736073791e-03
1.229838507399807351e-02 8.608681874563312367e-03
1.514000330250836815e-02 7.695062000000000776e-03
1.844200884591063599e-02 8.430822059095123902e-03
2.065061448854689508e-02 8.080881732599170392e-03
2.500000799999729448e-02 6.492500999999999481e-03
2.997233387604972960e-02 5.653982066816978271e-03
3.595547659399001006e-02 6.180605638808143142e-03
4.213042926486797179e-02 5.859278705810980724e-03
5.261055787577203352e-02 7.169196000000002678e-03
6.611995254838110014e-02 5.077241000000002301e-03
7.602282420431419330e-02 5.055737959870443797e-03
8.591033652356376560e-02 4.796052061665509805e-03
1.136369604199893579e-01 4.866479482630538776e-03
1.345300000000015928e-01 4.522733395716577696e-03
1.627279140382837941e-01 4.492157991582556610e-03
1.952544813826296854e-01 4.231786923107423368e-03
2.345299999999994611e-01 4.101936000000001338e-03
2.817346165345760434e-01 3.862462267353299755e-03
3.328884689164542388e-01 3.806786471992356161e-03
3.912218115775178418e-01 3.685736460661559900e-03
4.739496771810278175e-01 3.714446999999999194e-03
5.646366242057092588e-01 3.563855939440733860e-03
6.817885788214669285e-01 3.514206167987302641e-03
8.169151097268294581e-01 3.579740000000000092e-03
9.846520577148741848e-01 3.632110217117318074e-03
1.158090714797421983e+00 3.588648000000001139e-03
1.412057781324828953e+00 3.964480000000002863e-03
1.624515836334010643e+00 3.623668999999998634e-03
