# size duration
2.875000000000000000e+00 1.150682395436360750e+01
8.750000000000000000e-01 1.616307258111735923e+00
1.125000000000000000e+00 1.435886693602761000e+00
4.625000000000000000e+00 4.232466574221190214e+00
1.250000000000000000e-01 2.484415774441250946e-02
2.500000000000000000e-01 9.284381897417715024e-02
1.500000000000000000e+00 1.387696666736409901e+00
1.375000000000000000e+00 1.033829908811414011e+00
1.875000000000000000e+00 1.324179510359480449e+00
1.750000000000000000e+00 2.885806799158161073e+00
1.250000000000000000e-01 3.033215744041983797e-02
2.250000000000000000e+00 1.255014472856063712e+00
3.750000000000000000e-01 1.019025626434491016e-01
1.750000000000000000e+00 1.162653989311436931e+00
3.875000000000000000e+00 4.485327736326993886e+00
7.500000000000000000e-01 2.557462605777671705e-01
1.250000000000000000e-01 2.474990255599740507e-02
6.250000000000000000e-01 2.733157196462037142e-01
2.500000000000000000e-01 7.308763391323003233e-02
1.250000000000000000e-01 2.589726508505885150e-02
1.250000000000000000e-01 2.876832958959951725e-02
2.500000000000000000e-01 6.023656197163251846e-02
1.250000000000000000e-01 2.841127914353247519e-02
2.500000000000000000e-01 8.623041211364501635e-02
2.500000000000000000e-01 7.078171183122883292e-02
1.250000000000000000e-01 2.553525903346720582e-02
2.500000000000000000e-01 5.491638401245779733e-02
2.500000000000000000e-01 6.364088090360464633e-02
2.500000000000000000e-01 8.811786198378257495e-02
6.250000000000000000e-01 3.639299423989239557e-01
8.750000000000000000e-01 5.308429432112014013e-01
7.500000000000000000e-01 3.248772303740077305e-01
1.625000000000000000e+00 6.122350104764793244e-01
1.250000000000000000e-01 3.201709589956891477e-02
5.000000000000000000e-01 1.871555601142862457e-01
1.250000000000000000e-01 3.598378526917578313e-02
1.250000000000000000e-01 2.595945226001106221e-02
1.250000000000000000e-01 2.660655134268985478e-02
3.750000000000000000e-01 1.714232822190320249e-01
3.750000000000000000e-01 1.097325538938429546e-01
3.750000000000000000e-01 9.730419349614205515e-02
1.000000000000000000e+00 5.954556716531520522e-01
2.500000000000000000e-01 8.098191872691984372e-02
1.750000000000000000e+00 1.291073321293590759e+00
1.125000000000000000e+00 1.070782700857395131e+00
2.500000000000000000e-01 1.003933800702712098e-01
1.250000000000000000e-01 2.667200454211604566e-02
1.250000000000000000e-01 4.297768034711779706e-02
2.500000000000000000e-01 1.165949862082800159e-01
1.250000000000000000e-01 2.569412043738994456e-02
5.000000000000000000e-01 1.662049792929956027e-01
2.500000000000000000e-01 1.107441204359154163e-01
2.500000000000000000e-01 8.139095037590582393e-02
2.500000000000000000e-01 7.774313952583078446e-02
1.250000000000000000e-01 3.664266873081389875e-02
2.500000000000000000e-01 1.026905647482609929e-01
2.500000000000000000e-01 7.637054752381100542e-02
1.250000000000000000e-01 2.681165423208131671e-02
2.500000000000000000e-01 6.490202627839902760e-02
1.250000000000000000e-01 2.679156086760059452e-02
3.750000000000000000e-01 1.008427569289942483e-01
2.500000000000000000e-01 7.575888424082322103e-02
2.500000000000000000e-01 8.007764687925700287e-02
1.250000000000000000e-01 2.429544030474506400e-02
6.250000000000000000e-01 3.917185681296730948e-01
2.500000000000000000e-01 5.571041030339696221e-02
2.500000000000000000e-01 5.448474136562886372e-02
1.250000000000000000e-01 2.923013489049264280e-02
3.750000000000000000e-01 1.613373725754758681e-01
1.250000000000000000e-01 2.915464695147296226e-02
3.750000000000000000e-01 1.004695712152630094e-01
1.250000000000000000e-01 2.709121781816836716e-02
5.000000000000000000e-01 2.820076299339175918e-01
7.500000000000000000e-01 2.542291334217887666e-01
2.000000000000000000e+00 1.884701602707696377e+00
3.750000000000000000e-01 7.801054171968502260e-02
3.750000000000000000e-01 1.056476792579026380e-01
3.750000000000000000e-01 1.124717366640286542e-01
2.500000000000000000e-01 5.367675913972735913e-02
2.500000000000000000e-01 7.142089138443674656e-02
3.750000000000000000e-01 1.378221184533665600e-01
1.250000000000000000e-01 2.590532620846364154e-02
1.250000000000000000e-01 2.535433079515936328e-02
1.250000000000000000e-01 2.898790787406291258e-02
1.250000000000000000e-01 2.950946849509605840e-02
1.250000000000000000e-01 2.547346771516378894e-02
5.000000000000000000e-01 2.230717802956077023e-01
5.000000000000000000e-01 3.082116154678513631e-01
1.000000000000000000e+00 3.866156133008535889e-01
5.000000000000000000e-01 1.469544114791418998e-01
2.500000000000000000e-01 6.226997292948910356e-02
5.000000000000000000e-01 1.461376301901653463e-01
6.250000000000000000e-01 2.570800635324297367e-01
1.375000000000000000e+00 7.578360248631552665e-01
1.125000000000000000e+00 1.388880253915619978e+00
3.750000000000000000e-01 2.268600509062950188e-01
1.250000000000000000e-01 2.884455020257625790e-02
2.500000000000000000e-01 1.379075148601054401e-01
2.500000000000000000e-01 1.031472185975919054e-01
1.250000000000000000e-01 2.807876068894277211e-02
2.500000000000000000e-01 6.783590015946527885e-02
2.500000000000000000e-01 9.344105032932459309e-02
2.500000000000000000e-01 6.576341304582111746e-02
1.250000000000000000e-01 3.380251919717336406e-02
2.500000000000000000e-01 8.111117131411793579e-02
1.250000000000000000e-01 2.780088276819858706e-02
1.250000000000000000e-01 2.718331949826513494e-02
5.000000000000000000e-01 1.269869229832161217e-01
3.750000000000000000e-01 1.116064186951097881e-01
1.250000000000000000e-01 2.424812410079546510e-02
3.750000000000000000e-01 1.623981082368151085e-01
5.000000000000000000e-01 2.734137932060072274e-01
2.500000000000000000e-01 9.044688440588988243e-02
1.250000000000000000e-01 4.162492092510605701e-02
2.500000000000000000e-01 7.482925778160209873e-02
6.250000000000000000e-01 1.962191514570479356e-01
2.500000000000000000e-01 8.464909497162897978e-02
1.250000000000000000e-01 2.536349843543428406e-02
1.250000000000000000e-01 3.163658531310797883e-02
3.750000000000000000e-01 2.193646836014608859e-01
3.750000000000000000e-01 1.590697457003735771e-01
3.750000000000000000e-01 1.285803050899056998e-01
1.250000000000000000e-01 4.796126562557923023e-02
3.750000000000000000e-01 1.405088656491759735e-01
8.750000000000000000e-01 3.362177228933562745e-01
1.375000000000000000e+00 1.018638564267325464e+00
7.500000000000000000e-01 4.172061195055416505e-01
1.000000000000000000e+00 7.175165104800917959e-01
1.250000000000000000e-01 3.492288193613024561e-02
2.500000000000000000e-01 9.222910662067151932e-02
7.500000000000000000e-01 3.523408395913176783e-01
3.750000000000000000e-01 1.696993429839097622e-01
2.500000000000000000e-01 5.090121376964695799e-02
1.000000000000000000e+00 7.911185924984427409e-01
1.250000000000000000e+00 8.745325536335761818e-01
1.250000000000000000e-01 2.574952916502493139e-02
7.500000000000000000e-01 3.160156715930475535e-01
3.750000000000000000e-01 1.625469577298666035e-01
2.500000000000000000e-01 5.393633130626018790e-02
2.500000000000000000e-01 6.352853854401141476e-02
2.500000000000000000e-01 9.247293460252503650e-02
2.500000000000000000e-01 6.357182986359299903e-02
3.750000000000000000e-01 9.402244758473266018e-02
3.750000000000000000e-01 1.692890432079598995e-01
1.250000000000000000e-01 2.775252886616286219e-02
3.750000000000000000e-01 1.640000196442552571e-01
1.250000000000000000e-01 2.466515168197602748e-02
3.750000000000000000e-01 1.370486142531737173e-01
2.500000000000000000e-01 6.081702394867516404e-02
2.500000000000000000e-01 1.183585239802451561e-01
1.250000000000000000e-01 3.041725787600224606e-02
1.250000000000000000e-01 3.701083362131196708e-02
1.250000000000000000e-01 4.345359559336214872e-02
2.500000000000000000e-01 8.208484537532401148e-02
1.250000000000000000e-01 2.399637067392124123e-02
1.250000000000000000e-01 2.647028638539028478e-02
1.250000000000000000e-01 3.687289696584095111e-02
5.000000000000000000e-01 2.487364858943656998e-01
1.250000000000000000e-01 3.176059872867842415e-02
1.250000000000000000e-01 3.007196336488515698e-02
1.250000000000000000e-01 2.412553268224648662e-02
1.375000000000000000e+00 5.614970431384120886e-01
7.500000000000000000e-01 2.870327326505068832e-01
1.625000000000000000e+00 1.295571850258240953e+00
2.500000000000000000e-01 1.154771950267519109e-01
1.250000000000000000e-01 2.503810317997734458e-02
2.500000000000000000e-01 7.461110754958166780e-02
1.250000000000000000e-01 2.994903014535310604e-02
2.500000000000000000e-01 7.152279139319972501e-02
1.250000000000000000e-01 2.990968838284224773e-02
3.750000000000000000e-01 1.523408604663210042e-01
1.250000000000000000e-01 2.545131042470227811e-02
1.250000000000000000e-01 2.580400711195984798e-02
1.250000000000000000e-01 3.306207928355053838e-02
1.250000000000000000e-01 2.721080286603783094e-02
1.250000000000000000e-01 3.868113697594921518e-02
1.250000000000000000e-01 3.945042778250051896e-02
2.500000000000000000e-01 6.681291509549946994e-02
2.500000000000000000e-01 9.914660613671344436e-02
2.500000000000000000e-01 7.007394425423818518e-02
2.500000000000000000e-01 9.595861238698599749e-02
2.500000000000000000e-01 7.263295724538743059e-02
2.500000000000000000e-01 9.517228776812380886e-02
1.375000000000000000e+00 1.155487721521708977e+00
2.500000000000000000e-01 7.715029428346742435e-02
1.250000000000000000e-01 3.302098371510542307e-02
1.250000000000000000e-01 3.693700888902462509e-02
1.250000000000000000e-01 2.505788875652470438e-02
1.250000000000000000e-01 2.687476700698798737e-02
2.750000000000000000e+00 3.421516216740697391e+00
2.500000000000000000e-01 7.827259081425008702e-02
2.500000000000000000e-01 8.784215749953139252e-02
1.250000000000000000e-01 2.659080102043631655e-02
1.250000000000000000e-01 3.240080497040498386e-02
2.500000000000000000e-01 6.205750805553611471e-02
3.750000000000000000e-01 9.931190802351697045e-02
1.250000000000000000e-01 2.566387085428001313e-02
5.000000000000000000e-01 2.468141337861808893e-01
7.500000000000000000e-01 4.452245753719563659e-01
1.000000000000000000e+00 6.404560938816605820e-01
1.000000000000000000e+00 4.596521124500050348e-01
2.500000000000000000e-01 7.909513794003641962e-02
1.250000000000000000e-01 2.551857767895748808e-02
2.500000000000000000e-01 9.127303000265651889e-02
2.500000000000000000e-01 6.997260450071873805e-02
2.500000000000000000e-01 7.356166686941234545e-02
2.500000000000000000e-01 9.495140427217840795e-02
1.250000000000000000e-01 2.476826344059102070e-02
1.250000000000000000e-01 2.464214154639954302e-02
2.500000000000000000e-01 6.474457082082274439e-02
1.250000000000000000e-01 2.390942262979933730e-02
1.250000000000000000e-01 4.175695153304737062e-02
1.250000000000000000e-01 2.522714337200770984e-02
2.500000000000000000e-01 6.600932964787631363e-02
1.250000000000000000e-01 2.752062495793516916e-02
2.500000000000000000e-01 1.058428682252365860e-01
2.500000000000000000e-01 6.512741555619783185e-02
1.250000000000000000e-01 3.047447369274536300e-02
3.750000000000000000e-01 1.674097265030907167e-01
1.250000000000000000e-01 2.716407759363903551e-02
2.500000000000000000e-01 6.050716006649992096e-02
3.750000000000000000e-01 1.093469343843755937e-01
1.250000000000000000e-01 3.866338682252479231e-02
1.250000000000000000e-01 3.458393747766219661e-02
3.750000000000000000e-01 8.700889913327536362e-02
2.500000000000000000e-01 6.491745241031221525e-02
2.750000000000000000e+00 2.007867006365597007e+00
2.500000000000000000e-01 1.226175230122210635e-01
1.250000000000000000e-01 2.554771449781334525e-02
2.500000000000000000e-01 5.376234420866676800e-02
3.750000000000000000e-01 1.025216146056520117e-01
5.000000000000000000e-01 1.603406286621202881e-01
1.250000000000000000e-01 5.572839018663433563e-02
5.000000000000000000e-01 1.783248518501769908e-01
2.500000000000000000e-01 6.373855549936457976e-02
2.500000000000000000e-01 6.333002802680542942e-02
1.250000000000000000e-01 2.790138015321197429e-02
1.250000000000000000e-01 3.403595245031176830e-02
1.250000000000000000e-01 3.060375007651483514e-02
1.250000000000000000e-01 2.902063748293581824e-02
1.250000000000000000e-01 2.565954274940374091e-02
3.750000000000000000e-01 1.456147971797703278e-01
2.500000000000000000e-01 1.271108540647380991e-01
1.250000000000000000e-01 3.344606167560115750e-02
2.625000000000000000e+00 1.702953657457325409e+00
5.000000000000000000e-01 1.850833608962716426e-01
2.500000000000000000e-01 8.607689697213860569e-02
3.750000000000000000e-01 1.459626007008791859e-01
3.750000000000000000e-01 1.565782548881582414e-01
6.250000000000000000e-01 1.936285294650077482e-01
2.500000000000000000e-01 7.808982536711583933e-02
3.750000000000000000e-01 1.731711074651118842e-01
2.500000000000000000e-01 8.793915587398037914e-02
2.500000000000000000e-01 7.260008470616785559e-02
2.500000000000000000e-01 7.292685839161805461e-02
3.750000000000000000e-01 1.057804851092019049e-01
2.500000000000000000e-01 5.764374992530196806e-02
3.375000000000000000e+00 3.345905016059336656e+00
2.500000000000000000e-01 1.015389473238035301e-01
1.250000000000000000e+00 6.261086538160740567e-01
2.500000000000000000e-01 1.024363876061440415e-01
1.250000000000000000e-01 2.804625440041519369e-02
2.500000000000000000e-01 6.495661555539156140e-02
2.500000000000000000e-01 1.086884950221969071e-01
1.250000000000000000e-01 2.798318002567601326e-02
1.250000000000000000e-01 2.859770677301964881e-02
1.250000000000000000e-01 3.060488292586382997e-02
1.250000000000000000e-01 4.873459170383753758e-02
1.250000000000000000e-01 2.487265286806605857e-02
1.250000000000000000e-01 2.428036843222880492e-02
5.000000000000000000e-01 1.751765089672745468e-01
1.250000000000000000e-01 2.709775979164996684e-02
1.250000000000000000e-01 2.548618951057957105e-02
2.500000000000000000e-01 7.317947855513828870e-02
1.250000000000000000e-01 3.482848387046866279e-02
1.250000000000000000e-01 3.304888199834499218e-02
1.250000000000000000e-01 3.581324459048573772e-02
3.750000000000000000e-01 1.077397859700295335e-01
3.750000000000000000e-01 1.527111219972026035e-01
1.250000000000000000e-01 2.452113948227996332e-02
2.500000000000000000e-01 8.211644756724023608e-02
1.250000000000000000e-01 4.328441736102472959e-02
2.500000000000000000e-01 5.429126316588384071e-02
1.250000000000000000e-01 2.915495866373341016e-02
2.500000000000000000e-01 6.384523581364032196e-02
1.250000000000000000e-01 2.954913183596019621e-02
2.500000000000000000e-01 5.164398459221963833e-02
3.750000000000000000e-01 1.570324062103267693e-01
5.000000000000000000e-01 1.556727092958860581e-01
1.250000000000000000e-01 3.259188352315867121e-02
2.500000000000000000e-01 5.312250428626708043e-02
2.500000000000000000e-01 7.380442542258425220e-02
2.500000000000000000e-01 9.558069431097582225e-02
2.500000000000000000e-01 9.399016266926274454e-02
1.250000000000000000e-01 3.069060024681213861e-02
3.750000000000000000e-01 9.951167873230026828e-02
2.500000000000000000e-01 7.979848372121178812e-02
3.750000000000000000e-01 1.246630422278496297e-01
2.500000000000000000e-01 1.010532656196252432e-01
1.125000000000000000e+00 1.386398334653881292e+00
2.500000000000000000e-01 1.027759828887662152e-01
3.125000000000000000e+00 2.497047579910812054e+00
3.750000000000000000e-01 1.589785027860375344e-01
5.000000000000000000e-01 2.527050309106848580e-01
3.125000000000000000e+00 1.814791291111639282e+00
2.500000000000000000e-01 6.260507791776648290e-02
3.750000000000000000e-01 1.287948717101117246e-01
1.250000000000000000e-01 4.050922693649150474e-02
3.750000000000000000e-01 1.200881886047988623e-01
2.500000000000000000e-01 7.543524820383673557e-02
1.250000000000000000e-01 3.114596979643247110e-02
2.500000000000000000e-01 8.529965707746400838e-02
2.500000000000000000e-01 6.515628791071215176e-02
1.250000000000000000e-01 2.805332624522893781e-02
3.750000000000000000e-01 1.546953384662752562e-01
2.500000000000000000e-01 7.661674519577621467e-02
1.250000000000000000e-01 3.497604766154793765e-02
1.250000000000000000e-01 4.326315255468227150e-02
3.750000000000000000e-01 1.265485852549903534e-01
1.250000000000000000e-01 2.514430373169762589e-02
2.500000000000000000e-01 5.796432530453632381e-02
2.500000000000000000e-01 9.475522343799092084e-02
2.500000000000000000e-01 6.806623304452807943e-02
2.500000000000000000e-01 7.553768358810497574e-02
3.750000000000000000e-01 1.342713623437981063e-01
1.250000000000000000e-01 3.161775334440175556e-02
1.250000000000000000e-01 2.830057547707598431e-02
2.500000000000000000e-01 5.418777301351385134e-02
1.250000000000000000e-01 3.988312443534969276e-02
3.750000000000000000e-01 1.250264540845384964e-01
1.250000000000000000e-01 2.881427327038643682e-02
1.250000000000000000e-01 3.991315536824879828e-02
1.250000000000000000e-01 3.448627623156941269e-02
3.750000000000000000e-01 9.026105692973107608e-02
5.000000000000000000e-01 1.613403519143066234e-01
3.750000000000000000e-01 1.561917971456918686e-01
1.250000000000000000e-01 2.500759615280356840e-02
1.000000000000000000e+00 5.908130629174674908e-01
5.000000000000000000e-01 2.037310043827686989e-01
2.500000000000000000e-01 7.870152317133616293e-02
2.500000000000000000e-01 8.504251287647157653e-02
1.250000000000000000e-01 2.817733371121411423e-02
3.750000000000000000e-01 1.097967550145568794e-01
3.750000000000000000e-01 1.251741841292286495e-01
1.250000000000000000e-01 3.231376197319502097e-02
3.750000000000000000e-01 1.145817685489260995e-01
2.500000000000000000e-01 5.923303966985571378e-02
2.500000000000000000e-01 5.428898446042618176e-02
2.500000000000000000e-01 1.455205821911027542e-01
2.500000000000000000e-01 7.461958915564359529e-02
1.250000000000000000e-01 2.457216454917254822e-02
2.500000000000000000e-01 6.703795090864739237e-02
2.500000000000000000e-01 5.341381158255487094e-02
2.500000000000000000e-01 6.588734275315744071e-02
3.750000000000000000e-01 1.614922511530263449e-01
2.500000000000000000e-01 5.953431502025186006e-02
1.250000000000000000e-01 3.371046211393835534e-02
1.250000000000000000e-01 2.723157294228517600e-02
1.250000000000000000e-01 3.301206181763749470e-02
2.500000000000000000e-01 7.094913898633059546e-02
3.750000000000000000e-01 1.586032485475952214e-01
2.500000000000000000e-01 5.921089426144465762e-02
2.500000000000000000e-01 1.000009133395121097e-01
2.500000000000000000e-01 7.979297064948553952e-02
2.875000000000000000e+00 3.853237812852369437e+00
2.500000000000000000e-01 8.799723631299594118e-02
2.500000000000000000e-01 5.627172044324524336e-02
5.000000000000000000e-01 2.213647137629752848e-01
1.250000000000000000e-01 4.066729537896884850e-02
3.750000000000000000e-01 1.144422790599470829e-01
1.250000000000000000e-01 3.679476221471578157e-02
5.000000000000000000e-01 1.882234061602710007e-01
3.750000000000000000e-01 1.232757509176289901e-01
1.250000000000000000e-01 2.490408777273867003e-02
2.500000000000000000e-01 8.930587340186679768e-02
2.500000000000000000e-01 6.658629049760245167e-02
1.250000000000000000e-01 2.466484517620992634e-02
2.500000000000000000e-01 8.279937017233596208e-02
2.500000000000000000e-01 8.780048874891122068e-02
1.250000000000000000e-01 2.503468901854422057e-02
2.500000000000000000e-01 9.888906413957565533e-02
1.250000000000000000e-01 4.119477685519834509e-02
2.500000000000000000e-01 7.452630471510879318e-02
3.750000000000000000e-01 1.251653143523174805e-01
2.500000000000000000e-01 6.490879523054937650e-02
2.500000000000000000e-01 6.744738622789281379e-02
1.250000000000000000e-01 2.719977485100510961e-02
5.000000000000000000e-01 1.449971645241405760e-01
2.500000000000000000e-01 1.002826368700233672e-01
2.500000000000000000e-01 6.107666806258205128e-02
2.500000000000000000e-01 6.101338337142259149e-02
2.500000000000000000e-01 9.816439013186872842e-02
1.250000000000000000e-01 3.229987926017052757e-02
2.500000000000000000e-01 5.707861909013978163e-02
2.500000000000000000e-01 7.012828498787815334e-02
1.250000000000000000e-01 2.625186849937577449e-02
1.250000000000000000e-01 3.634985822286207480e-02
1.250000000000000000e-01 3.328822991041313628e-02
2.500000000000000000e-01 5.406376453812633542e-02
2.500000000000000000e-01 9.151441775336266460e-02
2.500000000000000000e-01 8.969719701486411623e-02
2.500000000000000000e-01 6.071792199973913284e-02
2.500000000000000000e-01 5.980250561845057433e-02
1.250000000000000000e-01 2.823895110448848556e-02
1.250000000000000000e-01 2.632079633687478548e-02
2.500000000000000000e-01 6.722249000738855784e-02
3.750000000000000000e-01 1.145053383442364847e-01
2.500000000000000000e-01 6.781633703707523608e-02
2.000000000000000000e+00 1.929051724709811566e+00
3.750000000000000000e-01 9.543326168283705613e-02
2.500000000000000000e-01 6.489631812888774220e-02
1.375000000000000000e+00 9.438039498782027081e-01
2.500000000000000000e-01 5.520324686652511303e-02
3.750000000000000000e-01 2.191237931241083459e-01
2.000000000000000000e+00 1.380185694631469673e+00
2.500000000000000000e-01 8.920507872169824992e-02
1.250000000000000000e-01 4.109894871388419801e-02
1.250000000000000000e-01 2.653645256839443078e-02
1.125000000000000000e+00 5.566269920645527947e-01
3.750000000000000000e-01 2.221012670463178296e-01
8.750000000000000000e-01 6.317117866782289148e-01
6.250000000000000000e-01 2.692559315311489065e-01
2.500000000000000000e-01 7.392772351695686694e-02
3.750000000000000000e-01 9.587501252926378115e-02
1.250000000000000000e-01 4.838066302464749668e-02
6.250000000000000000e-01 2.252743812612081342e-01
2.500000000000000000e-01 6.840501169122381597e-02
2.500000000000000000e-01 8.440521669125011783e-02
1.250000000000000000e-01 3.715832404027663571e-02
2.500000000000000000e-01 7.524733624027879486e-02
2.500000000000000000e-01 6.349561292485184083e-02
6.250000000000000000e-01 2.873934974263647746e-01
3.750000000000000000e-01 1.050913101777002367e-01
1.250000000000000000e-01 2.585410984910119225e-02
1.250000000000000000e-01 2.447662039108111642e-02
1.250000000000000000e-01 2.467208972541268253e-02
2.500000000000000000e-01 7.055887848847497423e-02
2.500000000000000000e-01 9.091068002340030318e-02
3.750000000000000000e-01 1.405201555067590036e-01
2.500000000000000000e-01 9.273678340305302470e-02
2.500000000000000000e-01 8.561910268871475438e-02
2.500000000000000000e-01 6.411486952903722170e-02
1.250000000000000000e-01 2.776755416391551989e-02
2.500000000000000000e-01 6.823703339111908406e-02
2.500000000000000000e-01 4.900220120740428342e-02
2.500000000000000000e-01 5.979908277162238051e-02
3.750000000000000000e-01 1.623961780650438058e-01
3.750000000000000000e-01 1.999736194910735065e-01
1.250000000000000000e-01 2.597290546478969731e-02
1.250000000000000000e-01 3.124822270740335028e-02
1.250000000000000000e-01 3.098911334169685006e-02
3.750000000000000000e-01 1.190137777805695407e-01
6.250000000000000000e-01 2.682620213692841205e-01
1.250000000000000000e+00 6.452280137777233193e-01
2.625000000000000000e+00 2.077802813778098834e+00
2.500000000000000000e-01 1.271952138308201086e-01
1.250000000000000000e-01 2.874378093450724592e-02
1.250000000000000000e+00 7.429136465370733688e-01
1.750000000000000000e+00 1.084046513703139425e+00
3.750000000000000000e-01 2.968114612275716269e-01
3.750000000000000000e-01 1.074016530513994816e-01
1.250000000000000000e-01 3.903551294874230138e-02
1.250000000000000000e-01 2.595225429862768607e-02
2.500000000000000000e-01 1.117090986553939125e-01
2.500000000000000000e-01 1.087767523594038721e-01
3.750000000000000000e-01 9.354665681899110297e-02
2.500000000000000000e-01 8.008067634537319179e-02
2.500000000000000000e-01 8.752262324249970860e-02
3.750000000000000000e-01 1.254531022671483420e-01
3.750000000000000000e-01 1.392570012554235070e-01
1.250000000000000000e-01 3.687563468640142617e-02
1.250000000000000000e-01 3.041582111089446983e-02
2.500000000000000000e-01 1.021562692889665946e-01
3.750000000000000000e-01 9.292867087288758654e-02
1.250000000000000000e-01 2.912667790039202842e-02
2.500000000000000000e-01 6.929792272242085716e-02
1.250000000000000000e-01 3.316835058820011284e-02
3.750000000000000000e-01 1.387128000925996751e-01
2.500000000000000000e-01 8.221556249265793426e-02
5.000000000000000000e-01 2.868408693237092244e-01
2.500000000000000000e-01 1.345651622702748185e-01
3.750000000000000000e-01 1.471017591950465331e-01
5.000000000000000000e-01 2.101996800866103854e-01
5.000000000000000000e-01 1.751925977540902402e-01
1.250000000000000000e+00 9.586877703887091151e-01
2.500000000000000000e-01 5.816357226124235780e-02
2.500000000000000000e-01 1.677664833479917128e-01
2.500000000000000000e-01 9.210353491325662389e-02
6.250000000000000000e-01 2.535509743065813559e-01
5.000000000000000000e-01 2.230363752370383423e-01
2.500000000000000000e-01 7.337164705532428499e-02
3.750000000000000000e-01 1.225783048278163978e-01
2.500000000000000000e-01 6.653530905985749477e-02
1.250000000000000000e-01 2.945886479049741880e-02
2.500000000000000000e-01 1.040623914093177227e-01
3.750000000000000000e-01 1.099727967903136872e-01
1.250000000000000000e-01 3.008756253015487658e-02
1.250000000000000000e-01 3.982186241494023449e-02
1.250000000000000000e-01 2.419299129673868620e-02
2.500000000000000000e-01 5.248604778461496423e-02
1.250000000000000000e-01 2.979780738977000354e-02
1.250000000000000000e-01 3.090751390051993397e-02
1.250000000000000000e-01 2.944713324471104343e-02
1.250000000000000000e-01 2.727236512249531231e-02
6.250000000000000000e-01 2.636653143919414077e-01
2.500000000000000000e-01 5.518261485252651255e-02
3.750000000000000000e-01 1.112037734672184364e-01
2.500000000000000000e-01 1.231266760895786128e-01
3.750000000000000000e-01 1.198978094209852685e-01
1.250000000000000000e-01 3.037500283100325049e-02
3.750000000000000000e-01 1.216415310627936286e-01
2.500000000000000000e-01 6.652113905611933831e-02
2.500000000000000000e-01 5.889672892745823063e-02
6.250000000000000000e-01 3.449555796659717899e-01
6.250000000000000000e-01 3.952936497210783884e-01
2.500000000000000000e-01 1.192777617927895939e-01
1.250000000000000000e-01 4.160690917919129816e-02
2.500000000000000000e-01 6.625116953382326201e-02
2.500000000000000000e-01 8.286336007086214650e-02
3.750000000000000000e-01 1.077590230806446669e-01
3.750000000000000000e-01 1.559456949948399007e-01
2.500000000000000000e-01 6.940888602332417889e-02
3.750000000000000000e-01 1.368581332192375655e-01
2.500000000000000000e-01 1.517946018666198604e-01
3.750000000000000000e-01 9.476415595902532019e-02
1.250000000000000000e-01 3.495806668163270459e-02
1.250000000000000000e-01 2.929456028518284683e-02
1.250000000000000000e-01 2.398940670509253081e-02
3.750000000000000000e-01 8.683382802761352437e-02
2.500000000000000000e-01 6.999662312425503075e-02
1.250000000000000000e-01 2.494846874618028565e-02
3.750000000000000000e-01 1.736452075393852823e-01
1.250000000000000000e-01 2.547789934224864439e-02
1.250000000000000000e-01 2.793147201906531762e-02
2.500000000000000000e-01 7.502754137655109901e-02
1.250000000000000000e-01 3.202559576635355398e-02
3.750000000000000000e-01 8.886948436742780899e-02
2.500000000000000000e-01 8.106156955164145472e-02
3.750000000000000000e-01 1.590794148243253048e-01
1.250000000000000000e-01 3.074408305664588781e-02
1.250000000000000000e+00 6.482086651904617192e-01
3.750000000000000000e-01 9.367502004786620873e-02
5.000000000000000000e-01 2.303687872229205347e-01
2.500000000000000000e-01 8.736418106136634165e-02
5.000000000000000000e-01 1.893519274654571483e-01
2.500000000000000000e-01 1.001896480569710590e-01
2.500000000000000000e-01 1.304781844641236255e-01
1.250000000000000000e-01 2.802019342142303415e-02
2.500000000000000000e-01 8.759078150524368667e-02
1.000000000000000000e+00 3.296687571263534622e-01
6.250000000000000000e-01 2.391910919678754688e-01
3.750000000000000000e-01 1.483282437285282640e-01
2.500000000000000000e-01 5.471462006549421275e-02
2.500000000000000000e-01 1.036919415544805823e-01
3.750000000000000000e-01 2.021861616399136530e-01
2.500000000000000000e-01 6.422132487191678507e-02
6.250000000000000000e-01 2.185558081513181428e-01
2.500000000000000000e-01 6.307938529697532104e-02
5.000000000000000000e-01 1.954056051736587918e-01
2.500000000000000000e-01 8.429526906762285776e-02
3.750000000000000000e-01 1.748378345950105661e-01
3.750000000000000000e-01 1.665926665275456742e-01
2.500000000000000000e-01 8.019865893696298542e-02
1.250000000000000000e-01 5.489621355262963576e-02
3.750000000000000000e-01 1.694509732065099250e-01
2.500000000000000000e-01 9.312817106380277821e-02
2.500000000000000000e-01 1.007799634079300510e-01
2.500000000000000000e-01 6.844017725698758881e-02
2.500000000000000000e-01 7.126760516088870290e-02
1.250000000000000000e-01 2.478755047029235214e-02
3.750000000000000000e-01 1.802076308310085473e-01
3.750000000000000000e-01 1.805885253504917465e-01
3.250000000000000000e+00 4.248310992241192352e+00
5.000000000000000000e-01 3.155384919588049009e-01
2.500000000000000000e-01 5.877793581275403412e-02
2.500000000000000000e-01 8.036029652099885290e-02
1.250000000000000000e-01 2.909804336104748756e-02
2.500000000000000000e-01 8.011203107870490392e-02
2.500000000000000000e-01 1.122679083577364789e-01
2.500000000000000000e-01 6.282025344356267915e-02
1.250000000000000000e-01 2.637510343560123260e-02
1.250000000000000000e-01 2.941713823509362058e-02
1.250000000000000000e-01 2.668250583174991419e-02
1.250000000000000000e-01 4.172929351692111766e-02
1.250000000000000000e-01 2.829585190228378622e-02
2.500000000000000000e-01 7.425236640215748807e-02
1.250000000000000000e-01 2.811193599135508592e-02
2.500000000000000000e-01 5.410621945823335111e-02
2.500000000000000000e-01 6.704515784060971484e-02
1.250000000000000000e-01 2.715959893678343562e-02
1.250000000000000000e-01 4.295545586032156749e-02
1.250000000000000000e-01 3.321602740595430703e-02
1.250000000000000000e-01 3.268689087257525827e-02
2.500000000000000000e-01 1.227422609246255902e-01
3.750000000000000000e-01 1.092678460459075573e-01
2.500000000000000000e-01 6.714637449017457627e-02
2.500000000000000000e-01 7.808669863822759183e-02
1.250000000000000000e-01 3.119639744161384343e-02
2.500000000000000000e-01 7.072529896460943988e-02
2.500000000000000000e-01 1.095600950823851782e-01
1.250000000000000000e-01 2.411176168902384731e-02
